0 0.9667338709677419 0.14818548387096775 0.06653225806451613 0.1028225806451613
0 0.9667338709677419 0.3860887096774194 0.06653225806451613 0.1028225806451613
0 0.9667338709677419 0.5292338709677419 0.06653225806451613 0.08266129032258064
0 0.9667338709677419 0.6743951612903226 0.06653225806451613 0.1028225806451613
2 0.5866935483870968 0.561491935483871 0.1028225806451613 0.5685483870967742
2 0.3487903225806452 0.592741935483871 0.1028225806451613 0.6189516129032258
2 0.4838709677419355 0.5514112903225806 0.05241935483870968 0.08266129032258064
2 0.4838709677419355 0.7580645161290323 0.05241935483870968 0.08266129032258064
2 0.16330645161290322 0.07661290322580645 0.1028225806451613 0.1028225806451613
4 0.24596774193548387 0.5715725806451613 0.05241935483870968 0.08266129032258064
4 0.24596774193548387 0.7883064516129032 0.05241935483870968 0.08266129032258064
4 0.1431451612903226 0.6854838709677419 0.05241935483870968 0.08266129032258064
1 0.7207661290322581 0.4375 0.05241935483870968 0.08266129032258064
5 0.876008064516129 0.6542338709677419 0.04032258064516129 0.0625
5 0.8235887096774194 0.6542338709677419 0.05241935483870968 0.0625
5 0.7207661290322581 0.3346774193548387 0.05241935483870968 0.08266129032258064
5 0.7207661290322581 0.6653225806451613 0.05241935483870968 0.08266129032258064
5 0.029233870967741934 0.4173387096774194 0.05241935483870968 0.08266129032258064
3 0.9173387096774194 0.6542338709677419 0.04032258064516129 0.020161290322580645
3 0.8497983870967742 0.6542338709677419 0.020161290322580645 0.020161290322580645
3 0.7721774193548387 0.6542338709677419 0.0625 0.020161290322580645
3 0.6592741935483871 0.6542338709677419 0.0625 0.020161290322580645
3 0.5241935483870968 0.8709677419354839 0.31048387096774194 0.020161290322580645
3 0.844758064516129 0.4375 0.18548387096774194 0.020161290322580645
3 0.6592741935483871 0.4375 0.0625 0.020161290322580645
3 0.5241935483870968 0.4375 0.28830645161290325 0.020161290322580645
3 0.6592741935483871 0.3346774193548387 0.0625 0.020161290322580645
3 0.844758064516129 0.3346774193548387 0.18548387096774194 0.020161290322580645
3 0.5241935483870968 0.5514112903225806 0.04032258064516129 0.020161290322580645
3 0.4213709677419355 0.5514112903225806 0.04032258064516129 0.020161290322580645
3 0.5241935483870968 0.7580645161290323 0.04032258064516129 0.020161290322580645
3 0.4213709677419355 0.7580645161290323 0.04032258064516129 0.020161290322580645
3 0.2872983870967742 0.7883064516129032 0.04032258064516129 0.020161290322580645
3 0.24596774193548387 0.6854838709677419 0.010080645161290322 0.15524193548387097
3 0.24596774193548387 0.8709677419354839 0.18548387096774194 0.020161290322580645
3 0.1431451612903226 0.5715725806451613 0.18548387096774194 0.020161290322580645
3 0.4012096774193548 0.2006048387096774 0.020161290322580645 0.2056451612903226
3 0.16330645161290322 0.3034274193548387 0.020161290322580645 0.31048387096774194
3 0.13205645161290322 0.40725806451612906 0.020161290322580645 0.41330645161290325
6 0.4939516129032258 0.5 0.8145161290322581 0.969758064516129
6 0.4939516129032258 0.5715725806451613 0.8044354838709677 0.8568548387096774
6 0.23588709677419356 0.07661290322580645 0.25806451612903225 0.12298387096774194
6 0.4939516129032258 0.5826612903225806 0.6189516129032258 0.8044354838709677
6 0.4838709677419355 0.4375 0.5685483870967742 0.4637096774193548
6 0.4838709677419355 0.9122983870967742 0.5685483870967742 0.12298387096774194
6 0.7207661290322581 0.592741935483871 0.09274193548387097 0.6713709677419355
6 0.4526209677419355 0.592741935483871 0.5262096774193549 0.6713709677419355
6 0.03528225806451613 0.2620967741935484 0.07056451612903226 0.2056451612903226
6 0.24596774193548387 0.6129032258064516 0.1028225806451613 0.5685483870967742
6 0.4838709677419355 0.6129032258064516 0.08266129032258064 0.41330645161290325