0 0.9632936507936508 0.15178571428571427 0.07341269841269842 0.10119047619047619
0 0.9632936507936508 0.38591269841269843 0.07341269841269842 0.10119047619047619
0 0.9632936507936508 0.5267857142857143 0.07341269841269842 0.08134920634920635
0 0.9632936507936508 0.6696428571428571 0.07341269841269842 0.10119047619047619
2 0.5853174603174603 0.558531746031746 0.10119047619047619 0.5595238095238095
2 0.35119047619047616 0.5892857142857143 0.10119047619047619 0.6091269841269841
2 0.48412698412698413 0.5486111111111112 0.051587301587301584 0.08134920634920635
2 0.48412698412698413 0.751984126984127 0.051587301587301584 0.08134920634920635
2 0.16865079365079366 0.08134920634920635 0.10119047619047619 0.10119047619047619
4 0.25 0.5684523809523809 0.051587301587301584 0.08134920634920635
4 0.25 0.7817460317460317 0.051587301587301584 0.08134920634920635
4 0.1488095238095238 0.6805555555555556 0.051587301587301584 0.08134920634920635
1 0.7172619047619048 0.4365079365079365 0.051587301587301584 0.08134920634920635
5 0.8700396825396826 0.6498015873015873 0.03968253968253968 0.061507936507936505
5 0.8184523809523809 0.6498015873015873 0.051587301587301584 0.061507936507936505
5 0.7172619047619048 0.3353174603174603 0.051587301587301584 0.08134920634920635
5 0.7172619047619048 0.6607142857142857 0.051587301587301584 0.08134920634920635
5 0.03670634920634921 0.4166666666666667 0.051587301587301584 0.08134920634920635
3 0.9107142857142857 0.6498015873015873 0.03968253968253968 0.01984126984126984
3 0.8442460317460317 0.6498015873015873 0.01984126984126984 0.01984126984126984
3 0.7678571428571429 0.6498015873015873 0.061507936507936505 0.01984126984126984
3 0.6567460317460317 0.6498015873015873 0.061507936507936505 0.01984126984126984
3 0.5238095238095238 0.8630952380952381 0.3055555555555556 0.01984126984126984
3 0.8392857142857143 0.4365079365079365 0.18253968253968253 0.01984126984126984
3 0.6567460317460317 0.4365079365079365 0.061507936507936505 0.01984126984126984
3 0.5238095238095238 0.4365079365079365 0.2837301587301587 0.01984126984126984
3 0.6567460317460317 0.3353174603174603 0.061507936507936505 0.01984126984126984
3 0.8392857142857143 0.3353174603174603 0.18253968253968253 0.01984126984126984
3 0.5238095238095238 0.5486111111111112 0.03968253968253968 0.01984126984126984
3 0.4226190476190476 0.5486111111111112 0.03968253968253968 0.01984126984126984
3 0.5238095238095238 0.751984126984127 0.03968253968253968 0.01984126984126984
3 0.4226190476190476 0.751984126984127 0.03968253968253968 0.01984126984126984
3 0.2906746031746032 0.7817460317460317 0.03968253968253968 0.01984126984126984
3 0.25 0.6805555555555556 0.00992063492063492 0.1527777777777778
3 0.25 0.8630952380952381 0.18253968253968253 0.01984126984126984
3 0.1488095238095238 0.5684523809523809 0.18253968253968253 0.01984126984126984
3 0.4027777777777778 0.20337301587301587 0.01984126984126984 0.20238095238095238
3 0.16865079365079366 0.30456349206349204 0.01984126984126984 0.3055555555555556
3 0.1378968253968254 0.40674603174603174 0.01984126984126984 0.40674603174603174
6 0.49404761904761907 0.498015873015873 0.8015873015873016 0.9543650793650794
6 0.49404761904761907 0.5684523809523809 0.7916666666666666 0.8432539682539683
6 0.2400793650793651 0.08134920634920635 0.25396825396825395 0.12103174603174603
6 0.49404761904761907 0.5793650793650794 0.6091269841269841 0.7916666666666666
6 0.48412698412698413 0.4365079365079365 0.5595238095238095 0.45634920634920634
6 0.48412698412698413 0.9037698412698413 0.5595238095238095 0.12103174603174603
6 0.7172619047619048 0.5892857142857143 0.09126984126984126 0.6607142857142857
6 0.45337301587301587 0.5892857142857143 0.5178571428571429 0.6607142857142857
6 0.03869047619047619 0.2638888888888889 0.07738095238095238 0.20238095238095238
6 0.25 0.6091269841269841 0.10119047619047619 0.5595238095238095
6 0.48412698412698413 0.6091269841269841 0.08134920634920635 0.40674603174603174