0 0.013541666666666667 0.13020833333333334 0.027083333333333334 0.10625
0 0.013541666666666667 0.37604166666666666 0.027083333333333334 0.10625
0 0.013541666666666667 0.5239583333333333 0.027083333333333334 0.08541666666666667
0 0.013541666666666667 0.6739583333333333 0.027083333333333334 0.10625
2 0.3854166666666667 0.5572916666666666 0.10625 0.5875
2 0.63125 0.5895833333333333 0.10625 0.6395833333333333
2 0.49166666666666664 0.546875 0.05416666666666667 0.08541666666666667
2 0.49166666666666664 0.7604166666666666 0.05416666666666667 0.08541666666666667
2 0.8229166666666666 0.05625 0.10625 0.10625
4 0.7375 0.5677083333333334 0.05416666666666667 0.08541666666666667
4 0.7375 0.7916666666666666 0.05416666666666667 0.08541666666666667
4 0.84375 0.6854166666666667 0.05416666666666667 0.08541666666666667
1 0.246875 0.42916666666666664 0.05416666666666667 0.08541666666666667
5 0.08645833333333333 0.653125 0.041666666666666664 0.06458333333333334
5 0.140625 0.653125 0.05416666666666667 0.06458333333333334
5 0.246875 0.3229166666666667 0.05416666666666667 0.08541666666666667
5 0.246875 0.6645833333333333 0.05416666666666667 0.08541666666666667
5 0.9614583333333333 0.4083333333333333 0.05416666666666667 0.08541666666666667
3 0.04375 0.653125 0.041666666666666664 0.020833333333333332
3 0.11354166666666667 0.653125 0.020833333333333332 0.020833333333333332
3 0.19375 0.653125 0.06458333333333334 0.020833333333333332
3 0.3104166666666667 0.653125 0.06458333333333334 0.020833333333333332
3 0.45 0.8770833333333333 0.32083333333333336 0.020833333333333332
3 0.11875 0.42916666666666664 0.19166666666666668 0.020833333333333332
3 0.3104166666666667 0.42916666666666664 0.06458333333333334 0.020833333333333332
3 0.45 0.42916666666666664 0.29791666666666666 0.020833333333333332
3 0.3104166666666667 0.3229166666666667 0.06458333333333334 0.020833333333333332
3 0.11875 0.3229166666666667 0.19166666666666668 0.020833333333333332
3 0.45 0.546875 0.041666666666666664 0.020833333333333332
3 0.55625 0.546875 0.041666666666666664 0.020833333333333332
3 0.45 0.7604166666666666 0.041666666666666664 0.020833333333333332
3 0.55625 0.7604166666666666 0.041666666666666664 0.020833333333333332
3 0.6947916666666667 0.7916666666666666 0.041666666666666664 0.020833333333333332
3 0.7375 0.6854166666666667 0.010416666666666666 0.16041666666666668
3 0.7375 0.8770833333333333 0.19166666666666668 0.020833333333333332
3 0.84375 0.5677083333333334 0.19166666666666668 0.020833333333333332
3 0.5770833333333333 0.184375 0.020833333333333332 0.2125
3 0.8229166666666666 0.290625 0.020833333333333332 0.32083333333333336
3 0.8552083333333333 0.39791666666666664 0.020833333333333332 0.4270833333333333
6 0.48125 0.496875 0.8416666666666667 0.99375
6 0.48020833333333335 0.5625 0.83125 0.875
6 0.7479166666666667 0.059375 0.26666666666666666 0.11875
6 0.48125 0.5791666666666667 0.6395833333333333 0.83125
6 0.49166666666666664 0.42916666666666664 0.5875 0.4791666666666667
6 0.49166666666666664 0.9197916666666667 0.5875 0.12708333333333333
6 0.246875 0.5895833333333333 0.09583333333333334 0.69375
6 0.5239583333333333 0.5895833333333333 0.54375 0.69375
6 0.959375 0.24791666666666667 0.08125 0.2125
6 0.7375 0.6104166666666667 0.10625 0.5875
6 0.49166666666666664 0.6104166666666667 0.08541666666666667 0.4270833333333333