0 0.862603305785124 0.028925619834710745 0.10537190082644628 0.05785123966942149
0 0.618801652892562 0.028925619834710745 0.10537190082644628 0.05785123966942149
0 0.47210743801652894 0.028925619834710745 0.08471074380165289 0.05785123966942149
0 0.32334710743801653 0.028925619834710745 0.10537190082644628 0.05785123966942149
2 0.4390495867768595 0.4132231404958678 0.5826446280991735 0.10537190082644628
2 0.40702479338842973 0.6570247933884298 0.6342975206611571 0.10537190082644628
2 0.4493801652892562 0.518595041322314 0.08471074380165289 0.05371900826446281
2 0.23760330578512398 0.518595041322314 0.08471074380165289 0.05371900826446281
2 0.9359504132231405 0.8471074380165289 0.10537190082644628 0.10537190082644628
4 0.4287190082644628 0.762396694214876 0.08471074380165289 0.05371900826446281
4 0.2066115702479339 0.762396694214876 0.08471074380165289 0.05371900826446281
4 0.3119834710743802 0.8677685950413223 0.08471074380165289 0.05371900826446281
1 0.5661157024793388 0.27582644628099173 0.08471074380165289 0.05371900826446281
5 0.3440082644628099 0.11673553719008264 0.0640495867768595 0.04132231404958678
5 0.3440082644628099 0.17045454545454544 0.0640495867768595 0.05371900826446281
5 0.6714876033057852 0.27582644628099173 0.08471074380165289 0.05371900826446281
5 0.33264462809917356 0.27582644628099173 0.08471074380165289 0.05371900826446281
5 0.5878099173553719 0.9783057851239669 0.08471074380165289 0.04338842975206612
3 0.3440082644628099 0.0743801652892562 0.02066115702479339 0.04132231404958678
3 0.3440082644628099 0.14359504132231404 0.02066115702479339 0.02066115702479339
3 0.3440082644628099 0.2231404958677686 0.02066115702479339 0.0640495867768595
3 0.3440082644628099 0.33884297520661155 0.02066115702479339 0.0640495867768595
3 0.12190082644628099 0.4772727272727273 0.02066115702479339 0.3181818181818182
3 0.5661157024793388 0.1487603305785124 0.02066115702479339 0.19008264462809918
3 0.5661157024793388 0.33884297520661155 0.02066115702479339 0.0640495867768595
3 0.5661157024793388 0.4772727272727273 0.02066115702479339 0.29545454545454547
3 0.6714876033057852 0.33884297520661155 0.02066115702479339 0.0640495867768595
3 0.6714876033057852 0.1487603305785124 0.02066115702479339 0.19008264462809918
3 0.4493801652892562 0.4772727272727273 0.02066115702479339 0.04132231404958678
3 0.4493801652892562 0.5826446280991735 0.02066115702479339 0.04132231404958678
3 0.23760330578512398 0.4772727272727273 0.02066115702479339 0.04132231404958678
3 0.23760330578512398 0.5826446280991735 0.02066115702479339 0.04132231404958678
3 0.2066115702479339 0.7200413223140496 0.02066115702479339 0.04132231404958678
3 0.3119834710743802 0.762396694214876 0.1590909090909091 0.010330578512396695
3 0.12190082644628099 0.762396694214876 0.02066115702479339 0.19008264462809918
3 0.4287190082644628 0.8677685950413223 0.02066115702479339 0.19008264462809918
3 0.8088842975206612 0.6033057851239669 0.21074380165289255 0.02066115702479339
3 0.7035123966942148 0.8471074380165289 0.3181818181818182 0.02066115702479339
3 0.5971074380165289 0.8791322314049587 0.42355371900826444 0.02066115702479339
6 0.5020661157024794 0.5082644628099173 0.993801652892562 0.8347107438016529
6 0.43388429752066116 0.5072314049586777 0.8677685950413223 0.8243801652892562
6 0.9359504132231405 0.7727272727272727 0.12603305785123967 0.2644628099173554
6 0.41735537190082644 0.5082644628099173 0.8243801652892562 0.6342975206611571
6 0.5661157024793388 0.518595041322314 0.47520661157024796 0.5826446280991735
6 0.07954545454545454 0.518595041322314 0.12603305785123967 0.5826446280991735
6 0.40702479338842973 0.27582644628099173 0.6880165289256198 0.09504132231404959
6 0.40702479338842973 0.5506198347107438 0.6880165289256198 0.5392561983471075
6 0.7458677685950413 0.9710743801652892 0.21074380165289255 0.05785123966942149
6 0.38636363636363635 0.762396694214876 0.5826446280991735 0.10537190082644628
6 0.38636363636363635 0.518595041322314 0.42355371900826444 0.08471074380165289