0 0.13831967213114754 0.02459016393442623 0.10450819672131148 0.04918032786885246
0 0.3801229508196721 0.02459016393442623 0.10450819672131148 0.04918032786885246
0 0.5256147540983607 0.02459016393442623 0.08401639344262295 0.04918032786885246
0 0.673155737704918 0.02459016393442623 0.10450819672131148 0.04918032786885246
2 0.5584016393442623 0.4016393442622951 0.5778688524590164 0.10450819672131148
2 0.5901639344262295 0.6434426229508197 0.6290983606557377 0.10450819672131148
2 0.548155737704918 0.5061475409836066 0.08401639344262295 0.05327868852459016
2 0.7581967213114754 0.5061475409836066 0.08401639344262295 0.05327868852459016
2 0.06557377049180328 0.8319672131147541 0.10450819672131148 0.10450819672131148
4 0.5686475409836066 0.7479508196721312 0.08401639344262295 0.05327868852459016
4 0.7889344262295082 0.7479508196721312 0.08401639344262295 0.05327868852459016
4 0.6844262295081968 0.8524590163934426 0.08401639344262295 0.05327868852459016
1 0.4323770491803279 0.26536885245901637 0.08401639344262295 0.05327868852459016
5 0.6526639344262295 0.10758196721311475 0.06352459016393443 0.040983606557377046
5 0.6526639344262295 0.16086065573770492 0.06352459016393443 0.05327868852459016
5 0.32786885245901637 0.26536885245901637 0.08401639344262295 0.05327868852459016
5 0.6639344262295082 0.26536885245901637 0.08401639344262295 0.05327868852459016
5 0.41188524590163933 0.9682377049180327 0.08401639344262295 0.05327868852459016
3 0.6526639344262295 0.06557377049180328 0.020491803278688523 0.040983606557377046
3 0.6526639344262295 0.13422131147540983 0.020491803278688523 0.020491803278688523
3 0.6526639344262295 0.21311475409836064 0.020491803278688523 0.06352459016393443
3 0.6526639344262295 0.32786885245901637 0.020491803278688523 0.06352459016393443
3 0.8729508196721312 0.4651639344262295 0.020491803278688523 0.3155737704918033
3 0.4323770491803279 0.13934426229508196 0.020491803278688523 0.1885245901639344
3 0.4323770491803279 0.32786885245901637 0.020491803278688523 0.06352459016393443
3 0.4323770491803279 0.4651639344262295 0.020491803278688523 0.2930327868852459
3 0.32786885245901637 0.32786885245901637 0.020491803278688523 0.06352459016393443
3 0.32786885245901637 0.13934426229508196 0.020491803278688523 0.1885245901639344
3 0.548155737704918 0.4651639344262295 0.020491803278688523 0.040983606557377046
3 0.548155737704918 0.569672131147541 0.020491803278688523 0.040983606557377046
3 0.7581967213114754 0.4651639344262295 0.020491803278688523 0.040983606557377046
3 0.7581967213114754 0.569672131147541 0.020491803278688523 0.040983606557377046
3 0.7889344262295082 0.7059426229508197 0.020491803278688523 0.040983606557377046
3 0.6844262295081968 0.7479508196721312 0.15778688524590165 0.010245901639344262
3 0.8729508196721312 0.7479508196721312 0.020491803278688523 0.1885245901639344
3 0.5686475409836066 0.8524590163934426 0.020491803278688523 0.1885245901639344
3 0.1915983606557377 0.5901639344262295 0.20901639344262296 0.020491803278688523
3 0.29610655737704916 0.8319672131147541 0.3155737704918033 0.020491803278688523
3 0.4016393442622951 0.8637295081967213 0.42008196721311475 0.020491803278688523
6 0.4959016393442623 0.4959016393442623 0.985655737704918 0.8278688524590164
6 0.5665983606557377 0.4948770491803279 0.8668032786885246 0.8176229508196722
6 0.06557377049180328 0.7581967213114754 0.125 0.26229508196721313
6 0.5799180327868853 0.4959016393442623 0.8176229508196722 0.6290983606557377
6 0.4323770491803279 0.5061475409836066 0.4713114754098361 0.5778688524590164
6 0.9149590163934426 0.5061475409836066 0.125 0.5778688524590164
6 0.5901639344262295 0.26536885245901637 0.6823770491803278 0.0942622950819672
6 0.5901639344262295 0.5379098360655737 0.6823770491803278 0.5348360655737705
6 0.2540983606557377 0.9631147540983607 0.20901639344262296 0.07377049180327869
6 0.610655737704918 0.7479508196721312 0.5778688524590164 0.10450819672131148
6 0.610655737704918 0.5061475409836066 0.42008196721311475 0.08401639344262295