0 0.040160642570281124 0.14357429718875503 0.08032128514056225 0.10240963855421686
0 0.040160642570281124 0.38052208835341367 0.08032128514056225 0.10240963855421686
0 0.040160642570281124 0.5230923694779116 0.08032128514056225 0.0823293172690763
0 0.040160642570281124 0.6676706827309237 0.08032128514056225 0.10240963855421686
2 0.42570281124497994 0.5552208835341366 0.10240963855421686 0.5662650602409639
2 0.6626506024096386 0.5863453815261044 0.10240963855421686 0.6164658634538153
2 0.5281124497991968 0.5451807228915663 0.05220883534136546 0.0823293172690763
2 0.5281124497991968 0.751004016064257 0.05220883534136546 0.0823293172690763
2 0.8473895582329317 0.07228915662650602 0.10240963855421686 0.10240963855421686
4 0.7650602409638554 0.5652610441767069 0.05220883534136546 0.0823293172690763
4 0.7650602409638554 0.7811244979919679 0.05220883534136546 0.0823293172690763
4 0.8674698795180723 0.678714859437751 0.05220883534136546 0.0823293172690763
1 0.2921686746987952 0.43172690763052207 0.05220883534136546 0.0823293172690763
5 0.13755020080321284 0.6475903614457831 0.040160642570281124 0.06224899598393574
5 0.1897590361445783 0.6475903614457831 0.05220883534136546 0.06224899598393574
5 0.2921686746987952 0.3293172690763052 0.05220883534136546 0.0823293172690763
5 0.2921686746987952 0.6586345381526104 0.05220883534136546 0.0823293172690763
5 0.9769076305220884 0.4106425702811245 0.04618473895582329 0.0823293172690763
3 0.0963855421686747 0.6475903614457831 0.040160642570281124 0.020080321285140562
3 0.1636546184738956 0.6475903614457831 0.020080321285140562 0.020080321285140562
3 0.24096385542168675 0.6475903614457831 0.06224899598393574 0.020080321285140562
3 0.3534136546184739 0.6475903614457831 0.06224899598393574 0.020080321285140562
3 0.4879518072289157 0.8634538152610441 0.3092369477911647 0.020080321285140562
3 0.1686746987951807 0.43172690763052207 0.18473895582329317 0.020080321285140562
3 0.3534136546184739 0.43172690763052207 0.06224899598393574 0.020080321285140562
3 0.4879518072289157 0.43172690763052207 0.28714859437751006 0.020080321285140562
3 0.3534136546184739 0.3293172690763052 0.06224899598393574 0.020080321285140562
3 0.1686746987951807 0.3293172690763052 0.18473895582329317 0.020080321285140562
3 0.4879518072289157 0.5451807228915663 0.040160642570281124 0.020080321285140562
3 0.5903614457831325 0.5451807228915663 0.040160642570281124 0.020080321285140562
3 0.4879518072289157 0.751004016064257 0.040160642570281124 0.020080321285140562
3 0.5903614457831325 0.751004016064257 0.040160642570281124 0.020080321285140562
3 0.7238955823293173 0.7811244979919679 0.040160642570281124 0.020080321285140562
3 0.7650602409638554 0.678714859437751 0.010040160642570281 0.15461847389558234
3 0.7650602409638554 0.8634538152610441 0.18473895582329317 0.020080321285140562
3 0.8674698795180723 0.5652610441767069 0.18473895582329317 0.020080321285140562
3 0.6104417670682731 0.19578313253012047 0.020080321285140562 0.20481927710843373
3 0.8473895582329317 0.29819277108433734 0.020080321285140562 0.3092369477911647
3 0.8785140562248996 0.40160642570281124 0.020080321285140562 0.41164658634538154
6 0.5180722891566265 0.4939759036144578 0.8112449799196787 0.9658634538152611
6 0.5180722891566265 0.5652610441767069 0.8012048192771084 0.8534136546184738
6 0.7751004016064257 0.07228915662650602 0.2570281124497992 0.12248995983935743
6 0.5180722891566265 0.5763052208835341 0.6164658634538153 0.8012048192771084
6 0.5281124497991968 0.43172690763052207 0.5662650602409639 0.46184738955823296
6 0.5281124497991968 0.9046184738955824 0.5662650602409639 0.12248995983935743
6 0.2921686746987952 0.5863453815261044 0.09236947791164658 0.6686746987951807
6 0.5592369477911646 0.5863453815261044 0.5240963855421686 0.6686746987951807
6 0.9698795180722891 0.2570281124497992 0.060240963855421686 0.20481927710843373
6 0.7650602409638554 0.606425702811245 0.10240963855421686 0.5662650602409639
6 0.5281124497991968 0.606425702811245 0.0823293172690763 0.41164658634538154