0 0.955078125 0.150390625 0.080078125 0.099609375
0 0.955078125 0.3798828125 0.080078125 0.099609375
0 0.955078125 0.51953125 0.080078125 0.080078125
0 0.955078125 0.66015625 0.080078125 0.099609375
2 0.580078125 0.5498046875 0.099609375 0.55078125
2 0.349609375 0.580078125 0.099609375 0.599609375
2 0.48046875 0.5400390625 0.05078125 0.080078125
2 0.48046875 0.740234375 0.05078125 0.080078125
2 0.169921875 0.080078125 0.099609375 0.099609375
4 0.25 0.5595703125 0.05078125 0.080078125
4 0.25 0.76953125 0.05078125 0.080078125
4 0.150390625 0.669921875 0.05078125 0.080078125
1 0.7099609375 0.4296875 0.05078125 0.080078125
5 0.8603515625 0.6396484375 0.0390625 0.060546875
5 0.8095703125 0.6396484375 0.05078125 0.060546875
5 0.7099609375 0.330078125 0.05078125 0.080078125
5 0.7099609375 0.650390625 0.05078125 0.080078125
5 0.0400390625 0.41015625 0.05078125 0.080078125
3 0.900390625 0.6396484375 0.0390625 0.01953125
3 0.8349609375 0.6396484375 0.01953125 0.01953125
3 0.759765625 0.6396484375 0.060546875 0.01953125
3 0.650390625 0.6396484375 0.060546875 0.01953125
3 0.51953125 0.849609375 0.30078125 0.01953125
3 0.830078125 0.4296875 0.1796875 0.01953125
3 0.650390625 0.4296875 0.060546875 0.01953125
3 0.51953125 0.4296875 0.279296875 0.01953125
3 0.650390625 0.330078125 0.060546875 0.01953125
3 0.830078125 0.330078125 0.1796875 0.01953125
3 0.51953125 0.5400390625 0.0390625 0.01953125
3 0.419921875 0.5400390625 0.0390625 0.01953125
3 0.51953125 0.740234375 0.0390625 0.01953125
3 0.419921875 0.740234375 0.0390625 0.01953125
3 0.2900390625 0.76953125 0.0390625 0.01953125
3 0.25 0.669921875 0.009765625 0.150390625
3 0.25 0.849609375 0.1796875 0.01953125
3 0.150390625 0.5595703125 0.1796875 0.01953125
3 0.400390625 0.2001953125 0.01953125 0.19921875
3 0.169921875 0.2998046875 0.01953125 0.30078125
3 0.1396484375 0.400390625 0.01953125 0.400390625
6 0.490234375 0.490234375 0.7890625 0.939453125
6 0.490234375 0.5595703125 0.779296875 0.830078125
6 0.240234375 0.080078125 0.25 0.119140625
6 0.490234375 0.5703125 0.599609375 0.779296875
6 0.48046875 0.4296875 0.55078125 0.44921875
6 0.48046875 0.8896484375 0.55078125 0.119140625
6 0.7099609375 0.580078125 0.08984375 0.650390625
6 0.4501953125 0.580078125 0.509765625 0.650390625
6 0.0400390625 0.259765625 0.080078125 0.19921875
6 0.25 0.599609375 0.099609375 0.55078125
6 0.48046875 0.599609375 0.080078125 0.400390625