0 0.8488142292490118 0.037549407114624504 0.1007905138339921 0.07509881422924901
0 0.6156126482213439 0.037549407114624504 0.1007905138339921 0.07509881422924901
0 0.475296442687747 0.037549407114624504 0.08102766798418973 0.07509881422924901
0 0.33300395256917 0.037549407114624504 0.1007905138339921 0.07509881422924901
2 0.44367588932806323 0.4150197628458498 0.5573122529644269 0.1007905138339921
2 0.41304347826086957 0.6482213438735178 0.6067193675889329 0.1007905138339921
2 0.4535573122529644 0.5158102766798419 0.08102766798418973 0.05138339920948617
2 0.2509881422924901 0.5158102766798419 0.08102766798418973 0.05138339920948617
2 0.9189723320158103 0.8300395256916996 0.1007905138339921 0.1007905138339921
4 0.43379446640316205 0.7490118577075099 0.08102766798418973 0.05138339920948617
4 0.22134387351778656 0.7490118577075099 0.08102766798418973 0.05138339920948617
4 0.3221343873517787 0.849802371541502 0.08102766798418973 0.05138339920948617
1 0.5652173913043478 0.283596837944664 0.08102766798418973 0.05138339920948617
5 0.35276679841897235 0.13142292490118576 0.06126482213438735 0.039525691699604744
5 0.35276679841897235 0.18280632411067194 0.06126482213438735 0.05138339920948617
5 0.66600790513834 0.283596837944664 0.08102766798418973 0.05138339920948617
5 0.34189723320158105 0.283596837944664 0.08102766798418973 0.05138339920948617
5 0.5849802371541502 0.9614624505928854 0.08102766798418973 0.05138339920948617
3 0.35276679841897235 0.09090909090909091 0.019762845849802372 0.039525691699604744
3 0.35276679841897235 0.15711462450592886 0.019762845849802372 0.019762845849802372
3 0.35276679841897235 0.233201581027668 0.019762845849802372 0.06126482213438735
3 0.35276679841897235 0.3438735177865613 0.019762845849802372 0.06126482213438735
3 0.14031620553359683 0.4762845849802372 0.019762845849802372 0.30434782608695654
3 0.5652173913043478 0.16205533596837945 0.019762845849802372 0.18181818181818182
3 0.5652173913043478 0.3438735177865613 0.019762845849802372 0.06126482213438735
3 0.5652173913043478 0.4762845849802372 0.019762845849802372 0.2826086956521739
3 0.66600790513834 0.3438735177865613 0.019762845849802372 0.06126482213438735
3 0.66600790513834 0.16205533596837945 0.019762845849802372 0.18181818181818182
3 0.4535573122529644 0.4762845849802372 0.019762845849802372 0.039525691699604744
3 0.4535573122529644 0.5770750988142292 0.019762845849802372 0.039525691699604744
3 0.2509881422924901 0.4762845849802372 0.019762845849802372 0.039525691699604744
3 0.2509881422924901 0.5770750988142292 0.019762845849802372 0.039525691699604744
3 0.22134387351778656 0.708498023715415 0.019762845849802372 0.039525691699604744
3 0.3221343873517787 0.7490118577075099 0.15217391304347827 0.009881422924901186
3 0.14031620553359683 0.7490118577075099 0.019762845849802372 0.18181818181818182
3 0.43379446640316205 0.849802371541502 0.019762845849802372 0.18181818181818182
3 0.7974308300395256 0.5968379446640316 0.2015810276679842 0.019762845849802372
3 0.6966403162055336 0.8300395256916996 0.30434782608695654 0.019762845849802372
3 0.5948616600790514 0.8606719367588933 0.4051383399209486 0.019762845849802372
6 0.5039525691699605 0.5059288537549407 0.950592885375494 0.7984189723320159
6 0.43379446640316205 0.5059288537549407 0.8399209486166008 0.7885375494071146
6 0.9189723320158103 0.758893280632411 0.12055335968379446 0.25296442687747034
6 0.42292490118577075 0.5059288537549407 0.7885375494071146 0.6067193675889329
6 0.5652173913043478 0.5158102766798419 0.45454545454545453 0.5573122529644269
6 0.09980237154150198 0.5158102766798419 0.12055335968379446 0.5573122529644269
6 0.41304347826086957 0.283596837944664 0.658102766798419 0.09090909090909091
6 0.41304347826086957 0.5464426877470355 0.658102766798419 0.5158102766798419
6 0.7371541501976284 0.9604743083003953 0.2015810276679842 0.07905138339920949
6 0.3932806324110672 0.7490118577075099 0.5573122529644269 0.1007905138339921
6 0.3932806324110672 0.5158102766798419 0.4051383399209486 0.08102766798418973