0 0.14357429718875503 0.963855421686747 0.10240963855421686 0.07228915662650602
0 0.38052208835341367 0.963855421686747 0.10240963855421686 0.07228915662650602
0 0.5230923694779116 0.963855421686747 0.0823293172690763 0.07228915662650602
0 0.6676706827309237 0.963855421686747 0.10240963855421686 0.07228915662650602
2 0.5552208835341366 0.5823293172690763 0.5662650602409639 0.10240963855421686
2 0.5863453815261044 0.3453815261044177 0.6164658634538153 0.10240963855421686
2 0.5451807228915663 0.4799196787148594 0.0823293172690763 0.05220883534136546
2 0.751004016064257 0.4799196787148594 0.0823293172690763 0.05220883534136546
2 0.07228915662650602 0.1606425702811245 0.10240963855421686 0.10240963855421686
4 0.5652610441767069 0.2429718875502008 0.0823293172690763 0.05220883534136546
4 0.7811244979919679 0.2429718875502008 0.0823293172690763 0.05220883534136546
4 0.678714859437751 0.14056224899598393 0.0823293172690763 0.05220883534136546
1 0.43172690763052207 0.7158634538152611 0.0823293172690763 0.05220883534136546
5 0.6475903614457831 0.8704819277108434 0.06224899598393574 0.040160642570281124
5 0.6475903614457831 0.8182730923694779 0.06224899598393574 0.05220883534136546
5 0.3293172690763052 0.7158634538152611 0.0823293172690763 0.05220883534136546
5 0.6586345381526104 0.7158634538152611 0.0823293172690763 0.05220883534136546
5 0.41164658634538154 0.02710843373493976 0.0823293172690763 0.05220883534136546
3 0.6475903614457831 0.9116465863453815 0.020080321285140562 0.040160642570281124
3 0.6475903614457831 0.8443775100401606 0.020080321285140562 0.020080321285140562
3 0.6475903614457831 0.7670682730923695 0.020080321285140562 0.06224899598393574
3 0.6475903614457831 0.6546184738955824 0.020080321285140562 0.06224899598393574
3 0.8634538152610441 0.5200803212851406 0.020080321285140562 0.3092369477911647
3 0.43172690763052207 0.8393574297188755 0.020080321285140562 0.18473895582329317
3 0.43172690763052207 0.6546184738955824 0.020080321285140562 0.06224899598393574
3 0.43172690763052207 0.5200803212851406 0.020080321285140562 0.28714859437751006
3 0.3293172690763052 0.6546184738955824 0.020080321285140562 0.06224899598393574
3 0.3293172690763052 0.8393574297188755 0.020080321285140562 0.18473895582329317
3 0.5451807228915663 0.5200803212851406 0.020080321285140562 0.040160642570281124
3 0.5451807228915663 0.41767068273092367 0.020080321285140562 0.040160642570281124
3 0.751004016064257 0.5200803212851406 0.020080321285140562 0.040160642570281124
3 0.751004016064257 0.41767068273092367 0.020080321285140562 0.040160642570281124
3 0.7811244979919679 0.28413654618473894 0.020080321285140562 0.040160642570281124
3 0.678714859437751 0.2429718875502008 0.15461847389558234 0.010040160642570281
3 0.8634538152610441 0.2429718875502008 0.020080321285140562 0.18473895582329317
3 0.5652610441767069 0.14056224899598393 0.020080321285140562 0.18473895582329317
3 0.19578313253012047 0.39759036144578314 0.20481927710843373 0.020080321285140562
3 0.29819277108433734 0.1606425702811245 0.3092369477911647 0.020080321285140562
3 0.40160642570281124 0.12951807228915663 0.41164658634538154 0.020080321285140562
6 0.4939759036144578 0.4899598393574297 0.9658634538152611 0.8112449799196787
6 0.5652610441767069 0.4899598393574297 0.8534136546184738 0.8012048192771084
6 0.07228915662650602 0.23293172690763053 0.12248995983935743 0.2570281124497992
6 0.5763052208835341 0.4899598393574297 0.8012048192771084 0.6164658634538153
6 0.43172690763052207 0.4799196787148594 0.46184738955823296 0.5662650602409639
6 0.9046184738955824 0.4799196787148594 0.12248995983935743 0.5662650602409639
6 0.5863453815261044 0.7158634538152611 0.6686746987951807 0.09236947791164658
6 0.5863453815261044 0.44879518072289154 0.6686746987951807 0.5240963855421686
6 0.2570281124497992 0.03413654618473896 0.20481927710843373 0.06827309236947791
6 0.606425702811245 0.2429718875502008 0.5662650602409639 0.10240963855421686
6 0.606425702811245 0.4799196787148594 0.41164658634538154 0.0823293172690763