0 0.15079365079365079 0.9543650793650794 0.10119047619047619 0.08134920634920635
0 0.38392857142857145 0.9543650793650794 0.10119047619047619 0.08134920634920635
0 0.5257936507936508 0.9543650793650794 0.08134920634920635 0.08134920634920635
0 0.6686507936507936 0.9543650793650794 0.10119047619047619 0.08134920634920635
2 0.5565476190476191 0.5734126984126984 0.5595238095238095 0.10119047619047619
2 0.5873015873015873 0.3392857142857143 0.6091269841269841 0.10119047619047619
2 0.5466269841269841 0.4722222222222222 0.08134920634920635 0.051587301587301584
2 0.75 0.4722222222222222 0.08134920634920635 0.051587301587301584
2 0.07936507936507936 0.15674603174603174 0.10119047619047619 0.10119047619047619
4 0.566468253968254 0.23809523809523808 0.08134920634920635 0.051587301587301584
4 0.7797619047619048 0.23809523809523808 0.08134920634920635 0.051587301587301584
4 0.6785714285714286 0.13690476190476192 0.08134920634920635 0.051587301587301584
1 0.43452380952380953 0.7053571428571429 0.08134920634920635 0.051587301587301584
5 0.6478174603174603 0.8581349206349206 0.061507936507936505 0.03968253968253968
5 0.6478174603174603 0.8065476190476191 0.061507936507936505 0.051587301587301584
5 0.3333333333333333 0.7053571428571429 0.08134920634920635 0.051587301587301584
5 0.6587301587301587 0.7053571428571429 0.08134920634920635 0.051587301587301584
5 0.41369047619047616 0.025793650793650792 0.08134920634920635 0.051587301587301584
3 0.6478174603174603 0.8988095238095238 0.01984126984126984 0.03968253968253968
3 0.6478174603174603 0.8323412698412699 0.01984126984126984 0.01984126984126984
3 0.6478174603174603 0.7559523809523809 0.01984126984126984 0.061507936507936505
3 0.6478174603174603 0.6448412698412699 0.01984126984126984 0.061507936507936505
3 0.8611111111111112 0.5119047619047619 0.01984126984126984 0.3055555555555556
3 0.43452380952380953 0.8273809523809523 0.01984126984126984 0.18253968253968253
3 0.43452380952380953 0.6448412698412699 0.01984126984126984 0.061507936507936505
3 0.43452380952380953 0.5119047619047619 0.01984126984126984 0.2837301587301587
3 0.3333333333333333 0.6448412698412699 0.01984126984126984 0.061507936507936505
3 0.3333333333333333 0.8273809523809523 0.01984126984126984 0.18253968253968253
3 0.5466269841269841 0.5119047619047619 0.01984126984126984 0.03968253968253968
3 0.5466269841269841 0.4107142857142857 0.01984126984126984 0.03968253968253968
3 0.75 0.5119047619047619 0.01984126984126984 0.03968253968253968
3 0.75 0.4107142857142857 0.01984126984126984 0.03968253968253968
3 0.7797619047619048 0.2787698412698413 0.01984126984126984 0.03968253968253968
3 0.6785714285714286 0.23809523809523808 0.1527777777777778 0.00992063492063492
3 0.8611111111111112 0.23809523809523808 0.01984126984126984 0.18253968253968253
3 0.566468253968254 0.13690476190476192 0.01984126984126984 0.18253968253968253
3 0.2013888888888889 0.39087301587301587 0.20238095238095238 0.01984126984126984
3 0.30257936507936506 0.15674603174603174 0.3055555555555556 0.01984126984126984
3 0.40476190476190477 0.1259920634920635 0.40674603174603174 0.01984126984126984
6 0.49603174603174605 0.48214285714285715 0.9543650793650794 0.8015873015873016
6 0.566468253968254 0.48214285714285715 0.8432539682539683 0.7916666666666666
6 0.07936507936507936 0.22817460317460317 0.12103174603174603 0.25396825396825395
6 0.5773809523809523 0.48214285714285715 0.7916666666666666 0.6091269841269841
6 0.43452380952380953 0.4722222222222222 0.45634920634920634 0.5595238095238095
6 0.9017857142857143 0.4722222222222222 0.12103174603174603 0.5595238095238095
6 0.5873015873015873 0.7053571428571429 0.6607142857142857 0.09126984126984126
6 0.5873015873015873 0.44146825396825395 0.6607142857142857 0.5178571428571429
6 0.2619047619047619 0.03273809523809524 0.20238095238095238 0.06547619047619048
6 0.6071428571428571 0.23809523809523808 0.5595238095238095 0.10119047619047619
6 0.6071428571428571 0.4722222222222222 0.40674603174603174 0.08134920634920635