6 0.48486328125 0.5 0.794921875 0.990234375
6 0.48779296875 0.56005859375 0.6796875 0.83984375
6 0.47998046875 0.580078125 0.5947265625 0.6396484375
6 0.6982421875 0.5751953125 0.099609375 0.64453125
6 0.4248046875 0.5849609375 0.4453125 0.6298828125
6 0.22900390625 0.72998046875 0.1376953125 0.5400390625
6 0.5791015625 0.56494140625 0.1083984375 0.400390625
6 0.34619140625 0.58984375 0.1220703125 0.5947265625
6 0.19384765625 0.6748046875 0.087890625 0.5400390625
6 0.22900390625 0.81005859375 0.177734375 0.3603515625
6 0.47509765625 0.634765625 0.0634765625 0.400390625
6 0.9992470703125 0.000732421875 0.00027832031250007994 0.0008593749999999999
0 0.958984375 0.19091796875 0.05078125 0.1796875
0 0.958984375 0.3798828125 0.05078125 0.134765625
0 0.958984375 0.509765625 0.044921875 0.0703125
0 0.955078125 0.634765625 0.0400390625 0.080078125
0 0.0390625 0.28515625 0.078125 0.1650390625
1 0.81201171875 0.625 0.0419921875 0.0703125
1 0.69580078125 0.33984375 0.0419921875 0.0703125
1 0.69580078125 0.43505859375 0.0419921875 0.0703125
1 0.69580078125 0.64990234375 0.0419921875 0.0703125
5 0.85888671875 0.625 0.0419921875 0.0703125
2 0.5791015625 0.56494140625 0.1083984375 0.400390625
2 0.34619140625 0.58984375 0.1220703125 0.5947265625
4 0.47509765625 0.53515625 0.0419921875 0.0703125
4 0.47509765625 0.73486328125 0.0419921875 0.0703125
4 0.23193359375 0.5498046875 0.0419921875 0.0703125
4 0.23193359375 0.77978515625 0.0419921875 0.0703125
4 0.14599609375 0.64990234375 0.0419921875 0.0703125
5 0.03515625 0.4150390625 0.0419921875 0.0703125
3 0.916015625 0.14501953125 0.041015625 0.005859375
3 0.8017578125 0.23095703125 0.2109375 0.005859375
3 0.81884765625 0.330078125 0.2451171875 0.005859375
3 0.81689453125 0.35205078125 0.2431640625 0.005859375
3 0.81494140625 0.43994140625 0.23828125 0.005859375
3 0.89404296875 0.509765625 0.087890625 0.005859375
3 0.90185546875 0.61181640625 0.0712890625 0.005859375
3 0.912109375 0.64794921875 0.0908203125 0.005859375
3 0.93701171875 0.7548828125 0.1162109375 0.005859375
3 0.87890625 0.7177734375 0.005859375 0.078125
3 0.84521484375 0.68017578125 0.005859375 0.150390625
3 0.7822265625 0.64990234375 0.1201171875 0.005859375
3 0.751953125 0.625 0.0595703125 0.005859375
3 0.65478515625 0.64990234375 0.0380859375 0.005859375
3 0.5419921875 0.841796875 0.3154296875 0.005859375
3 0.51513671875 0.705078125 0.015625 0.005859375
3 0.4248046875 0.705078125 0.015625 0.005859375
3 0.47509765625 0.31005859375 0.005859375 0.3701171875
3 0.44482421875 0.35205078125 0.140625 0.005859375
3 0.44482421875 0.39794921875 0.140625 0.005859375
3 0.43896484375 0.490234375 0.1318359375 0.005859375
3 0.27490234375 0.77978515625 0.0419921875 0.005859375
3 0.23193359375 0.6650390625 0.005859375 0.16015625
3 0.23583984375 0.865234375 0.1376953125 0.005859375
3 0.1748046875 0.33203125 0.2216796875 0.005859375
3 0.1748046875 0.130859375 0.005859375 0.26171875
3 0.126953125 0.56591796875 0.16015625 0.005859375
3 0.1201171875 0.78515625 0.005859375 0.0849609375
3 0.341796875 0.93798828125 0.3916015625 0.005859375
3 0.341796875 0.85205078125 0.005859375 0.169921875