0 0.8623949579831933 0.9852941176470589 0.10714285714285714 0.029411764705882353
0 0.6144957983193278 0.9852941176470589 0.10714285714285714 0.029411764705882353
0 0.4653361344537815 0.9852941176470589 0.0861344537815126 0.029411764705882353
0 0.31407563025210083 0.9852941176470589 0.10714285714285714 0.029411764705882353
2 0.4317226890756303 0.6092436974789915 0.592436974789916 0.10714285714285714
2 0.39915966386554624 0.36134453781512604 0.6449579831932774 0.10714285714285714
2 0.4422268907563025 0.5021008403361344 0.0861344537815126 0.0546218487394958
2 0.226890756302521 0.5021008403361344 0.0861344537815126 0.0546218487394958
2 0.9369747899159664 0.16806722689075632 0.10714285714285714 0.10714285714285714
4 0.421218487394958 0.2542016806722689 0.0861344537815126 0.0546218487394958
4 0.1953781512605042 0.2542016806722689 0.0861344537815126 0.0546218487394958
4 0.3025210084033613 0.14705882352941177 0.0861344537815126 0.0546218487394958
1 0.5609243697478992 0.7489495798319328 0.0861344537815126 0.0546218487394958
5 0.33508403361344535 0.9107142857142857 0.06512605042016807 0.04201680672268908
5 0.33508403361344535 0.8560924369747899 0.06512605042016807 0.0546218487394958
5 0.6680672268907563 0.7489495798319328 0.0861344537815126 0.0546218487394958
5 0.3235294117647059 0.7489495798319328 0.0861344537815126 0.0546218487394958
5 0.5819327731092437 0.028361344537815126 0.0861344537815126 0.0546218487394958
3 0.33508403361344535 0.9537815126050421 0.02100840336134454 0.04201680672268908
3 0.33508403361344535 0.8834033613445378 0.02100840336134454 0.02100840336134454
3 0.33508403361344535 0.8025210084033614 0.02100840336134454 0.06512605042016807
3 0.33508403361344535 0.6848739495798319 0.02100840336134454 0.06512605042016807
3 0.1092436974789916 0.5441176470588235 0.02100840336134454 0.3235294117647059
3 0.5609243697478992 0.8781512605042017 0.02100840336134454 0.19327731092436976
3 0.5609243697478992 0.6848739495798319 0.02100840336134454 0.06512605042016807
3 0.5609243697478992 0.5441176470588235 0.02100840336134454 0.3004201680672269
3 0.6680672268907563 0.6848739495798319 0.02100840336134454 0.06512605042016807
3 0.6680672268907563 0.8781512605042017 0.02100840336134454 0.19327731092436976
3 0.4422268907563025 0.5441176470588235 0.02100840336134454 0.04201680672268908
3 0.4422268907563025 0.4369747899159664 0.02100840336134454 0.04201680672268908
3 0.226890756302521 0.5441176470588235 0.02100840336134454 0.04201680672268908
3 0.226890756302521 0.4369747899159664 0.02100840336134454 0.04201680672268908
3 0.1953781512605042 0.2972689075630252 0.02100840336134454 0.04201680672268908
3 0.3025210084033613 0.2542016806722689 0.16176470588235295 0.01050420168067227
3 0.1092436974789916 0.2542016806722689 0.02100840336134454 0.19327731092436976
3 0.421218487394958 0.14705882352941177 0.02100840336134454 0.19327731092436976
3 0.8077731092436975 0.41596638655462187 0.21428571428571427 0.02100840336134454
3 0.7006302521008403 0.16806722689075632 0.3235294117647059 0.02100840336134454
3 0.592436974789916 0.13550420168067226 0.43067226890756305 0.02100840336134454
6 0.5 0.5126050420168067 1 0.8487394957983193
6 0.4338235294117647 0.5136554621848739 0.8676470588235294 0.8382352941176471
6 0.9369747899159664 0.24369747899159663 0.12605042016806722 0.2689075630252101
6 0.41491596638655465 0.5136554621848739 0.8298319327731093 0.6449579831932774
6 0.5609243697478992 0.5021008403361344 0.4831932773109244 0.592436974789916
6 0.0661764705882353 0.5021008403361344 0.12815126050420167 0.592436974789916
6 0.39915966386554624 0.7489495798319328 0.6995798319327731 0.09663865546218488
6 0.39915966386554624 0.4695378151260504 0.6995798319327731 0.5483193277310925
6 0.7436974789915967 0.03571428571428571 0.21428571428571427 0.07142857142857142
6 0.37815126050420167 0.2542016806722689 0.592436974789916 0.10714285714285714
6 0.37815126050420167 0.5021008403361344 0.43067226890756305 0.0861344537815126