0 0.8689516129032258 0.04233870967741935 0.1028225806451613 0.08266129032258064
0 0.6320564516129032 0.04233870967741935 0.1028225806451613 0.08266129032258064
0 0.4879032258064516 0.04233870967741935 0.08266129032258064 0.08266129032258064
0 0.34274193548387094 0.04233870967741935 0.1028225806451613 0.08266129032258064
2 0.4566532258064516 0.42943548387096775 0.5685483870967742 0.1028225806451613
2 0.4254032258064516 0.6673387096774194 0.6189516129032258 0.1028225806451613
2 0.46673387096774194 0.532258064516129 0.08266129032258064 0.05241935483870968
2 0.2600806451612903 0.532258064516129 0.08266129032258064 0.05241935483870968
2 0.9415322580645161 0.8528225806451613 0.1028225806451613 0.1028225806451613
4 0.4465725806451613 0.7701612903225806 0.08266129032258064 0.05241935483870968
4 0.22983870967741934 0.7701612903225806 0.08266129032258064 0.05241935483870968
4 0.3326612903225806 0.8729838709677419 0.08266129032258064 0.05241935483870968
1 0.5806451612903226 0.29536290322580644 0.08266129032258064 0.05241935483870968
5 0.3639112903225806 0.14012096774193547 0.0625 0.04032258064516129
5 0.3639112903225806 0.19254032258064516 0.0625 0.05241935483870968
5 0.6834677419354839 0.29536290322580644 0.08266129032258064 0.05241935483870968
5 0.3528225806451613 0.29536290322580644 0.08266129032258064 0.05241935483870968
5 0.6018145161290323 0.9798387096774194 0.08266129032258064 0.04032258064516129
3 0.3639112903225806 0.09879032258064516 0.020161290322580645 0.04032258064516129
3 0.3639112903225806 0.1663306451612903 0.020161290322580645 0.020161290322580645
3 0.3639112903225806 0.2439516129032258 0.020161290322580645 0.0625
3 0.3639112903225806 0.35685483870967744 0.020161290322580645 0.0625
3 0.14717741935483872 0.49193548387096775 0.020161290322580645 0.31048387096774194
3 0.5806451612903226 0.17137096774193547 0.020161290322580645 0.18548387096774194
3 0.5806451612903226 0.35685483870967744 0.020161290322580645 0.0625
3 0.5806451612903226 0.49193548387096775 0.020161290322580645 0.28830645161290325
3 0.6834677419354839 0.35685483870967744 0.020161290322580645 0.0625
3 0.6834677419354839 0.17137096774193547 0.020161290322580645 0.18548387096774194
3 0.46673387096774194 0.49193548387096775 0.020161290322580645 0.04032258064516129
3 0.46673387096774194 0.594758064516129 0.020161290322580645 0.04032258064516129
3 0.2600806451612903 0.49193548387096775 0.020161290322580645 0.04032258064516129
3 0.2600806451612903 0.594758064516129 0.020161290322580645 0.04032258064516129
3 0.22983870967741934 0.7288306451612904 0.020161290322580645 0.04032258064516129
3 0.3326612903225806 0.7701612903225806 0.15524193548387097 0.010080645161290322
3 0.14717741935483872 0.7701612903225806 0.020161290322580645 0.18548387096774194
3 0.4465725806451613 0.8729838709677419 0.020161290322580645 0.18548387096774194
3 0.8175403225806451 0.6149193548387096 0.2056451612903226 0.020161290322580645
3 0.7147177419354839 0.8528225806451613 0.31048387096774194 0.020161290322580645
3 0.6108870967741935 0.8840725806451613 0.41330645161290325 0.020161290322580645
6 0.5171370967741935 0.5221774193548387 0.9657258064516129 0.8145161290322581
6 0.4465725806451613 0.5221774193548387 0.8568548387096774 0.8044354838709677
6 0.9405241935483871 0.780241935483871 0.11895161290322581 0.25806451612903225
6 0.43548387096774194 0.5221774193548387 0.8044354838709677 0.6189516129032258
6 0.5806451612903226 0.532258064516129 0.4637096774193548 0.5685483870967742
6 0.10584677419354839 0.532258064516129 0.12298387096774194 0.5685483870967742
6 0.4254032258064516 0.29536290322580644 0.6713709677419355 0.09274193548387097
6 0.4254032258064516 0.563508064516129 0.6713709677419355 0.5262096774193549
6 0.7560483870967742 0.9727822580645161 0.2056451612903226 0.05443548387096774
6 0.40524193548387094 0.7701612903225806 0.5685483870967742 0.1028225806451613
6 0.40524193548387094 0.532258064516129 0.41330645161290325 0.08266129032258064