6 0.51513671875 0.5 0.794921875 0.990234375
6 0.51220703125 0.56005859375 0.6796875 0.83984375
6 0.52001953125 0.580078125 0.5947265625 0.6396484375
6 0.3017578125 0.5751953125 0.099609375 0.64453125
6 0.5751953125 0.5849609375 0.4453125 0.6298828125
6 0.77099609375 0.72998046875 0.1376953125 0.5400390625
6 0.4208984375 0.56494140625 0.1083984375 0.400390625
6 0.65380859375 0.58984375 0.1220703125 0.5947265625
6 0.80615234375 0.6748046875 0.087890625 0.5400390625
6 0.77099609375 0.81005859375 0.177734375 0.3603515625
6 0.52490234375 0.634765625 0.0634765625 0.400390625
6 0.0007529296875 0.000732421875 0.0002783203124999999 0.0008593749999999999
0 0.041015625 0.19091796875 0.05078125 0.1796875
0 0.041015625 0.3798828125 0.05078125 0.134765625
0 0.041015625 0.509765625 0.044921875 0.0703125
0 0.044921875 0.634765625 0.0400390625 0.080078125
0 0.9609375 0.28515625 0.078125 0.1650390625
1 0.18798828125 0.625 0.0419921875 0.0703125
1 0.30419921875 0.33984375 0.0419921875 0.0703125
1 0.30419921875 0.43505859375 0.0419921875 0.0703125
1 0.30419921875 0.64990234375 0.0419921875 0.0703125
5 0.14111328125 0.625 0.0419921875 0.0703125
2 0.4208984375 0.56494140625 0.1083984375 0.400390625
2 0.65380859375 0.58984375 0.1220703125 0.5947265625
4 0.52490234375 0.53515625 0.0419921875 0.0703125
4 0.52490234375 0.73486328125 0.0419921875 0.0703125
4 0.76806640625 0.5498046875 0.0419921875 0.0703125
4 0.76806640625 0.77978515625 0.0419921875 0.0703125
4 0.85400390625 0.64990234375 0.0419921875 0.0703125
5 0.96484375 0.4150390625 0.0419921875 0.0703125
3 0.083984375 0.14501953125 0.041015625 0.005859375
3 0.1982421875 0.23095703125 0.2109375 0.005859375
3 0.18115234375 0.330078125 0.2451171875 0.005859375
3 0.18310546875 0.35205078125 0.2431640625 0.005859375
3 0.18505859375 0.43994140625 0.23828125 0.005859375
3 0.10595703125 0.509765625 0.087890625 0.005859375
3 0.09814453125 0.61181640625 0.0712890625 0.005859375
3 0.087890625 0.64794921875 0.0908203125 0.005859375
3 0.06298828125 0.7548828125 0.1162109375 0.005859375
3 0.12109375 0.7177734375 0.005859375 0.078125
3 0.15478515625 0.68017578125 0.005859375 0.150390625
3 0.2177734375 0.64990234375 0.1201171875 0.005859375
3 0.248046875 0.625 0.0595703125 0.005859375
3 0.34521484375 0.64990234375 0.0380859375 0.005859375
3 0.4580078125 0.841796875 0.3154296875 0.005859375
3 0.48486328125 0.705078125 0.015625 0.005859375
3 0.5751953125 0.705078125 0.015625 0.005859375
3 0.52490234375 0.31005859375 0.005859375 0.3701171875
3 0.55517578125 0.35205078125 0.140625 0.005859375
3 0.55517578125 0.39794921875 0.140625 0.005859375
3 0.56103515625 0.490234375 0.1318359375 0.005859375
3 0.72509765625 0.77978515625 0.0419921875 0.005859375
3 0.76806640625 0.6650390625 0.005859375 0.16015625
3 0.76416015625 0.865234375 0.1376953125 0.005859375
3 0.8251953125 0.33203125 0.2216796875 0.005859375
3 0.8251953125 0.130859375 0.005859375 0.26171875
3 0.873046875 0.56591796875 0.16015625 0.005859375
3 0.8798828125 0.78515625 0.005859375 0.0849609375
3 0.658203125 0.93798828125 0.3916015625 0.005859375
3 0.658203125 0.85205078125 0.005859375 0.169921875