5 0.0478515625 0.35546875 0.08203125 0.560546875
3 0.158203125 0.2080078125 0.052734375 0.10546875
4 0.158203125 0.4599609375 0.052734375 0.10546875
5 0.30859375 0.35546875 0.052734375 0.10546875
4 0.30859375 0.5849609375 0.052734375 0.10546875
5 0.39453125 0.240234375 0.052734375 0.10546875
5 0.39453125 0.3876953125 0.052734375 0.10546875
3 0.4501953125 0.5849609375 0.052734375 0.10546875
5 0.5283203125 0.240234375 0.052734375 0.10546875
5 0.5283203125 0.3876953125 0.052734375 0.10546875
5 0.6884765625 0.205078125 0.052734375 0.10546875
5 0.6884765625 0.35546875 0.052734375 0.10546875
5 0.6884765625 0.5146484375 0.052734375 0.10546875
3 0.837890625 0.16015625 0.052734375 0.10546875
5 0.837890625 0.3095703125 0.052734375 0.10546875
4 0.837890625 0.455078125 0.052734375 0.10546875
4 0.837890625 0.60546875 0.052734375 0.10546875
3 0.2880859375 0.849609375 0.052734375 0.10546875
3 0.4150390625 0.849609375 0.052734375 0.10546875
3 0.5498046875 0.849609375 0.052734375 0.10546875
3 0.66796875 0.849609375 0.052734375 0.10546875
3 0.7578125 0.849609375 0.052734375 0.10546875
3 0.865234375 0.849609375 0.052734375 0.10546875
0 0.9619140625 0.3701171875 0.044921875 0.07421875
1 0.09765625 0.3623046875 0.015625 0.0078125
1 0.2451171875 0.35546875 0.064453125 0.0078125
1 0.30859375 0.4951171875 0.005859375 0.03515625
1 0.3681640625 0.5849609375 0.0546875 0.0078125
1 0.4501953125 0.4951171875 0.005859375 0.03515625
1 0.615234375 0.3876953125 0.0390625 0.0078125
1 0.7548828125 0.341796875 0.03515625 0.0078125
1 0.91796875 0.3701171875 0.0390625 0.0078125
1 0.3447265625 0.849609375 0.0546875 0.0078125
1 0.419921875 0.7216796875 0.005859375 0.05078125
6 0.509765625 0.5 0.98046875 0.990234375
6 0.158203125 0.35546875 0.10546875 0.560546875
6 0.419921875 0.3876953125 0.435546875 0.615234375
6 0.6884765625 0.341796875 0.10546875 0.57421875
6 0.837890625 0.3701171875 0.134765625 0.619140625
6 0.419921875 0.849609375 0.435546875 0.19921875
6 0.7646484375 0.849609375 0.294921875 0.19921875