5 0.9521484375 0.35546875 0.08203125 0.560546875
3 0.841796875 0.2080078125 0.052734375 0.10546875
4 0.841796875 0.4599609375 0.052734375 0.10546875
5 0.69140625 0.35546875 0.052734375 0.10546875
4 0.69140625 0.5849609375 0.052734375 0.10546875
5 0.60546875 0.240234375 0.052734375 0.10546875
5 0.60546875 0.3876953125 0.052734375 0.10546875
3 0.5498046875 0.5849609375 0.052734375 0.10546875
5 0.4716796875 0.240234375 0.052734375 0.10546875
5 0.4716796875 0.3876953125 0.052734375 0.10546875
5 0.3115234375 0.205078125 0.052734375 0.10546875
5 0.3115234375 0.35546875 0.052734375 0.10546875
5 0.3115234375 0.5146484375 0.052734375 0.10546875
3 0.162109375 0.16015625 0.052734375 0.10546875
5 0.162109375 0.3095703125 0.052734375 0.10546875
4 0.162109375 0.455078125 0.052734375 0.10546875
4 0.162109375 0.60546875 0.052734375 0.10546875
3 0.7119140625 0.849609375 0.052734375 0.10546875
3 0.5849609375 0.849609375 0.052734375 0.10546875
3 0.4501953125 0.849609375 0.052734375 0.10546875
3 0.33203125 0.849609375 0.052734375 0.10546875
3 0.2421875 0.849609375 0.052734375 0.10546875
3 0.134765625 0.849609375 0.052734375 0.10546875
0 0.0380859375 0.3701171875 0.044921875 0.07421875
1 0.90234375 0.3623046875 0.015625 0.0078125
1 0.7548828125 0.35546875 0.064453125 0.0078125
1 0.69140625 0.4951171875 0.005859375 0.03515625
1 0.6318359375 0.5849609375 0.0546875 0.0078125
1 0.5498046875 0.4951171875 0.005859375 0.03515625
1 0.384765625 0.3876953125 0.0390625 0.0078125
1 0.2451171875 0.341796875 0.03515625 0.0078125
1 0.08203125 0.3701171875 0.0390625 0.0078125
1 0.6552734375 0.849609375 0.0546875 0.0078125
1 0.580078125 0.7216796875 0.005859375 0.05078125
6 0.490234375 0.5 0.98046875 0.990234375
6 0.841796875 0.35546875 0.10546875 0.560546875
6 0.580078125 0.3876953125 0.435546875 0.615234375
6 0.3115234375 0.341796875 0.10546875 0.57421875
6 0.162109375 0.3701171875 0.134765625 0.619140625
6 0.580078125 0.849609375 0.435546875 0.19921875
6 0.2353515625 0.849609375 0.294921875 0.19921875