6 0.5078125 0.5 0.814453125 0.98046875
6 0.048828125 0.35791015625 0.08203125 0.5595703125
6 0.158203125 0.35791015625 0.1064453125 0.5595703125
6 0.4208984375 0.39013671875 0.3837890625 0.6123046875
6 0.39501953125 0.31201171875 0.3203125 0.3857421875
6 0.39501953125 0.31201171875 0.1064453125 0.3515625
6 0.52880859375 0.31201171875 0.1064453125 0.3515625
6 0.68994140625 0.35791015625 0.1064453125 0.5595703125
6 0.8408203125 0.3720703125 0.1318359375 0.6181640625
6 0.4208984375 0.84912109375 0.3837890625 0.2001953125
6 0.76220703125 0.84912109375 0.2978515625 0.2001953125
0 0.9580078125 0.39013671875 0.0517578125 0.1201171875
2 0.158203125 0.2021484375 0.0517578125 0.087890625
2 0.31201171875 0.59521484375 0.0517578125 0.087890625
2 0.44921875 0.59521484375 0.0517578125 0.087890625
2 0.8408203125 0.4599609375 0.0517578125 0.087890625
4 0.158203125 0.4599609375 0.0517578125 0.087890625
4 0.31201171875 0.35205078125 0.0517578125 0.087890625
4 0.39501953125 0.2451171875 0.0517578125 0.087890625
4 0.39501953125 0.39501953125 0.0517578125 0.087890625
4 0.52880859375 0.2451171875 0.0517578125 0.087890625
4 0.52880859375 0.39501953125 0.0517578125 0.087890625
4 0.68994140625 0.2021484375 0.0517578125 0.087890625
4 0.68994140625 0.35205078125 0.0517578125 0.087890625
4 0.68994140625 0.51806640625 0.0517578125 0.087890625
4 0.8408203125 0.16015625 0.0517578125 0.087890625
4 0.8408203125 0.31005859375 0.0517578125 0.087890625
4 0.4208984375 0.84912109375 0.0517578125 0.087890625
4 0.5498046875 0.84912109375 0.0517578125 0.087890625
5 0.6650390625 0.84912109375 0.0517578125 0.087890625
5 0.7578125 0.84912109375 0.0517578125 0.087890625
5 0.85009765625 0.84912109375 0.0517578125 0.087890625
3 0.09619140625 0.35791015625 0.013671875 0.0048828125
3 0.18408203125 0.35498046875 0.0458984375 0.0048828125
3 0.31201171875 0.48486328125 0.0048828125 0.0400390625
3 0.3701171875 0.587890625 0.0615234375 0.0048828125
3 0.44921875 0.52001953125 0.0048828125 0.0546875
3 0.6181640625 0.39013671875 0.0380859375 0.0048828125
3 0.75390625 0.341796875 0.0224609375 0.0048828125
3 0.916015625 0.3701171875 0.0283203125 0.0048828125
3 0.4208984375 0.72509765625 0.0048828125 0.0498046875
3 0.35205078125 0.84912109375 0.0400390625 0.0048828125