6 0.4921875 0.5 0.814453125 0.98046875
6 0.951171875 0.35791015625 0.08203125 0.5595703125
6 0.841796875 0.35791015625 0.1064453125 0.5595703125
6 0.5791015625 0.39013671875 0.3837890625 0.6123046875
6 0.60498046875 0.31201171875 0.3203125 0.3857421875
6 0.60498046875 0.31201171875 0.1064453125 0.3515625
6 0.47119140625 0.31201171875 0.1064453125 0.3515625
6 0.31005859375 0.35791015625 0.1064453125 0.5595703125
6 0.1591796875 0.3720703125 0.1318359375 0.6181640625
6 0.5791015625 0.84912109375 0.3837890625 0.2001953125
6 0.23779296875 0.84912109375 0.2978515625 0.2001953125
0 0.0419921875 0.39013671875 0.0517578125 0.1201171875
2 0.841796875 0.2021484375 0.0517578125 0.087890625
2 0.68798828125 0.59521484375 0.0517578125 0.087890625
2 0.55078125 0.59521484375 0.0517578125 0.087890625
2 0.1591796875 0.4599609375 0.0517578125 0.087890625
4 0.841796875 0.4599609375 0.0517578125 0.087890625
4 0.68798828125 0.35205078125 0.0517578125 0.087890625
4 0.60498046875 0.2451171875 0.0517578125 0.087890625
4 0.60498046875 0.39501953125 0.0517578125 0.087890625
4 0.47119140625 0.2451171875 0.0517578125 0.087890625
4 0.47119140625 0.39501953125 0.0517578125 0.087890625
4 0.31005859375 0.2021484375 0.0517578125 0.087890625
4 0.31005859375 0.35205078125 0.0517578125 0.087890625
4 0.31005859375 0.51806640625 0.0517578125 0.087890625
4 0.1591796875 0.16015625 0.0517578125 0.087890625
4 0.1591796875 0.31005859375 0.0517578125 0.087890625
4 0.5791015625 0.84912109375 0.0517578125 0.087890625
4 0.4501953125 0.84912109375 0.0517578125 0.087890625
5 0.3349609375 0.84912109375 0.0517578125 0.087890625
5 0.2421875 0.84912109375 0.0517578125 0.087890625
5 0.14990234375 0.84912109375 0.0517578125 0.087890625
3 0.90380859375 0.35791015625 0.013671875 0.0048828125
3 0.81591796875 0.35498046875 0.0458984375 0.0048828125
3 0.68798828125 0.48486328125 0.0048828125 0.0400390625
3 0.6298828125 0.587890625 0.0615234375 0.0048828125
3 0.55078125 0.52001953125 0.0048828125 0.0546875
3 0.3818359375 0.39013671875 0.0380859375 0.0048828125
3 0.24609375 0.341796875 0.0224609375 0.0048828125
3 0.083984375 0.3701171875 0.0283203125 0.0048828125
3 0.5791015625 0.72509765625 0.0048828125 0.0498046875
3 0.64794921875 0.84912109375 0.0400390625 0.0048828125