6 0.40576171875 0.51806640625 0.5654296875 0.384765625
6 0.5869140625 0.43994140625 0.162109375 0.134765625
6 0.30615234375 0.43994140625 0.322265625 0.134765625
6 0.5869140625 0.6201171875 0.162109375 0.134765625
6 0.30615234375 0.6201171875 0.322265625 0.134765625
0 0.84716796875 0.3701171875 0.0615234375 0.044921875
0 0.84716796875 0.509765625 0.0615234375 0.044921875
1 0.56787109375 0.43994140625 0.03515625 0.044921875
5 0.61181640625 0.43994140625 0.03515625 0.044921875
5 0.52783203125 0.48486328125 0.0302734375 0.0400390625
5 0.52783203125 0.6650390625 0.0302734375 0.0400390625
5 0.14990234375 0.68017578125 0.0302734375 0.0400390625
2 0.3759765625 0.43994140625 0.1025390625 0.044921875
2 0.22900390625 0.43994140625 0.1083984375 0.044921875
2 0.421875 0.6201171875 0.044921875 0.044921875
5 0.34521484375 0.6201171875 0.0302734375 0.044921875
5 0.26513671875 0.6201171875 0.0302734375 0.044921875
5 0.18505859375 0.6201171875 0.0302734375 0.044921875
4 0.34521484375 0.7548828125 0.044921875 0.044921875
4 0.26513671875 0.7548828125 0.044921875 0.044921875
4 0.18505859375 0.7548828125 0.0517578125 0.044921875
4 0.10400390625 0.7548828125 0.0419921875 0.044921875
3 0.84716796875 0.43994140625 0.0048828125 0.1103515625
3 0.76904296875 0.43994140625 0.1162109375 0.0048828125
3 0.4951171875 0.43994140625 0.1103515625 0.0048828125
3 0.6669921875 0.1982421875 0.0048828125 0.251953125
3 0.626953125 0.1982421875 0.0048828125 0.251953125
3 0.5869140625 0.1982421875 0.0048828125 0.251953125
3 0.546875 0.1982421875 0.0048828125 0.181640625
3 0.4248046875 0.7548828125 0.0048828125 0.26953125
3 0.4248046875 0.6201171875 0.0498046875 0.0048828125
3 0.34521484375 0.68017578125 0.0048828125 0.0751953125
3 0.26513671875 0.68017578125 0.0048828125 0.0751953125
3 0.18505859375 0.68017578125 0.0048828125 0.0751953125
3 0.10400390625 0.6201171875 0.0048828125 0.26953125
3 0.26513671875 0.52978515625 0.0048828125 0.1796875
3 0.22900390625 0.52978515625 0.0048828125 0.1796875
3 0.18505859375 0.52978515625 0.0048828125 0.1796875
3 0.48779296875 0.47021484375 0.0048828125 0.3017578125