0 0.931640625 0.2451171875 0.044921875 0.080078125
0 0.259765625 0.21484375 0.0859375 0.119140625
0 0.14453125 0.35546875 0.0859375 0.119140625
0 0.134765625 0.4853515625 0.099609375 0.099609375
4 0.7548828125 0.2197265625 0.115234375 0.125
3 0.6123046875 0.2197265625 0.115234375 0.125
4 0.46484375 0.2197265625 0.115234375 0.125
3 0.919921875 0.4345703125 0.05078125 0.064453125
5 0.919921875 0.53515625 0.05078125 0.064453125
3 0.6123046875 0.490234375 0.115234375 0.125
3 0.474609375 0.490234375 0.115234375 0.125
2 0.341796875 0.490234375 0.115234375 0.125
4 0.5478515625 0.6904296875 0.5 0.220703125
1 0.85546875 0.2421875 0.08984375 0.009765625
1 0.7099609375 0.2421875 0.03515625 0.009765625
1 0.6943359375 0.3623046875 0.0078125 0.240234375
1 0.671875 0.4853515625 0.044921875 0.009765625
1 0.849609375 0.455078125 0.0859375 0.044921875
1 0.849609375 0.5146484375 0.0859375 0.044921875
1 0.724609375 0.34765625 0.009765625 0.064453125
1 0.3603515625 0.2353515625 0.115234375 0.009765625
1 0.4248046875 0.3447265625 0.23046875 0.009765625
1 0.240234375 0.490234375 0.10546875 0.009765625
1 0.26953125 0.677734375 0.044921875 0.009765625
6 0.6123046875 0.2197265625 0.419921875 0.189453125
6 0.5478515625 0.6015625 0.55078125 0.44140625
6 0.5478515625 0.6904296875 0.509765625 0.23046875
6 0.134765625 0.671875 0.228515625 0.25