0 0.15234375 0.384765625 0.0625 0.044921875
0 0.15234375 0.5048828125 0.0625 0.04296875
2 0.412109375 0.4453125 0.1640625 0.125
3 0.3876953125 0.455078125 0.03515625 0.044921875
3 0.4697265625 0.48828125 0.025390625 0.03125
4 0.6943359375 0.4453125 0.32421875 0.125
4 0.625 0.4453125 0.099609375 0.044921875
4 0.76953125 0.4453125 0.109375 0.044921875
4 0.412109375 0.60546875 0.1640625 0.125
3 0.4775390625 0.6484375 0.025390625 0.03125
4 0.578125 0.60546875 0.048828125 0.0546875
3 0.6943359375 0.60546875 0.32421875 0.125
3 0.849609375 0.658203125 0.025390625 0.03125
5 0.6552734375 0.7275390625 0.04296875 0.044921875
3 0.7353515625 0.7275390625 0.04296875 0.044921875
5 0.81640625 0.7275390625 0.052734375 0.044921875
3 0.896484375 0.7275390625 0.04296875 0.044921875
3 0.51171875 0.337890625 0.1640625 0.048828125
3 0.455078125 0.14453125 0.03125 0.03515625
3 0.4951171875 0.1845703125 0.03125 0.03515625
3 0.53515625 0.224609375 0.03125 0.03515625
3 0.5751953125 0.26171875 0.03125 0.03515625
1 0.15234375 0.4453125 0.005859375 0.07421875
1 0.1982421875 0.4453125 0.064453125 0.0078125
1 0.3115234375 0.4453125 0.044921875 0.0078125
1 0.51171875 0.4453125 0.224609375 0.0078125
1 0.6943359375 0.4453125 0.05078125 0.0078125
1 0.83984375 0.4453125 0.08984375 0.0078125
1 0.884765625 0.5419921875 0.005859375 0.185546875
1 0.9345703125 0.6279296875 0.005859375 0.169921875
1 0.875 0.7353515625 0.0390625 0.0078125
1 0.921875 0.7119140625 0.025390625 0.0078125
1 0.51171875 0.3876953125 0.005859375 0.05078125
1 0.625 0.3876953125 0.005859375 0.05078125
1 0.5751953125 0.294921875 0.005859375 0.03515625
1 0.53515625 0.267578125 0.005859375 0.05078125
1 0.4951171875 0.240234375 0.005859375 0.14453125
1 0.455078125 0.2119140625 0.005859375 0.19921875
1 0.333984375 0.2451171875 0.0078125 0.19921875
1 0.384765625 0.14453125 0.10546875 0.0078125
1 0.3720703125 0.28515625 0.0078125 0.19921875
1 0.421875 0.1845703125 0.115234375 0.0078125
1 0.412109375 0.3203125 0.0078125 0.1640625
1 0.4619140625 0.224609375 0.115234375 0.0078125
1 0.51171875 0.4853515625 0.005859375 0.154296875
1 0.5751953125 0.6904296875 0.005859375 0.115234375
1 0.6552734375 0.5048828125 0.005859375 0.07421875
1 0.7353515625 0.5048828125 0.005859375 0.07421875
1 0.8154296875 0.5048828125 0.005859375 0.07421875
1 0.6552734375 0.60546875 0.0078125 0.03515625
1 0.7353515625 0.60546875 0.0078125 0.03515625
1 0.8154296875 0.60546875 0.0078125 0.03515625
6 0.001220703125 0.00093359375 0.001630859375 0.001708984375
6 0.59375 0.51171875 0.564453125 0.35546875