0 0.068359375 0.2451171875 0.044921875 0.080078125
0 0.740234375 0.21484375 0.0859375 0.119140625
0 0.85546875 0.35546875 0.0859375 0.119140625
0 0.865234375 0.4853515625 0.099609375 0.099609375
4 0.2451171875 0.2197265625 0.115234375 0.125
3 0.3876953125 0.2197265625 0.115234375 0.125
4 0.53515625 0.2197265625 0.115234375 0.125
3 0.080078125 0.4345703125 0.05078125 0.064453125
5 0.080078125 0.53515625 0.05078125 0.064453125
3 0.3876953125 0.490234375 0.115234375 0.125
3 0.525390625 0.490234375 0.115234375 0.125
2 0.658203125 0.490234375 0.115234375 0.125
4 0.4521484375 0.6904296875 0.5 0.220703125
1 0.14453125 0.2421875 0.08984375 0.009765625
1 0.2900390625 0.2421875 0.03515625 0.009765625
1 0.3056640625 0.3623046875 0.0078125 0.240234375
1 0.328125 0.4853515625 0.044921875 0.009765625
1 0.150390625 0.455078125 0.0859375 0.044921875
1 0.150390625 0.5146484375 0.0859375 0.044921875
1 0.275390625 0.34765625 0.009765625 0.064453125
1 0.6396484375 0.2353515625 0.115234375 0.009765625
1 0.5751953125 0.3447265625 0.23046875 0.009765625
1 0.759765625 0.490234375 0.10546875 0.009765625
1 0.73046875 0.677734375 0.044921875 0.009765625
6 0.3876953125 0.2197265625 0.419921875 0.189453125
6 0.4521484375 0.6015625 0.55078125 0.44140625
6 0.4521484375 0.6904296875 0.509765625 0.23046875
6 0.865234375 0.671875 0.228515625 0.25