6 0.59423828125 0.51806640625 0.5654296875 0.384765625
6 0.4130859375 0.43994140625 0.162109375 0.134765625
6 0.69384765625 0.43994140625 0.322265625 0.134765625
6 0.4130859375 0.6201171875 0.162109375 0.134765625
6 0.69384765625 0.6201171875 0.322265625 0.134765625
0 0.15283203125 0.3701171875 0.0615234375 0.044921875
0 0.15283203125 0.509765625 0.0615234375 0.044921875
1 0.43212890625 0.43994140625 0.03515625 0.044921875
5 0.38818359375 0.43994140625 0.03515625 0.044921875
5 0.47216796875 0.48486328125 0.0302734375 0.0400390625
5 0.47216796875 0.6650390625 0.0302734375 0.0400390625
5 0.85009765625 0.68017578125 0.0302734375 0.0400390625
2 0.6240234375 0.43994140625 0.1025390625 0.044921875
2 0.77099609375 0.43994140625 0.1083984375 0.044921875
2 0.578125 0.6201171875 0.044921875 0.044921875
5 0.65478515625 0.6201171875 0.0302734375 0.044921875
5 0.73486328125 0.6201171875 0.0302734375 0.044921875
5 0.81494140625 0.6201171875 0.0302734375 0.044921875
4 0.65478515625 0.7548828125 0.044921875 0.044921875
4 0.73486328125 0.7548828125 0.044921875 0.044921875
4 0.81494140625 0.7548828125 0.0517578125 0.044921875
4 0.89599609375 0.7548828125 0.0419921875 0.044921875
3 0.15283203125 0.43994140625 0.0048828125 0.1103515625
3 0.23095703125 0.43994140625 0.1162109375 0.0048828125
3 0.5048828125 0.43994140625 0.1103515625 0.0048828125
3 0.3330078125 0.1982421875 0.0048828125 0.251953125
3 0.373046875 0.1982421875 0.0048828125 0.251953125
3 0.4130859375 0.1982421875 0.0048828125 0.251953125
3 0.453125 0.1982421875 0.0048828125 0.181640625
3 0.5751953125 0.7548828125 0.0048828125 0.26953125
3 0.5751953125 0.6201171875 0.0498046875 0.0048828125
3 0.65478515625 0.68017578125 0.0048828125 0.0751953125
3 0.73486328125 0.68017578125 0.0048828125 0.0751953125
3 0.81494140625 0.68017578125 0.0048828125 0.0751953125
3 0.89599609375 0.6201171875 0.0048828125 0.26953125
3 0.73486328125 0.52978515625 0.0048828125 0.1796875
3 0.77099609375 0.52978515625 0.0048828125 0.1796875
3 0.81494140625 0.52978515625 0.0048828125 0.1796875
3 0.51220703125 0.47021484375 0.0048828125 0.3017578125