6 0.61181640625 0.16015625 0.419921875 0.23046875
6 0.5478515625 0.625 0.5478515625 0.544921875
6 0.7578125 0.18017578125 0.1259765625 0.150390625
6 0.615234375 0.18017578125 0.1259765625 0.150390625
6 0.46923828125 0.18017578125 0.115234375 0.150390625
6 0.7578125 0.47021484375 0.1259765625 0.169921875
6 0.615234375 0.47021484375 0.1259765625 0.169921875
6 0.48193359375 0.47021484375 0.115234375 0.169921875
6 0.34521484375 0.47021484375 0.115234375 0.169921875
6 0.5478515625 0.73779296875 0.5 0.2783203125
6 0.6748046875 0.77197265625 0.2275390625 0.1962890625
6 0.4208984375 0.77197265625 0.2275390625 0.1962890625
6 0.134765625 0.71484375 0.2255859375 0.3095703125
0 0.93505859375 0.1982421875 0.080078125 0.1298828125
0 0.2587890625 0.1650390625 0.08203125 0.1298828125
0 0.14404296875 0.2998046875 0.08984375 0.16015625
0 0.1328125 0.48486328125 0.099609375 0.08984375
2 0.59521484375 0.72998046875 0.0400390625 0.044921875
2 0.59521484375 0.78515625 0.0400390625 0.044921875
2 0.59521484375 0.8349609375 0.0400390625 0.044921875
2 0.35205078125 0.73779296875 0.0400390625 0.044921875
2 0.35205078125 0.8017578125 0.0400390625 0.044921875
4 0.919921875 0.5400390625 0.0595703125 0.08984375
1 0.615234375 0.48486328125 0.0615234375 0.0751953125
1 0.48193359375 0.48486328125 0.0615234375 0.0751953125
1 0.34521484375 0.48486328125 0.0615234375 0.0751953125
5 0.7578125 0.18505859375 0.0615234375 0.0751953125
5 0.615234375 0.18505859375 0.0615234375 0.0751953125
5 0.46923828125 0.18505859375 0.0615234375 0.0751953125
5 0.919921875 0.419921875 0.0517578125 0.0654296875
5 0.7578125 0.48486328125 0.0615234375 0.0751953125
3 0.85986328125 0.18505859375 0.072265625 0.0048828125
3 0.7021484375 0.333984375 0.01171875 0.2978515625
3 0.35791015625 0.173828125 0.1162109375 0.0048828125
3 0.72412109375 0.31201171875 0.0048828125 0.076171875
3 0.35791015625 0.31201171875 0.33203125 0.0048828125
3 0.85302734375 0.4482421875 0.08203125 0.0537109375
3 0.85302734375 0.5048828125 0.08203125 0.0537109375
3 0.2412109375 0.48486328125 0.1162109375 0.0048828125
3 0.27001953125 0.72021484375 0.0439453125 0.0048828125