6 0.2119140625 0.43212890625 0.3056640625 0.5478515625
6 0.78076171875 0.43212890625 0.33203125 0.5478515625
0 0.5 0.7841796875 0.103515625 0.1982421875
0 0.48681640625 0.1181640625 0.1123046875 0.2275390625
2 0.27685546875 0.56884765625 0.08203125 0.1103515625
2 0.68798828125 0.56884765625 0.0654296875 0.1103515625
1 0.68798828125 0.2880859375 0.08203125 0.1103515625
1 0.27685546875 0.2880859375 0.072265625 0.1103515625
2 0.8798828125 0.2880859375 0.072265625 0.1103515625
3 0.27685546875 0.42822265625 0.0048828125 0.154296875
3 0.48486328125 0.2880859375 0.3203125 0.0048828125
3 0.7841796875 0.2880859375 0.099609375 0.0048828125
3 0.68798828125 0.42822265625 0.0048828125 0.154296875
3 0.48779296875 0.6279296875 0.3115234375 0.1201171875