6 0.7880859375 0.43212890625 0.3056640625 0.5478515625
6 0.21923828125 0.43212890625 0.33203125 0.5478515625
0 0.5 0.7841796875 0.103515625 0.1982421875
0 0.51318359375 0.1181640625 0.1123046875 0.2275390625
2 0.72314453125 0.56884765625 0.08203125 0.1103515625
2 0.31201171875 0.56884765625 0.0654296875 0.1103515625
1 0.31201171875 0.2880859375 0.08203125 0.1103515625
1 0.72314453125 0.2880859375 0.072265625 0.1103515625
2 0.1201171875 0.2880859375 0.072265625 0.1103515625
3 0.72314453125 0.42822265625 0.0048828125 0.154296875
3 0.51513671875 0.2880859375 0.3203125 0.0048828125
3 0.2158203125 0.2880859375 0.099609375 0.0048828125
3 0.31201171875 0.42822265625 0.0048828125 0.154296875
3 0.51220703125 0.6279296875 0.3115234375 0.1201171875