0 0.9404296875 0.1796875 0.119140625 0.099609375
0 0.9404296875 0.4599609375 0.119140625 0.099609375
0 0.0595703125 0.669921875 0.119140625 0.099609375
2 0.7197265625 0.1796875 0.140625 0.16015625
2 0.7197265625 0.4599609375 0.140625 0.16015625
2 0.7197265625 0.669921875 0.140625 0.16015625
2 0.5498046875 0.4599609375 0.140625 0.16015625
2 0.3896484375 0.4599609375 0.140625 0.16015625
2 0.3896484375 0.669921875 0.140625 0.16015625
2 0.23046875 0.669921875 0.140625 0.16015625
4 0.3896484375 0.1796875 0.140625 0.16015625
4 0.23046875 0.1796875 0.140625 0.16015625
4 0.3896484375 0.8798828125 0.140625 0.16015625
3 0.83984375 0.1796875 0.080078125 0.009765625
3 0.83984375 0.4599609375 0.080078125 0.009765625
3 0.7197265625 0.3203125 0.009765625 0.119140625
3 0.7197265625 0.5703125 0.009765625 0.0390625
3 0.60546875 0.1796875 0.08984375 0.009765625
3 0.5546875 0.2802734375 0.009765625 0.1796875
3 0.5048828125 0.1796875 0.109375 0.009765625
3 0.4697265625 0.4599609375 0.01953125 0.009765625
3 0.544921875 0.7099609375 0.009765625 0.3203125
3 0.5048828125 0.875 0.080078125 0.009765625
3 0.3896484375 0.5703125 0.009765625 0.0390625
3 0.3896484375 0.76953125 0.009765625 0.0390625
3 0.275390625 0.4501953125 0.08984375 0.009765625
3 0.23046875 0.365234375 0.009765625 0.16015625
3 0.275390625 0.474609375 0.08984375 0.009765625
3 0.275390625 0.875 0.08984375 0.009765625
3 0.23046875 0.7998046875 0.009765625 0.140625
3 0.1396484375 0.525390625 0.16015625 0.009765625
3 0.0595703125 0.5751953125 0.009765625 0.099609375
6 0.490234375 0.5 0.689453125 0.990234375
6 0.724609375 0.6298828125 0.1796875 0.66015625