6 0.48583984375 0.5 0.6962890625 0.990234375
6 0.72607421875 0.6298828125 0.181640625 0.6650390625
0 0.94189453125 0.18115234375 0.1162109375 0.091796875
0 0.94189453125 0.462890625 0.1162109375 0.091796875
0 0.05908203125 0.669921875 0.1162109375 0.091796875
2 0.72412109375 0.18115234375 0.1357421875 0.171875
2 0.72412109375 0.462890625 0.1357421875 0.171875
2 0.72412109375 0.669921875 0.1357421875 0.171875
4 0.38720703125 0.18115234375 0.1357421875 0.171875
4 0.22802734375 0.18115234375 0.1357421875 0.171875
2 0.544921875 0.462890625 0.1357421875 0.171875
2 0.38720703125 0.462890625 0.1357421875 0.171875
2 0.38720703125 0.669921875 0.1357421875 0.171875
2 0.22802734375 0.669921875 0.1357421875 0.171875
4 0.38720703125 0.8779296875 0.1357421875 0.171875
3 0.83984375 0.18115234375 0.087890625 0.0048828125
3 0.83984375 0.462890625 0.087890625 0.0048828125
3 0.72412109375 0.31494140625 0.0048828125 0.08984375
3 0.72412109375 0.56494140625 0.0048828125 0.03515625
3 0.55712890625 0.18115234375 0.3349609375 0.0048828125
3 0.55712890625 0.27490234375 0.0048828125 0.1845703125
3 0.46923828125 0.462890625 0.0146484375 0.0048828125
3 0.38720703125 0.56494140625 0.0048828125 0.03515625
3 0.38720703125 0.77197265625 0.0048828125 0.03515625
3 0.544921875 0.7099609375 0.0048828125 0.490234375
3 0.5048828125 0.8779296875 0.099609375 0.0048828125
3 0.27197265625 0.8779296875 0.08984375 0.0048828125
3 0.22802734375 0.77197265625 0.0048828125 0.03515625
3 0.27197265625 0.462890625 0.091796875 0.0048828125
3 0.27197265625 0.52490234375 0.091796875 0.0048828125
3 0.22802734375 0.35498046875 0.0048828125 0.21484375
3 0.14013671875 0.52490234375 0.171875 0.0048828125
3 0.22802734375 0.52490234375 0.0048828125 0.1201171875