6 0.51416015625 0.5 0.6962890625 0.990234375
6 0.27392578125 0.6298828125 0.181640625 0.6650390625
0 0.05810546875 0.18115234375 0.1162109375 0.091796875
0 0.05810546875 0.462890625 0.1162109375 0.091796875
0 0.94091796875 0.669921875 0.1162109375 0.091796875
2 0.27587890625 0.18115234375 0.1357421875 0.171875
2 0.27587890625 0.462890625 0.1357421875 0.171875
2 0.27587890625 0.669921875 0.1357421875 0.171875
4 0.61279296875 0.18115234375 0.1357421875 0.171875
4 0.77197265625 0.18115234375 0.1357421875 0.171875
2 0.455078125 0.462890625 0.1357421875 0.171875
2 0.61279296875 0.462890625 0.1357421875 0.171875
2 0.61279296875 0.669921875 0.1357421875 0.171875
2 0.77197265625 0.669921875 0.1357421875 0.171875
4 0.61279296875 0.8779296875 0.1357421875 0.171875
3 0.16015625 0.18115234375 0.087890625 0.0048828125
3 0.16015625 0.462890625 0.087890625 0.0048828125
3 0.27587890625 0.31494140625 0.0048828125 0.08984375
3 0.27587890625 0.56494140625 0.0048828125 0.03515625
3 0.44287109375 0.18115234375 0.3349609375 0.0048828125
3 0.44287109375 0.27490234375 0.0048828125 0.1845703125
3 0.53076171875 0.462890625 0.0146484375 0.0048828125
3 0.61279296875 0.56494140625 0.0048828125 0.03515625
3 0.61279296875 0.77197265625 0.0048828125 0.03515625
3 0.455078125 0.7099609375 0.0048828125 0.490234375
3 0.4951171875 0.8779296875 0.099609375 0.0048828125
3 0.72802734375 0.8779296875 0.08984375 0.0048828125
3 0.77197265625 0.77197265625 0.0048828125 0.03515625
3 0.72802734375 0.462890625 0.091796875 0.0048828125
3 0.72802734375 0.52490234375 0.091796875 0.0048828125
3 0.77197265625 0.35498046875 0.0048828125 0.21484375
3 0.85986328125 0.52490234375 0.171875 0.0048828125
3 0.77197265625 0.52490234375 0.0048828125 0.1201171875