0 0.912109375 0.3154296875 0.0625 0.044921875
0 0.6201171875 0.677734375 0.0625 0.044921875
3 0.671875 0.3203125 0.044921875 0.044921875
3 0.671875 0.384765625 0.044921875 0.044921875
5 0.671875 0.4453125 0.044921875 0.044921875
3 0.671875 0.5048828125 0.044921875 0.044921875
4 0.2939453125 0.33203125 0.03515625 0.044921875
4 0.0947265625 0.33203125 0.03515625 0.044921875
4 0.2939453125 0.5048828125 0.048828125 0.048828125
4 0.10546875 0.5048828125 0.048828125 0.048828125
2 0.10546875 0.671875 0.064453125 0.052734375
1 0.8056640625 0.3203125 0.115234375 0.009765625
1 0.6201171875 0.6279296875 0.005859375 0.0546875
1 0.39453125 0.3349609375 0.134765625 0.009765625
1 0.1982421875 0.3349609375 0.134765625 0.009765625
1 0.0947265625 0.4150390625 0.005859375 0.115234375
1 0.10546875 0.5947265625 0.005859375 0.115234375
1 0.2197265625 0.671875 0.1640625 0.009765625
1 0.2939453125 0.615234375 0.005859375 0.14453125
1 0.2880859375 0.427734375 0.005859375 0.095703125
1 0.4052734375 0.40234375 0.138671875 0.009765625
1 0.337890625 0.4501953125 0.005859375 0.10546875
6 0.6015625 0.41015625 0.251953125 0.3046875
6 0.3916015625 0.3876953125 0.72265625 0.427734375