6 0.60888671875 0.341796875 0.7216796875 0.6201171875
6 0.39697265625 0.3720703125 0.25 0.4404296875
0 0.087890625 0.23291015625 0.068359375 0.0595703125
0 0.3798828125 0.76123046875 0.064453125 0.0615234375
1 0.89306640625 0.7509765625 0.0703125 0.08203125
2 0.7099609375 0.51318359375 0.0556640625 0.07421875
2 0.89404296875 0.51318359375 0.0556640625 0.07421875
3 0.18505859375 0.23779296875 0.1259765625 0.009765625
3 0.60595703125 0.26513671875 0.1484375 0.009765625
3 0.8017578125 0.26513671875 0.1279296875 0.009765625
3 0.90087890625 0.408203125 0.009765625 0.1201171875
3 0.89404296875 0.62890625 0.009765625 0.146484375
3 0.7822265625 0.6748046875 0.15234375 0.1533203125
3 0.7099609375 0.4111328125 0.009765625 0.1142578125
3 0.59619140625 0.43701171875 0.1357421875 0.1533203125
3 0.3798828125 0.68701171875 0.009765625 0.0703125