0 0.9462890625 0.4296875 0.0546875 0.08984375
4 0.8017578125 0.2802734375 0.048828125 0.07421875
4 0.775390625 0.4296875 0.0546875 0.08984375
5 0.591796875 0.4296875 0.0546875 0.08984375
5 0.46484375 0.4296875 0.0546875 0.08984375
4 0.4619140625 0.14453125 0.0546875 0.08984375
5 0.2919921875 0.4296875 0.0546875 0.08984375
5 0.17578125 0.4296875 0.0546875 0.08984375
5 0.0615234375 0.4296875 0.0546875 0.08984375
5 0.5283203125 0.83984375 0.0546875 0.08984375
4 0.412109375 0.83984375 0.0546875 0.08984375
5 0.2919921875 0.6845703125 0.0546875 0.08984375
4 0.177734375 0.83984375 0.0546875 0.08984375
3 0.0615234375 0.83984375 0.0546875 0.08984375
1 0.8818359375 0.4296875 0.072265625 0.009765625
1 0.7080078125 0.4296875 0.078125 0.009765625
1 0.5322265625 0.4296875 0.064453125 0.009765625
1 0.3876953125 0.4296875 0.099609375 0.009765625
1 0.234375 0.4296875 0.0625 0.009765625
1 0.119140625 0.4296875 0.060546875 0.009765625
1 0.58984375 0.6953125 0.005859375 0.28515625
1 0.572265625 0.83984375 0.029296875 0.009765625
1 0.4697265625 0.83984375 0.0625 0.009765625
1 0.412109375 0.724609375 0.005859375 0.140625
1 0.3720703125 0.6845703125 0.07421875 0.009765625
1 0.2919921875 0.58984375 0.005859375 0.099609375
1 0.2919921875 0.294921875 0.005859375 0.2109375
1 0.3564453125 0.14453125 0.158203125 0.009765625
1 0.64453125 0.14453125 0.419921875 0.009765625
1 0.8076171875 0.1845703125 0.005859375 0.08984375
1 0.294921875 0.83984375 0.177734375 0.009765625
1 0.1201171875 0.83984375 0.0625 0.009765625
6 0.8447265625 0.5 0.3046875 0.990234375
6 0.328125 0.5 0.650390625 0.990234375