0 0.9599609375 0.4052734375 0.0546875 0.08984375
0 0.9599609375 0.5947265625 0.0546875 0.08984375
4 0.775390625 0.4052734375 0.0546875 0.08984375
4 0.775390625 0.5947265625 0.0546875 0.08984375
5 0.58203125 0.4052734375 0.0546875 0.08984375
5 0.58203125 0.5947265625 0.0546875 0.08984375
5 0.3984375 0.5 0.0546875 0.08984375
4 0.3984375 0.251953125 0.04296875 0.064453125
4 0.3984375 0.6796875 0.048828125 0.044921875
5 0.3984375 0.83984375 0.0546875 0.08984375
3 0.181640625 0.6796875 0.0546875 0.08984375
5 0.087890625 0.5 0.0546875 0.08984375
1 0.8818359375 0.4052734375 0.1015625 0.009765625
1 0.8818359375 0.5947265625 0.1015625 0.009765625
1 0.681640625 0.4052734375 0.1328125 0.009765625
1 0.681640625 0.5947265625 0.1328125 0.009765625
1 0.490234375 0.4501953125 0.05078125 0.009765625
1 0.490234375 0.5498046875 0.05078125 0.009765625
1 0.46484375 0.5 0.005859375 0.099609375
1 0.46484375 0.5 0.080078125 0.009765625
1 0.3984375 0.3701171875 0.005859375 0.14453125
1 0.3984375 0.6201171875 0.005859375 0.125
1 0.3984375 0.759765625 0.005859375 0.099609375
1 0.2578125 0.5 0.2265625 0.009765625
1 0.2978515625 0.6796875 0.150390625 0.009765625
6 0.837890625 0.5 0.318359375 0.990234375
6 0.330078125 0.5 0.654296875 0.990234375
6 0.775390625 0.5 0.154296875 0.5