0 0.0537109375 0.4296875 0.0546875 0.08984375
4 0.1982421875 0.2802734375 0.048828125 0.07421875
4 0.224609375 0.4296875 0.0546875 0.08984375
5 0.408203125 0.4296875 0.0546875 0.08984375
5 0.53515625 0.4296875 0.0546875 0.08984375
4 0.5380859375 0.14453125 0.0546875 0.08984375
5 0.7080078125 0.4296875 0.0546875 0.08984375
5 0.82421875 0.4296875 0.0546875 0.08984375
5 0.9384765625 0.4296875 0.0546875 0.08984375
5 0.4716796875 0.83984375 0.0546875 0.08984375
4 0.587890625 0.83984375 0.0546875 0.08984375
5 0.7080078125 0.6845703125 0.0546875 0.08984375
4 0.822265625 0.83984375 0.0546875 0.08984375
3 0.9384765625 0.83984375 0.0546875 0.08984375
1 0.1181640625 0.4296875 0.072265625 0.009765625
1 0.2919921875 0.4296875 0.078125 0.009765625
1 0.4677734375 0.4296875 0.064453125 0.009765625
1 0.6123046875 0.4296875 0.099609375 0.009765625
1 0.765625 0.4296875 0.0625 0.009765625
1 0.880859375 0.4296875 0.060546875 0.009765625
1 0.41015625 0.6953125 0.005859375 0.28515625
1 0.427734375 0.83984375 0.029296875 0.009765625
1 0.5302734375 0.83984375 0.0625 0.009765625
1 0.587890625 0.724609375 0.005859375 0.140625
1 0.6279296875 0.6845703125 0.07421875 0.009765625
1 0.7080078125 0.58984375 0.005859375 0.099609375
1 0.7080078125 0.294921875 0.005859375 0.2109375
1 0.6435546875 0.14453125 0.158203125 0.009765625
1 0.35546875 0.14453125 0.419921875 0.009765625
1 0.1923828125 0.1845703125 0.005859375 0.08984375
1 0.705078125 0.83984375 0.177734375 0.009765625
1 0.8798828125 0.83984375 0.0625 0.009765625
6 0.1552734375 0.5 0.3046875 0.990234375
6 0.671875 0.5 0.650390625 0.990234375