6 0.162109375 0.4990234375 0.3203125 0.990234375
6 0.669921875 0.4990234375 0.6552734375 0.990234375
6 0.22509765625 0.4990234375 0.173828125 0.4990234375
0 0.041015625 0.4072265625 0.056640625 0.087890625
0 0.041015625 0.59716796875 0.056640625 0.087890625
2 0.22509765625 0.4072265625 0.056640625 0.087890625
2 0.22509765625 0.59716796875 0.056640625 0.087890625
2 0.4169921875 0.4072265625 0.056640625 0.087890625
2 0.4169921875 0.59716796875 0.056640625 0.087890625
2 0.60107421875 0.4990234375 0.056640625 0.087890625
2 0.60107421875 0.248046875 0.056640625 0.087890625
2 0.60107421875 0.68505859375 0.056640625 0.025390625
4 0.60107421875 0.85205078125 0.056640625 0.087890625
4 0.9130859375 0.4990234375 0.056640625 0.087890625
5 0.81396484375 0.68505859375 0.056640625 0.087890625
3 0.1259765625 0.4072265625 0.1142578125 0.005859375
3 0.1259765625 0.59716796875 0.1142578125 0.005859375
3 0.3251953125 0.4072265625 0.1416015625 0.005859375
3 0.3251953125 0.59716796875 0.1416015625 0.005859375
3 0.48193359375 0.453125 0.013671875 0.087890625
3 0.48193359375 0.544921875 0.013671875 0.087890625
3 0.509765625 0.4990234375 0.0419921875 0.005859375
3 0.75 0.4990234375 0.2421875 0.005859375
3 0.60107421875 0.341796875 0.005859375 0.099609375
3 0.60107421875 0.591796875 0.005859375 0.099609375
3 0.60107421875 0.76806640625 0.005859375 0.080078125
3 0.7021484375 0.68505859375 0.1435546875 0.005859375