6 0.837890625 0.4990234375 0.3203125 0.990234375
6 0.330078125 0.4990234375 0.6552734375 0.990234375
6 0.77490234375 0.4990234375 0.173828125 0.4990234375
0 0.958984375 0.4072265625 0.056640625 0.087890625
0 0.958984375 0.59716796875 0.056640625 0.087890625
2 0.77490234375 0.4072265625 0.056640625 0.087890625
2 0.77490234375 0.59716796875 0.056640625 0.087890625
2 0.5830078125 0.4072265625 0.056640625 0.087890625
2 0.5830078125 0.59716796875 0.056640625 0.087890625
2 0.39892578125 0.4990234375 0.056640625 0.087890625
2 0.39892578125 0.248046875 0.056640625 0.087890625
2 0.39892578125 0.68505859375 0.056640625 0.025390625
4 0.39892578125 0.85205078125 0.056640625 0.087890625
4 0.0869140625 0.4990234375 0.056640625 0.087890625
5 0.18603515625 0.68505859375 0.056640625 0.087890625
3 0.8740234375 0.4072265625 0.1142578125 0.005859375
3 0.8740234375 0.59716796875 0.1142578125 0.005859375
3 0.6748046875 0.4072265625 0.1416015625 0.005859375
3 0.6748046875 0.59716796875 0.1416015625 0.005859375
3 0.51806640625 0.453125 0.013671875 0.087890625
3 0.51806640625 0.544921875 0.013671875 0.087890625
3 0.490234375 0.4990234375 0.0419921875 0.005859375
3 0.25 0.4990234375 0.2421875 0.005859375
3 0.39892578125 0.341796875 0.005859375 0.099609375
3 0.39892578125 0.591796875 0.005859375 0.099609375
3 0.39892578125 0.76806640625 0.005859375 0.080078125
3 0.2978515625 0.68505859375 0.1435546875 0.005859375