0 0.0498046875 0.6201171875 0.05078125 0.060546875
2 0.0498046875 0.25 0.08984375 0.060546875
2 0.169921875 0.25 0.080078125 0.060546875
2 0.2900390625 0.25 0.060546875 0.060546875
2 0.41015625 0.25 0.080078125 0.060546875
2 0.5498046875 0.0595703125 0.060546875 0.060546875
2 0.5498046875 0.48046875 0.060546875 0.060546875
2 0.6904296875 0.0595703125 0.109375 0.060546875
2 0.6904296875 0.48046875 0.109375 0.060546875
2 0.830078125 0.25 0.060546875 0.060546875
2 0.9599609375 0.25 0.0703125 0.060546875
2 0.4599609375 0.830078125 0.060546875 0.08984375
4 0.169921875 0.0595703125 0.0703125 0.060546875
4 0.6904296875 0.25 0.0703125 0.060546875
4 0.240234375 0.6201171875 0.08984375 0.060546875
4 0.3603515625 0.6201171875 0.060546875 0.119140625
4 0.4599609375 0.6201171875 0.060546875 0.119140625
5 0.830078125 0.48046875 0.08984375 0.060546875
3 0.115234375 0.25 0.029296875 0.01953125
3 0.169921875 0.150390625 0.009765625 0.119140625
3 0.23046875 0.25 0.029296875 0.01953125
3 0.349609375 0.25 0.05078125 0.01953125
3 0.41015625 0.3603515625 0.009765625 0.140625
3 0.41015625 0.4296875 0.119140625 0.009765625
3 0.3603515625 0.5 0.009765625 0.099609375
3 0.4599609375 0.5 0.009765625 0.099609375
3 0.490234375 0.25 0.0703125 0.01953125
3 0.5498046875 0.26953125 0.009765625 0.33984375
3 0.5498046875 0.25 0.009765625 0.30078125
3 0.58984375 0.0595703125 0.029296875 0.01953125
3 0.58984375 0.48046875 0.029296875 0.01953125
3 0.6904296875 0.150390625 0.009765625 0.080078125
3 0.6904296875 0.3701171875 0.009765625 0.099609375
3 0.73046875 0.3203125 0.060546875 0.009765625
3 0.76953125 0.400390625 0.009765625 0.16015625
3 0.75 0.0595703125 0.080078125 0.009765625
3 0.830078125 0.1396484375 0.009765625 0.16015625
3 0.830078125 0.400390625 0.009765625 0.099609375
3 0.8896484375 0.25 0.05078125 0.01953125
3 0.9599609375 0.5498046875 0.009765625 0.5
3 0.7099609375 0.830078125 0.4609375 0.009765625
3 0.33984375 0.830078125 0.1796875 0.009765625
3 0.240234375 0.740234375 0.009765625 0.1796875
3 0.1298828125 0.6201171875 0.099609375 0.009765625