0 0.9328512396694215 0.1115702479338843 0.04132231404958678 0.0640495867768595
1 0.7696280991735537 0.10537190082644628 0.1487603305785124 0.09504132231404959
2 0.7696280991735537 0.21177685950413222 0.12603305785123967 0.0640495867768595
2 0.5526859504132231 0.25413223140495866 0.08471074380165289 0.0743801652892562
2 0.6260330578512396 0.3760330578512397 0.05371900826446281 0.0640495867768595
2 0.5526859504132231 0.3760330578512397 0.05371900826446281 0.0640495867768595
2 0.47830578512396693 0.3760330578512397 0.05371900826446281 0.0640495867768595
4 0.41012396694214875 0.25413223140495866 0.05371900826446281 0.0743801652892562
5 0.34607438016528924 0.25413223140495866 0.05371900826446281 0.0743801652892562
5 0.27789256198347106 0.25413223140495866 0.05371900826446281 0.0743801652892562
2 0.11363636363636363 0.0743801652892562 0.08471074380165289 0.0640495867768595
2 0.10330578512396695 0.19008264462809918 0.0743801652892562 0.0743801652892562
5 0.17148760330578514 0.31714876033057854 0.05371900826446281 0.0640495867768595
4 0.10330578512396695 0.31714876033057854 0.05371900826446281 0.0640495867768595
4 0.03925619834710744 0.31714876033057854 0.05371900826446281 0.0640495867768595
5 0.8119834710743802 0.3068181818181818 0.030991735537190084 0.030991735537190084
5 0.7644628099173554 0.3068181818181818 0.030991735537190084 0.030991735537190084
5 0.7169421487603306 0.3068181818181818 0.030991735537190084 0.030991735537190084
5 0.7902892561983471 0.4121900826446281 0.030991735537190084 0.030991735537190084
5 0.7427685950413223 0.4121900826446281 0.030991735537190084 0.030991735537190084
5 0.8119834710743802 0.5764462809917356 0.04132231404958678 0.05371900826446281
5 0.7427685950413223 0.5764462809917356 0.04132231404958678 0.05371900826446281
5 0.6849173553719008 0.5764462809917356 0.04132231404958678 0.05371900826446281
5 0.7272727272727273 0.8305785123966942 0.10537190082644628 0.030991735537190084
5 0.7272727272727273 0.8574380165289256 0.10537190082644628 0.030991735537190084
5 0.7272727272727273 0.893595041322314 0.10537190082644628 0.04132231404958678
5 0.7272727272727273 0.9204545454545454 0.10537190082644628 0.030991735537190084
5 0.5526859504132231 0.8832644628099173 0.04132231404958678 0.04132231404958678
5 0.4834710743801653 0.8832644628099173 0.04132231404958678 0.04132231404958678
5 0.4152892561983471 0.8832644628099173 0.04132231404958678 0.04132231404958678
5 0.3512396694214876 0.8832644628099173 0.04132231404958678 0.04132231404958678
3 0.8801652892561983 0.1115702479338843 0.0640495867768595 0.008264462809917356
3 0.6632231404958677 0.12706611570247933 0.0640495867768595 0.008264462809917356
3 0.6105371900826446 0.10020661157024793 0.006198347107438017 0.05371900826446281
3 0.5578512396694215 0.10020661157024793 0.006198347107438017 0.05371900826446281
3 0.5 0.10020661157024793 0.006198347107438017 0.05371900826446281
3 0.4462809917355372 0.10020661157024793 0.006198347107438017 0.05371900826446281
3 0.378099173553719 0.10020661157024793 0.006198347107438017 0.05371900826446281
3 0.3202479338842975 0.10020661157024793 0.006198347107438017 0.05371900826446281
3 0.2665289256198347 0.10020661157024793 0.006198347107438017 0.05371900826446281
3 0.21384297520661158 0.10020661157024793 0.006198347107438017 0.05371900826446281
3 0.637396694214876 0.17458677685950413 0.04132231404958678 0.12603305785123967
3 0.5526859504132231 0.17458677685950413 0.12603305785123967 0.008264462809917356
3 0.5578512396694215 0.47107438016528924 0.006198347107438017 0.359504132231405
3 0.6208677685950413 0.8254132231404959 0.11570247933884298 0.008264462809917356
3 0.7169421487603306 0.6291322314049587 0.006198347107438017 0.10537190082644628
3 0.34607438016528924 0.8512396694214877 0.3285123966942149 0.008264462809917356
3 0.22417355371900827 0.18491735537190082 0.006198347107438017 0.1590909090909091
3 0.10330578512396695 0.12190082644628099 0.006198347107438017 0.04132231404958678
3 0.44111570247933884 0.48140495867768596 0.006198347107438017 0.42355371900826444
6 0.4380165289256198 0.3357438016528926 0.8760330578512396 0.6714876033057852
6 0.4380165289256198 0.7551652892561983 0.8760330578512396 0.34917355371900827
6 0.5950413223140496 0.8088842975206612 0.5495867768595041 0.2644628099173554
6 0.08367768595041322 0.12190082644628099 0.16735537190082644 0.24380165289256198
6 0.5526859504132231 0.33367768595041325 0.2334710743801653 0.2644628099173554
6 0.5526859504132231 0.08987603305785125 0.2231404958677686 0.10537190082644628
6 0.32541322314049587 0.08987603305785125 0.2231404958677686 0.10537190082644628