0 0.849609375 0.0654296875 0.060546875 0.0390625
1 0.85546875 0.2197265625 0.08984375 0.140625
2 0.7548828125 0.2197265625 0.060546875 0.119140625
2 0.71484375 0.4248046875 0.0703125 0.080078125
2 0.599609375 0.35546875 0.060546875 0.05078125
2 0.599609375 0.4248046875 0.060546875 0.05078125
2 0.599609375 0.4951171875 0.060546875 0.05078125
4 0.71484375 0.5595703125 0.0703125 0.05078125
5 0.71484375 0.6201171875 0.0703125 0.05078125
5 0.71484375 0.6845703125 0.0703125 0.05078125
2 0.884765625 0.83984375 0.060546875 0.080078125
2 0.775390625 0.849609375 0.0703125 0.0703125
5 0.6552734375 0.78515625 0.060546875 0.05078125
4 0.6552734375 0.849609375 0.060546875 0.05078125
4 0.6552734375 0.91015625 0.060546875 0.05078125
5 0.6650390625 0.1796875 0.029296875 0.029296875
5 0.6650390625 0.224609375 0.029296875 0.029296875
5 0.6650390625 0.26953125 0.029296875 0.029296875
5 0.5654296875 0.2001953125 0.029296875 0.029296875
5 0.5654296875 0.2451171875 0.029296875 0.029296875
5 0.41015625 0.1796875 0.05078125 0.0390625
5 0.41015625 0.2451171875 0.05078125 0.0390625
5 0.41015625 0.2998046875 0.05078125 0.0390625
5 0.169921875 0.259765625 0.029296875 0.099609375
5 0.14453125 0.259765625 0.029296875 0.099609375
5 0.1103515625 0.259765625 0.0390625 0.099609375
5 0.0849609375 0.259765625 0.029296875 0.099609375
5 0.1201171875 0.4248046875 0.0390625 0.0390625
5 0.1201171875 0.490234375 0.0390625 0.0390625
5 0.1201171875 0.5546875 0.0390625 0.0390625
5 0.1201171875 0.615234375 0.0390625 0.0390625
3 0.849609375 0.115234375 0.0078125 0.060546875
3 0.8349609375 0.3203125 0.0078125 0.060546875
3 0.8603515625 0.3701171875 0.05078125 0.005859375
3 0.8603515625 0.419921875 0.05078125 0.005859375
3 0.8603515625 0.474609375 0.05078125 0.005859375
3 0.8603515625 0.525390625 0.05078125 0.005859375
3 0.8603515625 0.58984375 0.05078125 0.005859375
3 0.8603515625 0.64453125 0.05078125 0.005859375
3 0.8603515625 0.6953125 0.05078125 0.005859375
3 0.8603515625 0.7451171875 0.05078125 0.005859375
3 0.7900390625 0.3447265625 0.119140625 0.0390625
3 0.7900390625 0.4248046875 0.0078125 0.119140625
3 0.509765625 0.419921875 0.33984375 0.005859375
3 0.1748046875 0.3603515625 0.0078125 0.109375
3 0.3603515625 0.26953125 0.099609375 0.005859375
3 0.150390625 0.6201171875 0.0078125 0.310546875
3 0.7802734375 0.7353515625 0.150390625 0.005859375
3 0.83984375 0.849609375 0.0390625 0.005859375
3 0.96484375 0.6650390625 0.0078125 0.26953125
3 0.5 0.5302734375 0.400390625 0.005859375
6 0.650390625 0.5498046875 0.66015625 0.859375
6 0.240234375 0.5498046875 0.330078125 0.859375
6 0.1904296875 0.384765625 0.25 0.51953125
6 0.83984375 0.8798828125 0.23046875 0.1796875
6 0.6396484375 0.4248046875 0.25 0.220703125
6 0.8701171875 0.4248046875 0.099609375 0.2109375
6 0.8701171875 0.6396484375 0.099609375 0.2109375