0 0.15217391304347827 0.9377470355731226 0.06126482213438735 0.039525691699604744
1 0.14624505928853754 0.7816205533596838 0.09090909090909091 0.1422924901185771
2 0.24802371541501977 0.7816205533596838 0.06126482213438735 0.12055335968379446
2 0.2885375494071146 0.5741106719367589 0.07114624505928854 0.08102766798418973
2 0.4051383399209486 0.6442687747035574 0.06126482213438735 0.05138339920948617
2 0.4051383399209486 0.5741106719367589 0.06126482213438735 0.05138339920948617
2 0.4051383399209486 0.5029644268774703 0.06126482213438735 0.05138339920948617
4 0.2885375494071146 0.43774703557312256 0.07114624505928854 0.05138339920948617
5 0.2885375494071146 0.37648221343873517 0.07114624505928854 0.05138339920948617
5 0.2885375494071146 0.31126482213438733 0.07114624505928854 0.05138339920948617
2 0.116600790513834 0.1541501976284585 0.06126482213438735 0.08102766798418973
2 0.22727272727272727 0.1442687747035573 0.07114624505928854 0.07114624505928854
5 0.34881422924901184 0.20948616600790515 0.06126482213438735 0.05138339920948617
4 0.34881422924901184 0.1442687747035573 0.06126482213438735 0.05138339920948617
4 0.34881422924901184 0.08300395256916997 0.06126482213438735 0.05138339920948617
5 0.33893280632411066 0.8221343873517787 0.029644268774703556 0.029644268774703556
5 0.33893280632411066 0.7766798418972332 0.029644268774703556 0.029644268774703556
5 0.33893280632411066 0.7312252964426877 0.029644268774703556 0.029644268774703556
5 0.4397233201581028 0.8013833992094862 0.029644268774703556 0.029644268774703556
5 0.4397233201581028 0.7559288537549407 0.029644268774703556 0.029644268774703556
5 0.5968379446640316 0.8221343873517787 0.05138339920948617 0.039525691699604744
5 0.5968379446640316 0.7559288537549407 0.05138339920948617 0.039525691699604744
5 0.5968379446640316 0.700592885375494 0.05138339920948617 0.039525691699604744
5 0.8399209486166008 0.741106719367589 0.029644268774703556 0.1007905138339921
5 0.8656126482213439 0.741106719367589 0.029644268774703556 0.1007905138339921
5 0.900197628458498 0.741106719367589 0.039525691699604744 0.1007905138339921
5 0.9258893280632411 0.741106719367589 0.029644268774703556 0.1007905138339921
5 0.8903162055335968 0.5741106719367589 0.039525691699604744 0.039525691699604744
5 0.8903162055335968 0.5079051383399209 0.039525691699604744 0.039525691699604744
5 0.8903162055335968 0.4426877470355731 0.039525691699604744 0.039525691699604744
5 0.8903162055335968 0.3814229249011858 0.039525691699604744 0.039525691699604744
3 0.15217391304347827 0.8873517786561265 0.007905138339920948 0.06126482213438735
3 0.16699604743083005 0.6798418972332015 0.007905138339920948 0.06126482213438735
3 0.14130434782608695 0.6294466403162056 0.05138339920948617 0.005928853754940711
3 0.14130434782608695 0.5790513833992095 0.05138339920948617 0.005928853754940711
3 0.14130434782608695 0.5237154150197628 0.05138339920948617 0.005928853754940711
3 0.14130434782608695 0.4723320158102767 0.05138339920948617 0.005928853754940711
3 0.14130434782608695 0.40711462450592883 0.05138339920948617 0.005928853754940711
3 0.14130434782608695 0.35177865612648224 0.05138339920948617 0.005928853754940711
3 0.14130434782608695 0.30039525691699603 0.05138339920948617 0.005928853754940711
3 0.14130434782608695 0.25 0.05138339920948617 0.005928853754940711
3 0.2124505928853755 0.6551383399209486 0.12055335968379446 0.039525691699604744
3 0.2124505928853755 0.5741106719367589 0.007905138339920948 0.12055335968379446
3 0.49604743083003955 0.5790513833992095 0.3438735177865613 0.005928853754940711
3 0.8349802371541502 0.6393280632411067 0.007905138339920948 0.11067193675889328
3 0.6472332015810277 0.7312252964426877 0.1007905138339921 0.005928853754940711
3 0.8596837944664032 0.37648221343873517 0.007905138339920948 0.3142292490118577
3 0.22233201581027667 0.2598814229249012 0.15217391304347827 0.005928853754940711
3 0.16205533596837945 0.1442687747035573 0.039525691699604744 0.005928853754940711
3 0.03557312252964427 0.3310276679841897 0.007905138339920948 0.2727272727272727
3 0.5059288537549407 0.4673913043478261 0.4051383399209486 0.005928853754940711
6 0.35375494071146246 0.44762845849802374 0.6679841897233202 0.8695652173913043
6 0.7687747035573123 0.44762845849802374 0.3339920948616601 0.8695652173913043
6 0.8191699604743083 0.6146245059288538 0.25296442687747034 0.525691699604743
6 0.16205533596837945 0.11363636363636363 0.233201581027668 0.18181818181818182
6 0.36462450592885376 0.5741106719367589 0.25296442687747034 0.22332015810276679
6 0.13142292490118576 0.5741106719367589 0.1007905138339921 0.2134387351778656
6 0.13142292490118576 0.3567193675889328 0.1007905138339921 0.2134387351778656