0 0.0654296875 0.150390625 0.0390625 0.060546875
1 0.2197265625 0.14453125 0.140625 0.08984375
2 0.2197265625 0.2451171875 0.119140625 0.060546875
2 0.4248046875 0.28515625 0.080078125 0.0703125
2 0.35546875 0.400390625 0.05078125 0.060546875
2 0.4248046875 0.400390625 0.05078125 0.060546875
2 0.4951171875 0.400390625 0.05078125 0.060546875
4 0.5595703125 0.28515625 0.05078125 0.0703125
5 0.6201171875 0.28515625 0.05078125 0.0703125
5 0.6845703125 0.28515625 0.05078125 0.0703125
2 0.83984375 0.115234375 0.080078125 0.060546875
2 0.849609375 0.224609375 0.0703125 0.0703125
5 0.78515625 0.3447265625 0.05078125 0.060546875
4 0.849609375 0.3447265625 0.05078125 0.060546875
4 0.91015625 0.3447265625 0.05078125 0.060546875
5 0.1796875 0.3349609375 0.029296875 0.029296875
5 0.224609375 0.3349609375 0.029296875 0.029296875
5 0.26953125 0.3349609375 0.029296875 0.029296875
5 0.2001953125 0.4345703125 0.029296875 0.029296875
5 0.2451171875 0.4345703125 0.029296875 0.029296875
5 0.1796875 0.58984375 0.0390625 0.05078125
5 0.2451171875 0.58984375 0.0390625 0.05078125
5 0.2998046875 0.58984375 0.0390625 0.05078125
5 0.259765625 0.830078125 0.099609375 0.029296875
5 0.259765625 0.85546875 0.099609375 0.029296875
5 0.259765625 0.8896484375 0.099609375 0.0390625
5 0.259765625 0.9150390625 0.099609375 0.029296875
5 0.4248046875 0.8798828125 0.0390625 0.0390625
5 0.490234375 0.8798828125 0.0390625 0.0390625
5 0.5546875 0.8798828125 0.0390625 0.0390625
5 0.615234375 0.8798828125 0.0390625 0.0390625
3 0.115234375 0.150390625 0.060546875 0.0078125
3 0.3203125 0.1650390625 0.060546875 0.0078125
3 0.3701171875 0.1396484375 0.005859375 0.05078125
3 0.419921875 0.1396484375 0.005859375 0.05078125
3 0.474609375 0.1396484375 0.005859375 0.05078125
3 0.525390625 0.1396484375 0.005859375 0.05078125
3 0.58984375 0.1396484375 0.005859375 0.05078125
3 0.64453125 0.1396484375 0.005859375 0.05078125
3 0.6953125 0.1396484375 0.005859375 0.05078125
3 0.7451171875 0.1396484375 0.005859375 0.05078125
3 0.3447265625 0.2099609375 0.0390625 0.119140625
3 0.4248046875 0.2099609375 0.119140625 0.0078125
3 0.419921875 0.490234375 0.005859375 0.33984375
3 0.3603515625 0.8251953125 0.109375 0.0078125
3 0.26953125 0.6396484375 0.005859375 0.099609375
3 0.6201171875 0.849609375 0.310546875 0.0078125
3 0.7353515625 0.2197265625 0.005859375 0.150390625
3 0.849609375 0.16015625 0.005859375 0.0390625
3 0.6650390625 0.03515625 0.26953125 0.0078125
3 0.5302734375 0.5 0.005859375 0.400390625
6 0.5498046875 0.349609375 0.859375 0.66015625
6 0.5498046875 0.759765625 0.859375 0.330078125
6 0.384765625 0.8095703125 0.51953125 0.25
6 0.8798828125 0.16015625 0.1796875 0.23046875
6 0.4248046875 0.3603515625 0.220703125 0.25
6 0.4248046875 0.1298828125 0.2109375 0.099609375
6 0.6396484375 0.1298828125 0.2109375 0.099609375