6 0.412109375 0.2431640625 0.76171875 0.3447265625
6 0.705078125 0.2431640625 0.17578125 0.3447265625
6 0.3251953125 0.15576171875 0.58203125 0.1708984375
6 0.3251953125 0.3271484375 0.58203125 0.1708984375
6 0.5322265625 0.72021484375 0.2099609375 0.33203125
6 0.74609375 0.80322265625 0.1416015625 0.1484375
0 0.95703125 0.17578125 0.0478515625 0.076171875
1 0.7060546875 0.2431640625 0.1181640625 0.203125
5 0.5322265625 0.3271484375 0.1318359375 0.1181640625
5 0.3720703125 0.3271484375 0.1181640625 0.1181640625
5 0.248046875 0.3271484375 0.1181640625 0.1181640625
5 0.1240234375 0.3271484375 0.1181640625 0.1181640625
5 0.7978515625 0.44091796875 0.0263671875 0.0380859375
5 0.25 0.14794921875 0.103515625 0.09765625
2 0.5361328125 0.72021484375 0.1416015625 0.3056640625
4 0.3720703125 0.6201171875 0.09765625 0.1708984375
5 0.248046875 0.6201171875 0.09765625 0.1708984375
4 0.1240234375 0.6201171875 0.09765625 0.1982421875
5 0.75390625 0.6201171875 0.09765625 0.1708984375
5 0.88818359375 0.35400390625 0.08203125 0.1484375
3 0.8369140625 0.18408203125 0.1337890625 0.0048828125
3 0.82421875 0.328125 0.0478515625 0.0048828125
3 0.60498046875 0.31689453125 0.083984375 0.0048828125
3 0.5322265625 0.56884765625 0.0048828125 0.2724609375
3 0.43603515625 0.35400390625 0.0048828125 0.419921875
3 0.3720703125 0.14794921875 0.1240234375 0.0048828125
3 0.3720703125 0.22802734375 0.0048828125 0.1552734375
3 0.248046875 0.2158203125 0.248046875 0.0048828125
3 0.248046875 0.2158203125 0.0048828125 0.1298828125
3 0.1240234375 0.2158203125 0.0048828125 0.1298828125
3 0.3720703125 0.4677734375 0.0048828125 0.126953125
3 0.248046875 0.4677734375 0.0048828125 0.126953125
3 0.1240234375 0.4677734375 0.0048828125 0.126953125