0 0.13306451612903225 0.05141129032258065 0.0625 0.04032258064516129
1 0.12701612903225806 0.21068548387096775 0.09274193548387097 0.14516129032258066
2 0.23084677419354838 0.21068548387096775 0.0625 0.12298387096774194
2 0.2721774193548387 0.4223790322580645 0.07258064516129033 0.08266129032258064
2 0.3911290322580645 0.35080645161290325 0.0625 0.05241935483870968
2 0.3911290322580645 0.4223790322580645 0.0625 0.05241935483870968
2 0.3911290322580645 0.4949596774193548 0.0625 0.05241935483870968
4 0.2721774193548387 0.561491935483871 0.07258064516129033 0.05241935483870968
5 0.2721774193548387 0.623991935483871 0.07258064516129033 0.05241935483870968
5 0.2721774193548387 0.6905241935483871 0.07258064516129033 0.05241935483870968
2 0.0967741935483871 0.8508064516129032 0.0625 0.08266129032258064
2 0.20967741935483872 0.8608870967741935 0.07258064516129033 0.07258064516129033
5 0.3336693548387097 0.7943548387096774 0.0625 0.05241935483870968
4 0.3336693548387097 0.8608870967741935 0.0625 0.05241935483870968
4 0.3336693548387097 0.9233870967741935 0.0625 0.05241935483870968
5 0.3235887096774194 0.1693548387096774 0.03024193548387097 0.03024193548387097
5 0.3235887096774194 0.2157258064516129 0.03024193548387097 0.03024193548387097
5 0.3235887096774194 0.2620967741935484 0.03024193548387097 0.03024193548387097
5 0.4264112903225806 0.1905241935483871 0.03024193548387097 0.03024193548387097
5 0.4264112903225806 0.2368951612903226 0.03024193548387097 0.03024193548387097
5 0.5866935483870968 0.1693548387096774 0.05241935483870968 0.04032258064516129
5 0.5866935483870968 0.2368951612903226 0.05241935483870968 0.04032258064516129
5 0.5866935483870968 0.2933467741935484 0.05241935483870968 0.04032258064516129
5 0.8346774193548387 0.25201612903225806 0.03024193548387097 0.1028225806451613
5 0.8608870967741935 0.25201612903225806 0.03024193548387097 0.1028225806451613
5 0.8961693548387096 0.25201612903225806 0.04032258064516129 0.1028225806451613
5 0.9223790322580645 0.25201612903225806 0.03024193548387097 0.1028225806451613
5 0.8860887096774194 0.4223790322580645 0.04032258064516129 0.04032258064516129
5 0.8860887096774194 0.4899193548387097 0.04032258064516129 0.04032258064516129
5 0.8860887096774194 0.5564516129032258 0.04032258064516129 0.04032258064516129
5 0.8860887096774194 0.6189516129032258 0.04032258064516129 0.04032258064516129
3 0.13306451612903225 0.1028225806451613 0.008064516129032258 0.0625
3 0.14818548387096775 0.31451612903225806 0.008064516129032258 0.0625
3 0.1219758064516129 0.3659274193548387 0.05241935483870968 0.006048387096774193
3 0.1219758064516129 0.4173387096774194 0.05241935483870968 0.006048387096774193
3 0.1219758064516129 0.4737903225806452 0.05241935483870968 0.006048387096774193
3 0.1219758064516129 0.5262096774193549 0.05241935483870968 0.006048387096774193
3 0.1219758064516129 0.592741935483871 0.05241935483870968 0.006048387096774193
3 0.1219758064516129 0.6491935483870968 0.05241935483870968 0.006048387096774193
3 0.1219758064516129 0.7016129032258065 0.05241935483870968 0.006048387096774193
3 0.1219758064516129 0.7530241935483871 0.05241935483870968 0.006048387096774193
3 0.19455645161290322 0.3397177419354839 0.12298387096774194 0.04032258064516129
3 0.19455645161290322 0.4223790322580645 0.008064516129032258 0.12298387096774194
3 0.4838709677419355 0.4173387096774194 0.35080645161290325 0.006048387096774193
3 0.8296370967741935 0.3558467741935484 0.008064516129032258 0.11290322580645161
3 0.6381048387096774 0.2620967741935484 0.1028225806451613 0.006048387096774193
3 0.8548387096774194 0.623991935483871 0.008064516129032258 0.32056451612903225
3 0.20463709677419356 0.7429435483870968 0.15524193548387097 0.006048387096774193
3 0.1431451612903226 0.8608870967741935 0.04032258064516129 0.006048387096774193
3 0.014112903225806451 0.6703629032258065 0.008064516129032258 0.2782258064516129
3 0.4939516129032258 0.53125 0.41330645161290325 0.006048387096774193
6 0.3397177419354839 0.5504032258064516 0.6794354838709677 0.8870967741935484
6 0.7620967741935484 0.5514112903225806 0.3407258064516129 0.8870967741935484
6 0.813508064516129 0.3810483870967742 0.25806451612903225 0.5362903225806451
6 0.1431451612903226 0.8921370967741935 0.23790322580645162 0.18548387096774194
6 0.3497983870967742 0.4223790322580645 0.25806451612903225 0.22782258064516128
6 0.11189516129032258 0.4223790322580645 0.1028225806451613 0.21774193548387097
6 0.11189516129032258 0.6441532258064516 0.1028225806451613 0.21774193548387097