0 0.8591269841269841 0.9454365079365079 0.061507936507936505 0.03968253968253968
1 0.8650793650793651 0.7886904761904762 0.09126984126984126 0.14285714285714285
2 0.7628968253968254 0.7886904761904762 0.061507936507936505 0.12103174603174603
2 0.7222222222222222 0.5803571428571429 0.07142857142857142 0.08134920634920635
2 0.6051587301587301 0.6507936507936508 0.061507936507936505 0.051587301587301584
2 0.6051587301587301 0.5803571428571429 0.061507936507936505 0.051587301587301584
2 0.6051587301587301 0.5089285714285714 0.061507936507936505 0.051587301587301584
4 0.7222222222222222 0.44345238095238093 0.07142857142857142 0.051587301587301584
5 0.7222222222222222 0.3819444444444444 0.07142857142857142 0.051587301587301584
5 0.7222222222222222 0.31646825396825395 0.07142857142857142 0.051587301587301584
2 0.8948412698412699 0.15873015873015872 0.061507936507936505 0.08134920634920635
2 0.7837301587301587 0.1488095238095238 0.07142857142857142 0.07142857142857142
5 0.6617063492063492 0.21428571428571427 0.061507936507936505 0.051587301587301584
4 0.6617063492063492 0.1488095238095238 0.061507936507936505 0.051587301587301584
4 0.6617063492063492 0.0873015873015873 0.061507936507936505 0.051587301587301584
5 0.6716269841269841 0.8293650793650794 0.02976190476190476 0.02976190476190476
5 0.6716269841269841 0.7837301587301587 0.02976190476190476 0.02976190476190476
5 0.6716269841269841 0.7380952380952381 0.02976190476190476 0.02976190476190476
5 0.5704365079365079 0.808531746031746 0.02976190476190476 0.02976190476190476
5 0.5704365079365079 0.7628968253968254 0.02976190476190476 0.02976190476190476
5 0.4126984126984127 0.8293650793650794 0.051587301587301584 0.03968253968253968
5 0.4126984126984127 0.7628968253968254 0.051587301587301584 0.03968253968253968
5 0.4126984126984127 0.7073412698412699 0.051587301587301584 0.03968253968253968
5 0.16865079365079366 0.748015873015873 0.02976190476190476 0.10119047619047619
5 0.14285714285714285 0.748015873015873 0.02976190476190476 0.10119047619047619
5 0.10813492063492064 0.748015873015873 0.03968253968253968 0.10119047619047619
5 0.08234126984126984 0.748015873015873 0.02976190476190476 0.10119047619047619
5 0.11805555555555555 0.5803571428571429 0.03968253968253968 0.03968253968253968
5 0.11805555555555555 0.5138888888888888 0.03968253968253968 0.03968253968253968
5 0.11805555555555555 0.44841269841269843 0.03968253968253968 0.03968253968253968
5 0.11805555555555555 0.3869047619047619 0.03968253968253968 0.03968253968253968
3 0.8591269841269841 0.8948412698412699 0.007936507936507936 0.061507936507936505
3 0.8442460317460317 0.6865079365079365 0.007936507936507936 0.061507936507936505
3 0.8700396825396826 0.6359126984126984 0.051587301587301584 0.005952380952380952
3 0.8700396825396826 0.5853174603174603 0.051587301587301584 0.005952380952380952
3 0.8700396825396826 0.5297619047619048 0.051587301587301584 0.005952380952380952
3 0.8700396825396826 0.4781746031746032 0.051587301587301584 0.005952380952380952
3 0.8700396825396826 0.4126984126984127 0.051587301587301584 0.005952380952380952
3 0.8700396825396826 0.35714285714285715 0.051587301587301584 0.005952380952380952
3 0.8700396825396826 0.3055555555555556 0.051587301587301584 0.005952380952380952
3 0.8700396825396826 0.25496031746031744 0.051587301587301584 0.005952380952380952
3 0.7986111111111112 0.6617063492063492 0.12103174603174603 0.03968253968253968
3 0.7986111111111112 0.5803571428571429 0.007936507936507936 0.12103174603174603
3 0.5138888888888888 0.5853174603174603 0.34523809523809523 0.005952380952380952
3 0.1736111111111111 0.6458333333333334 0.007936507936507936 0.1111111111111111
3 0.3621031746031746 0.7380952380952381 0.10119047619047619 0.005952380952380952
3 0.1488095238095238 0.3819444444444444 0.007936507936507936 0.31547619047619047
3 0.7886904761904762 0.2648809523809524 0.1527777777777778 0.005952380952380952
3 0.8492063492063492 0.1488095238095238 0.03968253968253968 0.005952380952380952
3 0.9761904761904762 0.33630952380952384 0.007936507936507936 0.27380952380952384
3 0.503968253968254 0.4732142857142857 0.40674603174603174 0.005952380952380952
6 0.6567460317460317 0.45337301587301587 0.6706349206349206 0.873015873015873
6 0.2400793650793651 0.45337301587301587 0.3353174603174603 0.873015873015873
6 0.18948412698412698 0.621031746031746 0.25396825396825395 0.5277777777777778
6 0.8492063492063492 0.11805555555555555 0.23412698412698413 0.18253968253968253
6 0.6458333333333334 0.5803571428571429 0.25396825396825395 0.22420634920634921
6 0.8799603174603174 0.5803571428571429 0.10119047619047619 0.21428571428571427
6 0.8799603174603174 0.3621031746031746 0.10119047619047619 0.21428571428571427