0 0.136 0.059 0.062 0.04
1 0.13 0.217 0.092 0.144
2 0.233 0.217 0.062 0.122
2 0.274 0.427 0.072 0.082
2 0.392 0.356 0.062 0.052
2 0.392 0.427 0.062 0.052
2 0.392 0.499 0.062 0.052
4 0.274 0.565 0.072 0.052
5 0.274 0.627 0.072 0.052
5 0.274 0.693 0.072 0.052
2 0.1 0.852 0.062 0.082
2 0.212 0.862 0.072 0.072
5 0.335 0.796 0.062 0.052
4 0.335 0.862 0.062 0.052
4 0.335 0.924 0.062 0.052
5 0.325 0.176 0.03 0.03
5 0.325 0.222 0.03 0.03
5 0.325 0.268 0.03 0.03
5 0.427 0.197 0.03 0.03
5 0.427 0.243 0.03 0.03
5 0.586 0.176 0.052 0.04
5 0.586 0.243 0.052 0.04
5 0.586 0.299 0.052 0.04
5 0.832 0.258 0.03 0.102
5 0.858 0.258 0.03 0.102
5 0.893 0.258 0.04 0.102
5 0.919 0.258 0.03 0.102
5 0.883 0.427 0.04 0.04
5 0.883 0.494 0.04 0.04
5 0.883 0.56 0.04 0.04
5 0.883 0.622 0.04 0.04
3 0.136 0.11 0.008 0.062
3 0.151 0.32 0.008 0.062
3 0.125 0.371 0.052 0.006
3 0.125 0.422 0.052 0.006
3 0.125 0.478 0.052 0.006
3 0.125 0.53 0.052 0.006
3 0.125 0.596 0.052 0.006
3 0.125 0.652 0.052 0.006
3 0.125 0.704 0.052 0.006
3 0.125 0.755 0.052 0.006
3 0.197 0.345 0.122 0.04
3 0.197 0.427 0.008 0.122
3 0.484 0.422 0.348 0.006
3 0.827 0.361 0.008 0.112
3 0.637 0.268 0.102 0.006
3 0.852 0.627 0.008 0.318
3 0.207 0.745 0.154 0.006
3 0.146 0.862 0.04 0.006
3 0.018 0.673 0.008 0.276
3 0.494 0.535 0.41 0.006
6 0.34 0.555 0.676 0.88
6 0.76 0.555 0.338 0.88
6 0.811 0.386 0.256 0.532
6 0.146 0.893 0.236 0.184
6 0.351 0.427 0.256 0.226
6 0.115 0.427 0.102 0.216
6 0.115 0.647 0.102 0.216