0 0.1529535864978903 0.9936708860759493 0.06540084388185655 0.012658227848101266
1 0.14767932489451477 0.8407172995780591 0.0970464135021097 0.1518987341772152
2 0.2563291139240506 0.8407172995780591 0.06540084388185655 0.12869198312236288
2 0.29957805907172996 0.619198312236287 0.0759493670886076 0.08649789029535865
2 0.4240506329113924 0.6940928270042194 0.06540084388185655 0.05485232067510549
2 0.4240506329113924 0.619198312236287 0.06540084388185655 0.05485232067510549
2 0.4240506329113924 0.5432489451476793 0.06540084388185655 0.05485232067510549
4 0.29957805907172996 0.47362869198312235 0.0759493670886076 0.05485232067510549
5 0.29957805907172996 0.40822784810126583 0.0759493670886076 0.05485232067510549
5 0.29957805907172996 0.33860759493670883 0.0759493670886076 0.05485232067510549
2 0.1160337552742616 0.17088607594936708 0.06540084388185655 0.08649789029535865
2 0.23417721518987342 0.16033755274261605 0.0759493670886076 0.0759493670886076
5 0.3639240506329114 0.229957805907173 0.06540084388185655 0.05485232067510549
4 0.3639240506329114 0.16033755274261605 0.06540084388185655 0.05485232067510549
4 0.3639240506329114 0.0949367088607595 0.06540084388185655 0.05485232067510549
5 0.35337552742616035 0.8839662447257384 0.03164556962025317 0.03164556962025317
5 0.35337552742616035 0.8354430379746836 0.03164556962025317 0.03164556962025317
5 0.35337552742616035 0.7869198312236287 0.03164556962025317 0.03164556962025317
5 0.4609704641350211 0.8618143459915611 0.03164556962025317 0.03164556962025317
5 0.4609704641350211 0.8132911392405063 0.03164556962025317 0.03164556962025317
5 0.6286919831223629 0.8839662447257384 0.05485232067510549 0.04219409282700422
5 0.6286919831223629 0.8132911392405063 0.05485232067510549 0.04219409282700422
5 0.6286919831223629 0.7542194092827004 0.05485232067510549 0.04219409282700422
5 0.8881856540084389 0.7974683544303798 0.03164556962025317 0.10759493670886076
5 0.9156118143459916 0.7974683544303798 0.03164556962025317 0.10759493670886076
5 0.9525316455696202 0.7974683544303798 0.04219409282700422 0.10759493670886076
5 0.979957805907173 0.7974683544303798 0.03164556962025317 0.10759493670886076
5 0.9419831223628692 0.619198312236287 0.04219409282700422 0.04219409282700422
5 0.9419831223628692 0.5485232067510548 0.04219409282700422 0.04219409282700422
5 0.9419831223628692 0.47890295358649787 0.04219409282700422 0.04219409282700422
5 0.9419831223628692 0.41350210970464135 0.04219409282700422 0.04219409282700422
3 0.1540084388185654 0.9535864978902954 0.008438818565400843 0.06540084388185655
3 0.169831223628692 0.7320675105485233 0.008438818565400843 0.06540084388185655
3 0.14240506329113925 0.6782700421940928 0.05485232067510549 0.006329113924050633
3 0.14240506329113925 0.6244725738396625 0.05485232067510549 0.006329113924050633
3 0.14240506329113925 0.5654008438818565 0.05485232067510549 0.006329113924050633
3 0.14240506329113925 0.510548523206751 0.05485232067510549 0.006329113924050633
3 0.14240506329113925 0.4409282700421941 0.05485232067510549 0.006329113924050633
3 0.14240506329113925 0.3818565400843882 0.05485232067510549 0.006329113924050633
3 0.14240506329113925 0.3270042194092827 0.05485232067510549 0.006329113924050633
3 0.14240506329113925 0.2732067510548523 0.05485232067510549 0.006329113924050633
3 0.21835443037974683 0.7056962025316456 0.12869198312236288 0.04219409282700422
3 0.21835443037974683 0.619198312236287 0.008438818565400843 0.12869198312236288
3 0.5210970464135021 0.6244725738396625 0.3670886075949367 0.006329113924050633
3 0.8829113924050633 0.6888185654008439 0.008438818565400843 0.11814345991561181
3 0.6824894514767933 0.7869198312236287 0.10759493670886076 0.006329113924050633
3 0.9092827004219409 0.40822784810126583 0.008438818565400843 0.33544303797468356
3 0.2289029535864979 0.28375527426160335 0.16244725738396623 0.006329113924050633
3 0.16455696202531644 0.16033755274261605 0.04219409282700422 0.006329113924050633
3 0.029535864978902954 0.35970464135021096 0.008438818565400843 0.2911392405063291
3 0.5316455696202531 0.5052742616033755 0.43248945147679324 0.006329113924050633
6 0.3691983122362869 0.48417721518987344 0.7130801687763713 0.9282700421940928
6 0.8122362869198312 0.48417721518987344 0.35654008438818563 0.9282700421940928
6 0.8649789029535865 0.6624472573839663 0.270042194092827 0.5611814345991561
6 0.16455696202531644 0.12763713080168776 0.2489451476793249 0.1940928270042194
6 0.3808016877637131 0.619198312236287 0.270042194092827 0.23839662447257384
6 0.13185654008438819 0.619198312236287 0.10759493670886076 0.22784810126582278
6 0.13185654008438819 0.3871308016877637 0.10759493670886076 0.22784810126582278