0 0.026371308016877638 0.08649789029535865 0.04219409282700422 0.06540084388185655
1 0.1930379746835443 0.08016877637130802 0.1518987341772152 0.0970464135021097
2 0.1930379746835443 0.18881856540084388 0.12869198312236288 0.06540084388185655
2 0.41455696202531644 0.2320675105485232 0.08649789029535865 0.0759493670886076
2 0.339662447257384 0.35654008438818563 0.05485232067510549 0.06540084388185655
2 0.41455696202531644 0.35654008438818563 0.05485232067510549 0.06540084388185655
2 0.49050632911392406 0.35654008438818563 0.05485232067510549 0.06540084388185655
4 0.560126582278481 0.2320675105485232 0.05485232067510549 0.0759493670886076
5 0.6255274261603375 0.2320675105485232 0.05485232067510549 0.0759493670886076
5 0.6951476793248945 0.2320675105485232 0.05485232067510549 0.0759493670886076
2 0.8628691983122363 0.04852320675105485 0.08649789029535865 0.06540084388185655
2 0.8734177215189873 0.16666666666666666 0.0759493670886076 0.0759493670886076
5 0.8037974683544303 0.29641350210970463 0.05485232067510549 0.06540084388185655
4 0.8734177215189873 0.29641350210970463 0.05485232067510549 0.06540084388185655
4 0.9388185654008439 0.29641350210970463 0.05485232067510549 0.06540084388185655
5 0.14978902953586498 0.2858649789029536 0.03164556962025317 0.03164556962025317
5 0.19831223628691982 0.2858649789029536 0.03164556962025317 0.03164556962025317
5 0.2468354430379747 0.2858649789029536 0.03164556962025317 0.03164556962025317
5 0.1719409282700422 0.39345991561181437 0.03164556962025317 0.03164556962025317
5 0.22046413502109705 0.39345991561181437 0.03164556962025317 0.03164556962025317
5 0.14978902953586498 0.5611814345991561 0.04219409282700422 0.05485232067510549
5 0.22046413502109705 0.5611814345991561 0.04219409282700422 0.05485232067510549
5 0.2795358649789029 0.5611814345991561 0.04219409282700422 0.05485232067510549
5 0.23628691983122363 0.820675105485232 0.10759493670886076 0.03164556962025317
5 0.23628691983122363 0.8481012658227848 0.10759493670886076 0.03164556962025317
5 0.23628691983122363 0.8850210970464135 0.10759493670886076 0.04219409282700422
5 0.23628691983122363 0.9124472573839663 0.10759493670886076 0.03164556962025317
5 0.41455696202531644 0.8744725738396625 0.04219409282700422 0.04219409282700422
5 0.48523206751054854 0.8744725738396625 0.04219409282700422 0.04219409282700422
5 0.5548523206751055 0.8744725738396625 0.04219409282700422 0.04219409282700422
5 0.620253164556962 0.8744725738396625 0.04219409282700422 0.04219409282700422
3 0.08016877637130802 0.08649789029535865 0.06540084388185655 0.008438818565400843
3 0.30168776371308015 0.10232067510548523 0.06540084388185655 0.008438818565400843
3 0.35548523206751054 0.07489451476793249 0.006329113924050633 0.05485232067510549
3 0.4092827004219409 0.07489451476793249 0.006329113924050633 0.05485232067510549
3 0.46835443037974683 0.07489451476793249 0.006329113924050633 0.05485232067510549
3 0.5232067510548524 0.07489451476793249 0.006329113924050633 0.05485232067510549
3 0.5928270042194093 0.07489451476793249 0.006329113924050633 0.05485232067510549
3 0.6518987341772152 0.07489451476793249 0.006329113924050633 0.05485232067510549
3 0.7067510548523207 0.07489451476793249 0.006329113924050633 0.05485232067510549
3 0.760548523206751 0.07489451476793249 0.006329113924050633 0.05485232067510549
3 0.3280590717299578 0.15084388185654007 0.04219409282700422 0.12869198312236288
3 0.41455696202531644 0.15084388185654007 0.12869198312236288 0.008438818565400843
3 0.4092827004219409 0.45358649789029537 0.006329113924050633 0.3670886075949367
3 0.3449367088607595 0.8154008438818565 0.11814345991561181 0.008438818565400843
3 0.2468354430379747 0.6149789029535865 0.006329113924050633 0.10759493670886076
3 0.6255274261603375 0.8417721518987342 0.33544303797468356 0.008438818565400843
3 0.75 0.16139240506329114 0.006329113924050633 0.16244725738396623
3 0.8734177215189873 0.0970464135021097 0.006329113924050633 0.04219409282700422
3 0.5284810126582279 0.4641350210970464 0.006329113924050633 0.43248945147679324
6 0.5421940928270043 0.3291139240506329 0.9156118143459916 0.6582278481012658
6 0.5421940928270043 0.7436708860759493 0.9156118143459916 0.35654008438818563
6 0.37130801687763715 0.7985232067510548 0.5611814345991561 0.270042194092827
6 0.9040084388185654 0.11075949367088607 0.19198312236286919 0.22151898734177214
6 0.41455696202531644 0.31329113924050633 0.23839662447257384 0.270042194092827
6 0.41455696202531644 0.06434599156118144 0.22784810126582278 0.10759493670886076
6 0.6466244725738397 0.06434599156118144 0.22784810126582278 0.10759493670886076