0 0.95703125 0.283203125 0.044921875 0.064453125
2 0.705078125 0.3203125 0.115234375 0.095703125
3 0.884765625 0.400390625 0.07421875 0.0859375
3 0.7998046875 0.4599609375 0.03515625 0.044921875
3 0.7548828125 0.5849609375 0.07421875 0.0859375
3 0.7451171875 0.7001953125 0.115234375 0.0859375
4 0.53515625 0.6396484375 0.14453125 0.185546875
3 0.53515625 0.3896484375 0.07421875 0.064453125
3 0.3720703125 0.3896484375 0.07421875 0.064453125
3 0.25 0.3896484375 0.07421875 0.064453125
3 0.125 0.3896484375 0.07421875 0.064453125
3 0.25 0.259765625 0.07421875 0.0546875
5 0.3720703125 0.5849609375 0.07421875 0.0859375
3 0.25 0.5849609375 0.07421875 0.0859375
5 0.125 0.5849609375 0.07421875 0.0859375
1 0.8369140625 0.2880859375 0.095703125 0.009765625
1 0.822265625 0.3876953125 0.03125 0.009765625
1 0.60546875 0.3779296875 0.0859375 0.009765625
1 0.53515625 0.4697265625 0.005859375 0.080078125
1 0.4345703125 0.3896484375 0.005859375 0.240234375
1 0.3720703125 0.259765625 0.150390625 0.009765625
1 0.1884765625 0.3251953125 0.244140625 0.009765625
1 0.3720703125 0.330078125 0.005859375 0.029296875
1 0.25 0.2998046875 0.005859375 0.060546875
1 0.125 0.330078125 0.005859375 0.029296875
1 0.3720703125 0.4697265625 0.005859375 0.080078125
1 0.25 0.4697265625 0.005859375 0.080078125
1 0.125 0.4697265625 0.005859375 0.080078125
6 0.4130859375 0.3271484375 0.765625 0.23046875
6 0.705078125 0.3271484375 0.171875 0.23046875
6 0.3251953125 0.2646484375 0.5859375 0.10546875
6 0.3251953125 0.3896484375 0.5859375 0.10546875
6 0.53515625 0.6396484375 0.1640625 0.234375
6 0.7548828125 0.5849609375 0.08984375 0.115234375
6 0.3720703125 0.5849609375 0.08984375 0.115234375
6 0.25 0.5849609375 0.08984375 0.115234375
6 0.125 0.5849609375 0.08984375 0.115234375
6 0.7451171875 0.7001953125 0.134765625 0.115234375