0 0.06020408163265306 0.1326530612244898 0.04081632653061224 0.06326530612244897
1 0.22142857142857142 0.12653061224489795 0.1469387755102041 0.09387755102040816
2 0.22142857142857142 0.2316326530612245 0.12448979591836734 0.06326530612244897
2 0.4357142857142857 0.27346938775510204 0.0836734693877551 0.07346938775510205
2 0.363265306122449 0.39387755102040817 0.053061224489795916 0.06326530612244897
2 0.4357142857142857 0.39387755102040817 0.053061224489795916 0.06326530612244897
2 0.5091836734693878 0.39387755102040817 0.053061224489795916 0.06326530612244897
4 0.576530612244898 0.27346938775510204 0.053061224489795916 0.07346938775510205
5 0.639795918367347 0.27346938775510204 0.053061224489795916 0.07346938775510205
5 0.7071428571428572 0.27346938775510204 0.053061224489795916 0.07346938775510205
2 0.8693877551020408 0.09591836734693877 0.0836734693877551 0.06326530612244897
2 0.8795918367346939 0.21020408163265306 0.07346938775510205 0.07346938775510205
5 0.8122448979591836 0.3357142857142857 0.053061224489795916 0.06326530612244897
4 0.8795918367346939 0.3357142857142857 0.053061224489795916 0.06326530612244897
4 0.9428571428571428 0.3357142857142857 0.053061224489795916 0.06326530612244897
5 0.17959183673469387 0.32551020408163267 0.030612244897959183 0.030612244897959183
5 0.22653061224489796 0.32551020408163267 0.030612244897959183 0.030612244897959183
5 0.27346938775510204 0.32551020408163267 0.030612244897959183 0.030612244897959183
5 0.2010204081632653 0.42959183673469387 0.030612244897959183 0.030612244897959183
5 0.2479591836734694 0.42959183673469387 0.030612244897959183 0.030612244897959183
5 0.17959183673469387 0.5918367346938775 0.04081632653061224 0.053061224489795916
5 0.2479591836734694 0.5918367346938775 0.04081632653061224 0.053061224489795916
5 0.3051020408163265 0.5918367346938775 0.04081632653061224 0.053061224489795916
5 0.26326530612244897 0.8428571428571429 0.10408163265306122 0.030612244897959183
5 0.26326530612244897 0.8693877551020408 0.10408163265306122 0.030612244897959183
5 0.26326530612244897 0.9051020408163265 0.10408163265306122 0.04081632653061224
5 0.26326530612244897 0.9316326530612244 0.10408163265306122 0.030612244897959183
5 0.4357142857142857 0.8948979591836734 0.04081632653061224 0.04081632653061224
5 0.5040816326530613 0.8948979591836734 0.04081632653061224 0.04081632653061224
5 0.5714285714285714 0.8948979591836734 0.04081632653061224 0.04081632653061224
5 0.6346938775510204 0.8948979591836734 0.04081632653061224 0.04081632653061224
3 0.11224489795918367 0.1326530612244898 0.06326530612244897 0.00816326530612245
3 0.32653061224489793 0.14795918367346939 0.06326530612244897 0.00816326530612245
3 0.37857142857142856 0.12142857142857143 0.006122448979591836 0.053061224489795916
3 0.4306122448979592 0.12142857142857143 0.006122448979591836 0.053061224489795916
3 0.48775510204081635 0.12142857142857143 0.006122448979591836 0.053061224489795916
3 0.5408163265306123 0.12142857142857143 0.006122448979591836 0.053061224489795916
3 0.6081632653061224 0.12142857142857143 0.006122448979591836 0.053061224489795916
3 0.6653061224489796 0.12142857142857143 0.006122448979591836 0.053061224489795916
3 0.7183673469387755 0.12142857142857143 0.006122448979591836 0.053061224489795916
3 0.7704081632653061 0.12142857142857143 0.006122448979591836 0.053061224489795916
3 0.3520408163265306 0.19489795918367347 0.04081632653061224 0.12448979591836734
3 0.4357142857142857 0.19489795918367347 0.12448979591836734 0.00816326530612245
3 0.4306122448979592 0.48775510204081635 0.006122448979591836 0.3551020408163265
3 0.3683673469387755 0.8377551020408164 0.11428571428571428 0.00816326530612245
3 0.27346938775510204 0.6438775510204081 0.006122448979591836 0.10408163265306122
3 0.639795918367347 0.863265306122449 0.32448979591836735 0.00816326530612245
3 0.7602040816326531 0.20510204081632652 0.006122448979591836 0.15714285714285714
3 0.8795918367346939 0.14285714285714285 0.006122448979591836 0.04081632653061224
3 0.686734693877551 0.012244897959183673 0.2816326530612245 0.00816326530612245
3 0.5459183673469388 0.49795918367346936 0.006122448979591836 0.41836734693877553
6 0.5581632653061225 0.34285714285714286 0.8836734693877552 0.6857142857142857
6 0.5581632653061225 0.7683673469387755 0.8836734693877552 0.3448979591836735
6 0.39387755102040817 0.8214285714285714 0.5428571428571428 0.2612244897959184
6 0.9081632653061225 0.14285714285714285 0.1836734693877551 0.24081632653061225
6 0.4357142857142857 0.3520408163265306 0.23061224489795917 0.2612244897959184
6 0.4357142857142857 0.11122448979591837 0.22040816326530613 0.10408163265306122
6 0.6602040816326531 0.11122448979591837 0.22040816326530613 0.10408163265306122