0 0.05705394190871369 0.10995850622406639 0.04149377593360996 0.06431535269709543
1 0.22095435684647302 0.1037344398340249 0.14937759336099585 0.0954356846473029
2 0.22095435684647302 0.21058091286307054 0.12655601659751037 0.06431535269709543
2 0.4387966804979253 0.25311203319502074 0.08506224066390042 0.07468879668049792
2 0.3651452282157676 0.3755186721991701 0.05394190871369295 0.06431535269709543
2 0.4387966804979253 0.3755186721991701 0.05394190871369295 0.06431535269709543
2 0.5134854771784232 0.3755186721991701 0.05394190871369295 0.06431535269709543
4 0.5819502074688797 0.25311203319502074 0.05394190871369295 0.07468879668049792
5 0.6462655601659751 0.25311203319502074 0.05394190871369295 0.07468879668049792
5 0.7147302904564315 0.25311203319502074 0.05394190871369295 0.07468879668049792
2 0.8796680497925311 0.07261410788381743 0.08506224066390042 0.06431535269709543
2 0.8900414937759336 0.1887966804979253 0.07468879668049792 0.07468879668049792
5 0.8215767634854771 0.3163900414937759 0.05394190871369295 0.06431535269709543
4 0.8900414937759336 0.3163900414937759 0.05394190871369295 0.06431535269709543
4 0.9543568464730291 0.3163900414937759 0.05394190871369295 0.06431535269709543
5 0.17842323651452283 0.30601659751037347 0.03112033195020747 0.03112033195020747
5 0.22614107883817428 0.30601659751037347 0.03112033195020747 0.03112033195020747
5 0.27385892116182575 0.30601659751037347 0.03112033195020747 0.03112033195020747
5 0.20020746887966806 0.4118257261410788 0.03112033195020747 0.03112033195020747
5 0.2479253112033195 0.4118257261410788 0.03112033195020747 0.03112033195020747
5 0.17842323651452283 0.5767634854771784 0.04149377593360996 0.05394190871369295
5 0.2479253112033195 0.5767634854771784 0.04149377593360996 0.05394190871369295
5 0.30601659751037347 0.5767634854771784 0.04149377593360996 0.05394190871369295
5 0.26348547717842324 0.8319502074688797 0.10580912863070539 0.03112033195020747
5 0.26348547717842324 0.8589211618257261 0.10580912863070539 0.03112033195020747
5 0.26348547717842324 0.8952282157676349 0.10580912863070539 0.04149377593360996
5 0.26348547717842324 0.9221991701244814 0.10580912863070539 0.03112033195020747
5 0.4387966804979253 0.8848547717842323 0.04149377593360996 0.04149377593360996
5 0.508298755186722 0.8848547717842323 0.04149377593360996 0.04149377593360996
5 0.5767634854771784 0.8848547717842323 0.04149377593360996 0.04149377593360996
5 0.6410788381742739 0.8848547717842323 0.04149377593360996 0.04149377593360996
3 0.10995850622406639 0.10995850622406639 0.06431535269709543 0.008298755186721992
3 0.3278008298755187 0.12551867219917012 0.06431535269709543 0.008298755186721992
3 0.38070539419087135 0.09854771784232365 0.006224066390041493 0.05394190871369295
3 0.4336099585062241 0.09854771784232365 0.006224066390041493 0.05394190871369295
3 0.491701244813278 0.09854771784232365 0.006224066390041493 0.05394190871369295
3 0.5456431535269709 0.09854771784232365 0.006224066390041493 0.05394190871369295
3 0.6141078838174274 0.09854771784232365 0.006224066390041493 0.05394190871369295
3 0.6721991701244814 0.09854771784232365 0.006224066390041493 0.05394190871369295
3 0.7261410788381742 0.09854771784232365 0.006224066390041493 0.05394190871369295
3 0.779045643153527 0.09854771784232365 0.006224066390041493 0.05394190871369295
3 0.3537344398340249 0.17323651452282157 0.04149377593360996 0.12655601659751037
3 0.4387966804979253 0.17323651452282157 0.12655601659751037 0.008298755186721992
3 0.4336099585062241 0.470954356846473 0.006224066390041493 0.36099585062240663
3 0.3703319502074689 0.8267634854771784 0.11618257261410789 0.008298755186721992
3 0.27385892116182575 0.6296680497925311 0.006224066390041493 0.10580912863070539
3 0.6462655601659751 0.8526970954356846 0.32987551867219916 0.008298755186721992
3 0.7686721991701245 0.18360995850622408 0.006224066390041493 0.15975103734439833
3 0.8900414937759336 0.12033195020746888 0.006224066390041493 0.04149377593360996
3 0.5508298755186722 0.48132780082987553 0.006224066390041493 0.42531120331950206
6 0.5570539419087137 0.3360995850622407 0.8858921161825726 0.6721991701244814
6 0.5570539419087137 0.7562240663900415 0.8858921161825726 0.3506224066390041
6 0.3962655601659751 0.8101659751037344 0.5518672199170125 0.26556016597510373
6 0.9128630705394191 0.12136929460580913 0.17427385892116182 0.24273858921161826
6 0.4387966804979253 0.3329875518672199 0.23443983402489627 0.26556016597510373
6 0.4387966804979253 0.08817427385892117 0.22406639004149378 0.10580912863070539
6 0.66701244813278 0.08817427385892117 0.22406639004149378 0.10580912863070539