0 0.9445564516129032 0.14516129032258066 0.04032258064516129 0.0625
1 0.7852822580645161 0.13911290322580644 0.14516129032258066 0.09274193548387097
2 0.7852822580645161 0.24294354838709678 0.12298387096774194 0.0625
2 0.5735887096774194 0.2842741935483871 0.08266129032258064 0.07258064516129033
2 0.6451612903225806 0.4032258064516129 0.05241935483870968 0.0625
2 0.5735887096774194 0.4032258064516129 0.05241935483870968 0.0625
2 0.501008064516129 0.4032258064516129 0.05241935483870968 0.0625
4 0.4344758064516129 0.2842741935483871 0.05241935483870968 0.07258064516129033
5 0.3719758064516129 0.2842741935483871 0.05241935483870968 0.07258064516129033
5 0.30544354838709675 0.2842741935483871 0.05241935483870968 0.07258064516129033
2 0.14516129032258066 0.10887096774193548 0.08266129032258064 0.0625
2 0.1350806451612903 0.2217741935483871 0.07258064516129033 0.07258064516129033
5 0.20161290322580644 0.34576612903225806 0.05241935483870968 0.0625
4 0.1350806451612903 0.34576612903225806 0.05241935483870968 0.0625
4 0.07258064516129033 0.34576612903225806 0.05241935483870968 0.0625
5 0.8266129032258065 0.33568548387096775 0.03024193548387097 0.03024193548387097
5 0.780241935483871 0.33568548387096775 0.03024193548387097 0.03024193548387097
5 0.7338709677419355 0.33568548387096775 0.03024193548387097 0.03024193548387097
5 0.8054435483870968 0.43850806451612906 0.03024193548387097 0.03024193548387097
5 0.7590725806451613 0.43850806451612906 0.03024193548387097 0.03024193548387097
5 0.8266129032258065 0.5987903225806451 0.04032258064516129 0.05241935483870968
5 0.7590725806451613 0.5987903225806451 0.04032258064516129 0.05241935483870968
5 0.7026209677419355 0.5987903225806451 0.04032258064516129 0.05241935483870968
5 0.7439516129032258 0.8467741935483871 0.1028225806451613 0.03024193548387097
5 0.7439516129032258 0.8729838709677419 0.1028225806451613 0.03024193548387097
5 0.7439516129032258 0.9082661290322581 0.1028225806451613 0.04032258064516129
5 0.7439516129032258 0.9344758064516129 0.1028225806451613 0.03024193548387097
5 0.5735887096774194 0.8981854838709677 0.04032258064516129 0.04032258064516129
5 0.5060483870967742 0.8981854838709677 0.04032258064516129 0.04032258064516129
5 0.43951612903225806 0.8981854838709677 0.04032258064516129 0.04032258064516129
5 0.37701612903225806 0.8981854838709677 0.04032258064516129 0.04032258064516129
3 0.8931451612903226 0.14516129032258066 0.0625 0.008064516129032258
3 0.6814516129032258 0.16028225806451613 0.0625 0.008064516129032258
3 0.6300403225806451 0.13407258064516128 0.006048387096774193 0.05241935483870968
3 0.5786290322580645 0.13407258064516128 0.006048387096774193 0.05241935483870968
3 0.5221774193548387 0.13407258064516128 0.006048387096774193 0.05241935483870968
3 0.46975806451612906 0.13407258064516128 0.006048387096774193 0.05241935483870968
3 0.4032258064516129 0.13407258064516128 0.006048387096774193 0.05241935483870968
3 0.3467741935483871 0.13407258064516128 0.006048387096774193 0.05241935483870968
3 0.29435483870967744 0.13407258064516128 0.006048387096774193 0.05241935483870968
3 0.24294354838709678 0.13407258064516128 0.006048387096774193 0.05241935483870968
3 0.65625 0.20665322580645162 0.04032258064516129 0.12298387096774194
3 0.5735887096774194 0.20665322580645162 0.12298387096774194 0.008064516129032258
3 0.5786290322580645 0.4959677419354839 0.006048387096774193 0.35080645161290325
3 0.6401209677419355 0.8417338709677419 0.11290322580645161 0.008064516129032258
3 0.7338709677419355 0.6502016129032258 0.006048387096774193 0.1028225806451613
3 0.3719758064516129 0.8669354838709677 0.32056451612903225 0.008064516129032258
3 0.2530241935483871 0.21673387096774194 0.006048387096774193 0.15524193548387097
3 0.1350806451612903 0.15524193548387097 0.006048387096774193 0.04032258064516129
3 0.32560483870967744 0.02620967741935484 0.2782258064516129 0.008064516129032258
3 0.4647177419354839 0.5060483870967742 0.006048387096774193 0.41330645161290325
6 0.44455645161290325 0.35080645161290325 0.8870967741935484 0.6814516129032258
6 0.44455645161290325 0.7741935483870968 0.8870967741935484 0.3407258064516129
6 0.6149193548387096 0.8256048387096774 0.5362903225806451 0.25806451612903225
6 0.10383064516129033 0.15524193548387097 0.18548387096774194 0.23790322580645162
6 0.5735887096774194 0.36189516129032256 0.22782258064516128 0.25806451612903225
6 0.5735887096774194 0.12399193548387097 0.21774193548387097 0.1028225806451613
6 0.35181451612903225 0.12399193548387097 0.21774193548387097 0.1028225806451613