6 0.587890625 0.2431640625 0.76171875 0.3447265625
6 0.294921875 0.2431640625 0.17578125 0.3447265625
6 0.6748046875 0.15576171875 0.58203125 0.1708984375
6 0.6748046875 0.3271484375 0.58203125 0.1708984375
6 0.4677734375 0.72021484375 0.2099609375 0.33203125
6 0.25390625 0.80322265625 0.1416015625 0.1484375
0 0.04296875 0.17578125 0.0478515625 0.076171875
1 0.2939453125 0.2431640625 0.1181640625 0.203125
5 0.4677734375 0.3271484375 0.1318359375 0.1181640625
5 0.6279296875 0.3271484375 0.1181640625 0.1181640625
5 0.751953125 0.3271484375 0.1181640625 0.1181640625
5 0.8759765625 0.3271484375 0.1181640625 0.1181640625
5 0.2021484375 0.44091796875 0.0263671875 0.0380859375
5 0.75 0.14794921875 0.103515625 0.09765625
2 0.4638671875 0.72021484375 0.1416015625 0.3056640625
4 0.6279296875 0.6201171875 0.09765625 0.1708984375
5 0.751953125 0.6201171875 0.09765625 0.1708984375
4 0.8759765625 0.6201171875 0.09765625 0.1982421875
5 0.24609375 0.6201171875 0.09765625 0.1708984375
5 0.11181640625 0.35400390625 0.08203125 0.1484375
3 0.1630859375 0.18408203125 0.1337890625 0.0048828125
3 0.17578125 0.328125 0.0478515625 0.0048828125
3 0.39501953125 0.31689453125 0.083984375 0.0048828125
3 0.4677734375 0.56884765625 0.0048828125 0.2724609375
3 0.56396484375 0.35400390625 0.0048828125 0.419921875
3 0.6279296875 0.14794921875 0.1240234375 0.0048828125
3 0.6279296875 0.22802734375 0.0048828125 0.1552734375
3 0.751953125 0.2158203125 0.248046875 0.0048828125
3 0.751953125 0.2158203125 0.0048828125 0.1298828125
3 0.8759765625 0.2158203125 0.0048828125 0.1298828125
3 0.6279296875 0.4677734375 0.0048828125 0.126953125
3 0.751953125 0.4677734375 0.0048828125 0.126953125
3 0.8759765625 0.4677734375 0.0048828125 0.126953125