0 0.7770833333333333 0.07395833333333333 0.10625 0.058333333333333334
0 0.43854166666666666 0.07395833333333333 0.07916666666666666 0.058333333333333334
2 0.571875 0.21979166666666666 0.07916666666666666 0.041666666666666664
4 0.571875 0.3145833333333333 0.06875 0.04791666666666667
2 0.5291666666666667 0.44375 0.07916666666666666 0.04791666666666667
4 0.5291666666666667 0.5604166666666667 0.06875 0.04791666666666667
2 0.5885416666666666 0.6791666666666667 0.058333333333333334 0.04791666666666667
2 0.41770833333333335 0.6791666666666667 0.06875 0.041666666666666664
4 0.5510416666666667 0.7916666666666666 0.06875 0.04791666666666667
2 0.6625 0.93125 0.09166666666666666 0.04791666666666667
2 0.4979166666666667 0.93125 0.058333333333333334 0.04791666666666667
2 0.3375 0.93125 0.09583333333333334 0.058333333333333334
3 0.5885416666666666 0.07708333333333334 0.18125 0.00625
3 0.7552083333333334 0.171875 0.00625 0.10208333333333333
3 0.684375 0.221875 0.13958333333333334 0.00625
3 0.315625 0.15 0.00625 0.14375
3 0.428125 0.221875 0.225 0.00625
3 0.571875 0.2677083333333333 0.00625 0.04791666666666667
3 0.571875 0.3614583333333333 0.00625 0.04791666666666667
3 0.5510416666666667 0.5052083333333334 0.00625 0.027083333333333334
3 0.5510416666666667 0.6197916666666666 0.00625 0.027083333333333334
3 0.503125 0.6791666666666667 0.05416666666666667 0.00625
3 0.5458333333333333 0.75625 0.00625 0.027083333333333334
3 0.5458333333333333 0.8291666666666667 0.00625 0.027083333333333334
6 0.50625 0.5614583333333333 0.7208333333333333 0.35833333333333334
6 0.50625 0.9229166666666667 0.7208333333333333 0.15416666666666667