0 0.7974683544303798 0.06645569620253164 0.10759493670886076 0.05907172995780591
0 0.45464135021097046 0.06645569620253164 0.08016877637130802 0.05907172995780591
2 0.5896624472573839 0.2141350210970464 0.08016877637130802 0.04219409282700422
4 0.5896624472573839 0.310126582278481 0.06962025316455696 0.04852320675105485
2 0.5464135021097046 0.4409282700421941 0.08016877637130802 0.04852320675105485
4 0.5464135021097046 0.5590717299578059 0.06962025316455696 0.04852320675105485
2 0.6065400843881856 0.679324894514768 0.05907172995780591 0.04852320675105485
2 0.43354430379746833 0.679324894514768 0.06962025316455696 0.04219409282700422
4 0.5685654008438819 0.7932489451476793 0.06962025316455696 0.04852320675105485
2 0.6814345991561181 0.9345991561181435 0.09282700421940929 0.04852320675105485
2 0.5147679324894515 0.9345991561181435 0.05907172995780591 0.04852320675105485
2 0.35232067510548526 0.9345991561181435 0.0970464135021097 0.05907172995780591
3 0.6065400843881856 0.06962025316455696 0.18354430379746836 0.006329113924050633
3 0.7753164556962026 0.16561181434599156 0.006329113924050633 0.10337552742616034
3 0.7035864978902954 0.21624472573839662 0.14135021097046413 0.006329113924050633
3 0.33016877637130804 0.14345991561181434 0.006329113924050633 0.14556962025316456
3 0.4440928270042194 0.21624472573839662 0.22784810126582278 0.006329113924050633
3 0.5896624472573839 0.2626582278481013 0.006329113924050633 0.04852320675105485
3 0.5896624472573839 0.3575949367088608 0.006329113924050633 0.04852320675105485
3 0.5685654008438819 0.5031645569620253 0.006329113924050633 0.027426160337552744
3 0.5685654008438819 0.619198312236287 0.006329113924050633 0.027426160337552744
3 0.520042194092827 0.679324894514768 0.05485232067510549 0.006329113924050633
3 0.5632911392405063 0.7573839662447257 0.006329113924050633 0.027426160337552744
3 0.5632911392405063 0.8312236286919831 0.006329113924050633 0.027426160337552744
6 0.5232067510548524 0.560126582278481 0.729957805907173 0.3628691983122363
6 0.5232067510548524 0.9240506329113924 0.729957805907173 0.1518987341772152