0 0.2742616033755274 0.9124472573839663 0.10759493670886076 0.05907172995780591
0 0.6170886075949367 0.9124472573839663 0.08016877637130802 0.05907172995780591
2 0.4820675105485232 0.7647679324894515 0.08016877637130802 0.04219409282700422
4 0.4820675105485232 0.6687763713080169 0.06962025316455696 0.04852320675105485
2 0.5253164556962026 0.5379746835443038 0.08016877637130802 0.04852320675105485
4 0.5253164556962026 0.41983122362869196 0.06962025316455696 0.04852320675105485
2 0.4651898734177215 0.29957805907172996 0.05907172995780591 0.04852320675105485
2 0.6381856540084389 0.29957805907172996 0.06962025316455696 0.04219409282700422
4 0.5031645569620253 0.18565400843881857 0.06962025316455696 0.04852320675105485
2 0.39029535864978904 0.04430379746835443 0.09282700421940929 0.04852320675105485
2 0.5569620253164557 0.04430379746835443 0.05907172995780591 0.04852320675105485
2 0.7194092827004219 0.04430379746835443 0.0970464135021097 0.05907172995780591
3 0.4651898734177215 0.9092827004219409 0.18354430379746836 0.006329113924050633
3 0.29641350210970463 0.8132911392405063 0.006329113924050633 0.10337552742616034
3 0.3681434599156118 0.7626582278481012 0.14135021097046413 0.006329113924050633
3 0.7415611814345991 0.8354430379746836 0.006329113924050633 0.14556962025316456
3 0.6276371308016878 0.7626582278481012 0.22784810126582278 0.006329113924050633
3 0.4820675105485232 0.7162447257383966 0.006329113924050633 0.04852320675105485
3 0.4820675105485232 0.6213080168776371 0.006329113924050633 0.04852320675105485
3 0.5031645569620253 0.4757383966244726 0.006329113924050633 0.027426160337552744
3 0.5031645569620253 0.35970464135021096 0.006329113924050633 0.027426160337552744
3 0.5516877637130801 0.29957805907172996 0.05485232067510549 0.006329113924050633
3 0.5084388185654009 0.22151898734177214 0.006329113924050633 0.027426160337552744
3 0.5084388185654009 0.14767932489451477 0.006329113924050633 0.027426160337552744
6 0.5485232067510548 0.41877637130801687 0.729957805907173 0.3628691983122363
6 0.5485232067510548 0.06540084388185655 0.729957805907173 0.1308016877637131