0 0.07987551867219916 0.2676348547717842 0.058091286307053944 0.10580912863070539
0 0.07987551867219916 0.6047717842323651 0.058091286307053944 0.07883817427385892
2 0.22510373443983403 0.47199170124481327 0.04149377593360996 0.07883817427385892
4 0.31950207468879666 0.47199170124481327 0.04771784232365145 0.06846473029045644
2 0.44813278008298757 0.5145228215767634 0.04771784232365145 0.07883817427385892
4 0.5643153526970954 0.5145228215767634 0.04771784232365145 0.06846473029045644
2 0.6825726141078838 0.4553941908713693 0.04771784232365145 0.058091286307053944
2 0.6825726141078838 0.6255186721991701 0.04149377593360996 0.06846473029045644
4 0.7946058091286307 0.4927385892116183 0.04771784232365145 0.06846473029045644
2 0.9336099585062241 0.3817427385892116 0.04771784232365145 0.0912863070539419
2 0.9336099585062241 0.5456431535269709 0.04771784232365145 0.058091286307053944
2 0.9336099585062241 0.7053941908713693 0.058091286307053944 0.0954356846473029
3 0.08298755186721991 0.4553941908713693 0.006224066390041493 0.18049792531120332
3 0.17738589211618258 0.2894190871369295 0.1016597510373444 0.006224066390041493
3 0.22717842323651452 0.3599585062240664 0.006224066390041493 0.13900414937759337
3 0.15560165975103735 0.7271784232365145 0.14315352697095435 0.006224066390041493
3 0.22717842323651452 0.6151452282157677 0.006224066390041493 0.22406639004149378
3 0.27282157676348545 0.47199170124481327 0.04771784232365145 0.006224066390041493
3 0.36618257261410786 0.47199170124481327 0.04771784232365145 0.006224066390041493
3 0.5093360995850622 0.4927385892116183 0.026970954356846474 0.006224066390041493
3 0.6234439834024896 0.4927385892116183 0.026970954356846474 0.006224066390041493
3 0.6825726141078838 0.5404564315352697 0.006224066390041493 0.05394190871369295
3 0.7593360995850622 0.4979253112033195 0.026970954356846474 0.006224066390041493
3 0.8319502074688797 0.4979253112033195 0.026970954356846474 0.006224066390041493
6 0.5653526970954357 0.5373443983402489 0.35684647302904565 0.7178423236514523
6 0.9242738589211619 0.5373443983402489 0.15145228215767634 0.7178423236514523