0 0.7406639004149378 0.06327800829875518 0.10580912863070539 0.058091286307053944
0 0.40352697095435686 0.06327800829875518 0.07883817427385892 0.058091286307053944
2 0.5363070539419087 0.20850622406639005 0.07883817427385892 0.04149377593360996
4 0.5363070539419087 0.3029045643153527 0.06846473029045644 0.04771784232365145
2 0.49377593360995853 0.4315352697095436 0.07883817427385892 0.04771784232365145
4 0.49377593360995853 0.5477178423236515 0.06846473029045644 0.04771784232365145
2 0.5529045643153527 0.6659751037344398 0.058091286307053944 0.04771784232365145
2 0.38278008298755184 0.6659751037344398 0.06846473029045644 0.04149377593360996
4 0.5155601659751037 0.7780082987551867 0.06846473029045644 0.04771784232365145
2 0.6265560165975104 0.91701244813278 0.0912863070539419 0.04771784232365145
2 0.46265560165975106 0.91701244813278 0.058091286307053944 0.04771784232365145
2 0.3029045643153527 0.91701244813278 0.0954356846473029 0.058091286307053944
3 0.5529045643153527 0.06639004149377593 0.18049792531120332 0.006224066390041493
3 0.7188796680497925 0.1607883817427386 0.006224066390041493 0.1016597510373444
3 0.6483402489626556 0.21058091286307054 0.13900414937759337 0.006224066390041493
3 0.28112033195020747 0.13900414937759337 0.006224066390041493 0.14315352697095435
3 0.39315352697095435 0.21058091286307054 0.22406639004149378 0.006224066390041493
3 0.5363070539419087 0.25622406639004147 0.006224066390041493 0.04771784232365145
3 0.5363070539419087 0.3495850622406639 0.006224066390041493 0.04771784232365145
3 0.5155601659751037 0.4927385892116183 0.006224066390041493 0.026970954356846474
3 0.5155601659751037 0.6068464730290456 0.006224066390041493 0.026970954356846474
3 0.4678423236514523 0.6659751037344398 0.05394190871369295 0.006224066390041493
3 0.5103734439834025 0.7427385892116183 0.006224066390041493 0.026970954356846474
3 0.5103734439834025 0.8153526970954357 0.006224066390041493 0.026970954356846474
6 0.470954356846473 0.5487551867219918 0.7178423236514523 0.35684647302904565
6 0.470954356846473 0.9149377593360996 0.7178423236514523 0.16390041493775934