0 0.965042372881356 0.2563559322033898 0.059322033898305086 0.10805084745762712
0 0.965042372881356 0.600635593220339 0.059322033898305086 0.08050847457627118
2 0.8167372881355932 0.4650423728813559 0.0423728813559322 0.08050847457627118
4 0.7203389830508474 0.4650423728813559 0.048728813559322036 0.06991525423728813
2 0.5889830508474576 0.5084745762711864 0.048728813559322036 0.08050847457627118
4 0.4703389830508475 0.5084745762711864 0.048728813559322036 0.06991525423728813
2 0.3495762711864407 0.4480932203389831 0.048728813559322036 0.059322033898305086
2 0.3495762711864407 0.621822033898305 0.0423728813559322 0.06991525423728813
4 0.23516949152542374 0.486228813559322 0.048728813559322036 0.06991525423728813
2 0.09322033898305085 0.3728813559322034 0.048728813559322036 0.09322033898305085
2 0.09322033898305085 0.5402542372881356 0.048728813559322036 0.059322033898305086
2 0.09322033898305085 0.7033898305084746 0.059322033898305086 0.09745762711864407
3 0.961864406779661 0.4480932203389831 0.006355932203389831 0.1843220338983051
3 0.8654661016949152 0.2786016949152542 0.1038135593220339 0.006355932203389831
3 0.8146186440677966 0.350635593220339 0.006355932203389831 0.1419491525423729
3 0.8877118644067796 0.725635593220339 0.1461864406779661 0.006355932203389831
3 0.8146186440677966 0.611228813559322 0.006355932203389831 0.2288135593220339
3 0.7680084745762712 0.4650423728813559 0.048728813559322036 0.006355932203389831
3 0.6726694915254238 0.4650423728813559 0.048728813559322036 0.006355932203389831
3 0.5264830508474576 0.486228813559322 0.02754237288135593 0.006355932203389831
3 0.4099576271186441 0.486228813559322 0.02754237288135593 0.006355932203389831
3 0.3495762711864407 0.534957627118644 0.006355932203389831 0.05508474576271186
3 0.2711864406779661 0.4915254237288136 0.02754237288135593 0.006355932203389831
3 0.19703389830508475 0.4915254237288136 0.02754237288135593 0.006355932203389831
6 0.4692796610169492 0.5317796610169492 0.3644067796610169 0.7330508474576272
6 0.09533898305084745 0.5317796610169492 0.1673728813559322 0.7330508474576272