0 0.22727272727272727 0.9018595041322314 0.10537190082644628 0.05785123966942149
0 0.5630165289256198 0.9018595041322314 0.07851239669421488 0.05785123966942149
2 0.43078512396694213 0.7572314049586777 0.07851239669421488 0.04132231404958678
4 0.43078512396694213 0.6632231404958677 0.06818181818181818 0.047520661157024795
2 0.4731404958677686 0.5351239669421488 0.07851239669421488 0.047520661157024795
4 0.4731404958677686 0.4194214876033058 0.06818181818181818 0.047520661157024795
2 0.4142561983471074 0.30165289256198347 0.05785123966942149 0.047520661157024795
2 0.5836776859504132 0.30165289256198347 0.06818181818181818 0.04132231404958678
4 0.45144628099173556 0.19008264462809918 0.06818181818181818 0.047520661157024795
2 0.3409090909090909 0.05165289256198347 0.09090909090909091 0.047520661157024795
2 0.5041322314049587 0.05165289256198347 0.05785123966942149 0.047520661157024795
2 0.6632231404958677 0.05165289256198347 0.09504132231404959 0.05785123966942149
3 0.4142561983471074 0.8987603305785123 0.1797520661157025 0.006198347107438017
3 0.24896694214876033 0.8047520661157025 0.006198347107438017 0.1012396694214876
3 0.31921487603305787 0.7551652892561983 0.1384297520661157 0.006198347107438017
3 0.6849173553719008 0.8264462809917356 0.006198347107438017 0.14256198347107438
3 0.5733471074380165 0.7551652892561983 0.2231404958677686 0.006198347107438017
3 0.43078512396694213 0.7097107438016529 0.006198347107438017 0.047520661157024795
3 0.43078512396694213 0.6167355371900827 0.006198347107438017 0.047520661157024795
3 0.45144628099173556 0.47417355371900827 0.006198347107438017 0.026859504132231406
3 0.45144628099173556 0.3605371900826446 0.006198347107438017 0.026859504132231406
3 0.4989669421487603 0.30165289256198347 0.05371900826446281 0.006198347107438017
3 0.45661157024793386 0.22520661157024793 0.006198347107438017 0.026859504132231406
3 0.45661157024793386 0.15289256198347106 0.006198347107438017 0.026859504132231406
6 0.49586776859504134 0.41838842975206614 0.7148760330578512 0.35537190082644626
6 0.49586776859504134 0.06818181818181818 0.7148760330578512 0.13636363636363635