6 0.56494140625 0.509765625 0.333984375 0.6796875
6 0.4501953125 0.51806640625 0.0947265625 0.3046875
6 0.56494140625 0.51806640625 0.080078125 0.3046875
6 0.6748046875 0.51806640625 0.08984375 0.3046875
6 0.91015625 0.509765625 0.1552734375 0.6796875
0 0.11083984375 0.2578125 0.080078125 0.099609375
0 0.11083984375 0.5751953125 0.080078125 0.099609375
0 0.91015625 0.669921875 0.099609375 0.1201171875
2 0.248046875 0.46484375 0.0595703125 0.080078125
2 0.4501953125 0.490234375 0.080078125 0.099609375
2 0.6748046875 0.58984375 0.080078125 0.080078125
2 0.91015625 0.51806640625 0.0595703125 0.080078125
4 0.333984375 0.46484375 0.0595703125 0.080078125
4 0.56494140625 0.490234375 0.0595703125 0.080078125
4 0.78076171875 0.46484375 0.0595703125 0.080078125
4 0.91015625 0.365234375 0.0595703125 0.080078125
3 0.11083984375 0.419921875 0.009765625 0.2001953125
3 0.19384765625 0.31494140625 0.1201171875 0.099609375
3 0.17822265625 0.64990234375 0.1396484375 0.1103515625
3 0.291015625 0.46484375 0.0302734375 0.009765625
3 0.375 0.46484375 0.0400390625 0.009765625
3 0.509765625 0.47021484375 0.025390625 0.009765625
3 0.61181640625 0.47021484375 0.025390625 0.009765625
3 0.6748046875 0.53515625 0.009765625 0.0400390625
3 0.7412109375 0.47314453125 0.025390625 0.009765625
3 0.81591796875 0.47314453125 0.03515625 0.009765625