0 0.24899598393574296 0.8965863453815262 0.10240963855421686 0.05622489959839357
0 0.5753012048192772 0.8965863453815262 0.07630522088353414 0.05622489959839357
2 0.4467871485943775 0.7560240963855421 0.07630522088353414 0.040160642570281124
4 0.4467871485943775 0.6646586345381527 0.06626506024096386 0.04618473895582329
2 0.4879518072289157 0.5401606425702812 0.07630522088353414 0.04618473895582329
4 0.4879518072289157 0.42771084337349397 0.06626506024096386 0.04618473895582329
2 0.4307228915662651 0.3132530120481928 0.05622489959839357 0.04618473895582329
2 0.5953815261044176 0.3132530120481928 0.06626506024096386 0.040160642570281124
4 0.46686746987951805 0.20481927710843373 0.06626506024096386 0.04618473895582329
2 0.35943775100401604 0.07028112449799197 0.08835341365461848 0.04618473895582329
2 0.5180722891566265 0.07028112449799197 0.05622489959839357 0.04618473895582329
2 0.6726907630522089 0.07028112449799197 0.09236947791164658 0.05622489959839357
3 0.4307228915662651 0.893574297188755 0.1746987951807229 0.006024096385542169
3 0.2700803212851406 0.8022088353413654 0.006024096385542169 0.09839357429718876
3 0.33835341365461846 0.7540160642570282 0.13453815261044177 0.006024096385542169
3 0.6937751004016064 0.8232931726907631 0.006024096385542169 0.13855421686746988
3 0.5853413654618473 0.7540160642570282 0.21686746987951808 0.006024096385542169
3 0.4467871485943775 0.7098393574297188 0.006024096385542169 0.04618473895582329
3 0.4467871485943775 0.6194779116465864 0.006024096385542169 0.04618473895582329
3 0.46686746987951805 0.48092369477911645 0.006024096385542169 0.02610441767068273
3 0.46686746987951805 0.3704819277108434 0.006024096385542169 0.02610441767068273
3 0.5130522088353414 0.3132530120481928 0.05220883534136546 0.006024096385542169
3 0.4718875502008032 0.2389558232931727 0.006024096385542169 0.02610441767068273
3 0.4718875502008032 0.1686746987951807 0.006024096385542169 0.02610441767068273
6 0.5100401606425703 0.4267068273092369 0.6947791164658634 0.3453815261044177
6 0.5100401606425703 0.07630522088353414 0.6947791164658634 0.15261044176706828