0 0.2469879518072289 0.9146586345381527 0.10240963855421686 0.05622489959839357
0 0.5732931726907631 0.9146586345381527 0.07630522088353414 0.05622489959839357
2 0.44477911646586343 0.7740963855421686 0.07630522088353414 0.040160642570281124
4 0.44477911646586343 0.6827309236947792 0.06626506024096386 0.04618473895582329
2 0.4859437751004016 0.5582329317269076 0.07630522088353414 0.04618473895582329
4 0.4859437751004016 0.4457831325301205 0.06626506024096386 0.04618473895582329
2 0.428714859437751 0.3313253012048193 0.05622489959839357 0.04618473895582329
2 0.5933734939759037 0.3313253012048193 0.06626506024096386 0.040160642570281124
4 0.464859437751004 0.22289156626506024 0.06626506024096386 0.04618473895582329
2 0.357429718875502 0.08835341365461848 0.08835341365461848 0.04618473895582329
2 0.5160642570281124 0.08835341365461848 0.05622489959839357 0.04618473895582329
2 0.6706827309236948 0.08835341365461848 0.09236947791164658 0.05622489959839357
3 0.428714859437751 0.9116465863453815 0.1746987951807229 0.006024096385542169
3 0.2680722891566265 0.820281124497992 0.006024096385542169 0.09839357429718876
3 0.33634538152610444 0.7720883534136547 0.13453815261044177 0.006024096385542169
3 0.6917670682730924 0.8413654618473896 0.006024096385542169 0.13855421686746988
3 0.5833333333333334 0.7720883534136547 0.21686746987951808 0.006024096385542169
3 0.44477911646586343 0.7279116465863453 0.006024096385542169 0.04618473895582329
3 0.44477911646586343 0.6375502008032129 0.006024096385542169 0.04618473895582329
3 0.464859437751004 0.49899598393574296 0.006024096385542169 0.02610441767068273
3 0.464859437751004 0.3885542168674699 0.006024096385542169 0.02610441767068273
3 0.5110441767068273 0.3313253012048193 0.05220883534136546 0.006024096385542169
3 0.46987951807228917 0.2570281124497992 0.006024096385542169 0.02610441767068273
3 0.46987951807228917 0.18674698795180722 0.006024096385542169 0.02610441767068273
6 0.5080321285140562 0.44477911646586343 0.6947791164658634 0.3453815261044177
6 0.5080321285140562 0.09036144578313253 0.6947791164658634 0.15863453815261044