6 0.43505859375 0.509765625 0.333984375 0.6796875
6 0.5498046875 0.51806640625 0.0947265625 0.3046875
6 0.43505859375 0.51806640625 0.080078125 0.3046875
6 0.3251953125 0.51806640625 0.08984375 0.3046875
6 0.08984375 0.509765625 0.1552734375 0.6796875
0 0.88916015625 0.2578125 0.080078125 0.099609375
0 0.88916015625 0.5751953125 0.080078125 0.099609375
0 0.08984375 0.669921875 0.099609375 0.1201171875
2 0.751953125 0.46484375 0.0595703125 0.080078125
2 0.5498046875 0.490234375 0.080078125 0.099609375
2 0.3251953125 0.58984375 0.080078125 0.080078125
2 0.08984375 0.51806640625 0.0595703125 0.080078125
4 0.666015625 0.46484375 0.0595703125 0.080078125
4 0.43505859375 0.490234375 0.0595703125 0.080078125
4 0.21923828125 0.46484375 0.0595703125 0.080078125
4 0.08984375 0.365234375 0.0595703125 0.080078125
3 0.88916015625 0.419921875 0.009765625 0.2001953125
3 0.80615234375 0.31494140625 0.1201171875 0.099609375
3 0.82177734375 0.64990234375 0.1396484375 0.1103515625
3 0.708984375 0.46484375 0.0302734375 0.009765625
3 0.625 0.46484375 0.0400390625 0.009765625
3 0.490234375 0.47021484375 0.025390625 0.009765625
3 0.38818359375 0.47021484375 0.025390625 0.009765625
3 0.3251953125 0.53515625 0.009765625 0.0400390625
3 0.2587890625 0.47314453125 0.025390625 0.009765625
3 0.18408203125 0.47314453125 0.03515625 0.009765625