0 0.8998015873015873 0.25 0.05555555555555555 0.10119047619047619
0 0.8998015873015873 0.5724206349206349 0.05555555555555555 0.07539682539682539
2 0.7609126984126984 0.44543650793650796 0.03968253968253968 0.07539682539682539
4 0.6706349206349206 0.44543650793650796 0.04563492063492063 0.06547619047619048
2 0.5476190476190477 0.4861111111111111 0.04563492063492063 0.07539682539682539
4 0.4365079365079365 0.4861111111111111 0.04563492063492063 0.06547619047619048
2 0.32341269841269843 0.42956349206349204 0.04563492063492063 0.05555555555555555
2 0.32341269841269843 0.5922619047619048 0.03968253968253968 0.06547619047619048
4 0.21626984126984128 0.4652777777777778 0.04563492063492063 0.06547619047619048
2 0.08333333333333333 0.35912698412698413 0.04563492063492063 0.0873015873015873
2 0.08333333333333333 0.5158730158730159 0.04563492063492063 0.05555555555555555
2 0.08333333333333333 0.6686507936507936 0.05555555555555555 0.09126984126984126
3 0.8968253968253969 0.42956349206349204 0.005952380952380952 0.17261904761904762
3 0.8065476190476191 0.2708333333333333 0.09722222222222222 0.005952380952380952
3 0.7589285714285714 0.3382936507936508 0.005952380952380952 0.13293650793650794
3 0.8273809523809523 0.689484126984127 0.13690476190476192 0.005952380952380952
3 0.7589285714285714 0.5823412698412699 0.005952380952380952 0.21428571428571427
3 0.7152777777777778 0.44543650793650796 0.04563492063492063 0.005952380952380952
3 0.6259920634920635 0.44543650793650796 0.04563492063492063 0.005952380952380952
3 0.48908730158730157 0.4652777777777778 0.025793650793650792 0.005952380952380952
3 0.37996031746031744 0.4652777777777778 0.025793650793650792 0.005952380952380952
3 0.32341269841269843 0.5109126984126984 0.005952380952380952 0.051587301587301584
3 0.25 0.47023809523809523 0.025793650793650792 0.005952380952380952
3 0.18055555555555555 0.47023809523809523 0.025793650793650792 0.005952380952380952
6 0.435515873015873 0.5079365079365079 0.3412698412698413 0.6865079365079365
6 0.08531746031746032 0.5079365079365079 0.15674603174603174 0.6865079365079365