0 0.10531496062992125 0.2578740157480315 0.05511811023622047 0.10039370078740158
0 0.10531496062992125 0.577755905511811 0.05511811023622047 0.07480314960629922
2 0.24311023622047245 0.45177165354330706 0.03937007874015748 0.07480314960629922
4 0.33267716535433073 0.45177165354330706 0.045275590551181105 0.06496062992125984
2 0.4547244094488189 0.4921259842519685 0.045275590551181105 0.07480314960629922
4 0.5649606299212598 0.4921259842519685 0.045275590551181105 0.06496062992125984
2 0.6771653543307087 0.4360236220472441 0.045275590551181105 0.05511811023622047
2 0.6771653543307087 0.5974409448818898 0.03937007874015748 0.06496062992125984
4 0.7834645669291339 0.4714566929133858 0.045275590551181105 0.06496062992125984
2 0.9153543307086615 0.3661417322834646 0.045275590551181105 0.08661417322834646
2 0.9153543307086615 0.5216535433070866 0.045275590551181105 0.05511811023622047
2 0.9153543307086615 0.6732283464566929 0.05511811023622047 0.09055118110236221
3 0.10826771653543307 0.4360236220472441 0.005905511811023622 0.17125984251968504
3 0.19783464566929135 0.2785433070866142 0.09645669291338582 0.005905511811023622
3 0.24507874015748032 0.3454724409448819 0.005905511811023622 0.13188976377952755
3 0.17716535433070865 0.6938976377952756 0.13582677165354332 0.005905511811023622
3 0.24507874015748032 0.5875984251968503 0.005905511811023622 0.2125984251968504
3 0.28838582677165353 0.45177165354330706 0.045275590551181105 0.005905511811023622
3 0.37696850393700787 0.45177165354330706 0.045275590551181105 0.005905511811023622
3 0.5127952755905512 0.4714566929133858 0.025590551181102362 0.005905511811023622
3 0.6210629921259843 0.4714566929133858 0.025590551181102362 0.005905511811023622
3 0.6771653543307087 0.5167322834645669 0.005905511811023622 0.051181102362204724
3 0.75 0.4763779527559055 0.025590551181102362 0.005905511811023622
3 0.8188976377952756 0.4763779527559055 0.025590551181102362 0.005905511811023622
6 0.5659448818897638 0.5137795275590551 0.33858267716535434 0.6811023622047244
6 0.9133858267716536 0.5137795275590551 0.15551181102362205 0.6811023622047244