0 0.9400826446280992 0.4431818181818182 0.10537190082644628 0.05371900826446281
0 0.9400826446280992 0.6012396694214877 0.10537190082644628 0.10537190082644628
0 0.8657024793388429 0.7603305785123967 0.10537190082644628 0.10537190082644628
0 0.6332644628099173 0.49586776859504134 0.08471074380165289 0.10537190082644628
2 0.9390495867768595 0.1993801652892562 0.12190082644628099 0.08471074380165289
2 0.7603305785123967 0.1993801652892562 0.08471074380165289 0.12603305785123967
2 0.7603305785123967 0.47520661157024796 0.10537190082644628 0.08471074380165289
2 0.7603305785123967 0.5805785123966942 0.10537190082644628 0.08471074380165289
2 0.3584710743801653 0.4431818181818182 0.0640495867768595 0.08471074380165289
2 0.2634297520661157 0.4431818181818182 0.0640495867768595 0.08471074380165289
2 0.1683884297520661 0.4431818181818182 0.0640495867768595 0.08471074380165289
4 0.43285123966942146 0.7603305785123967 0.0640495867768595 0.08471074380165289
4 0.2634297520661157 0.7603305785123967 0.0640495867768595 0.08471074380165289
4 0.1683884297520661 0.7603305785123967 0.0640495867768595 0.08471074380165289
4 0.30578512396694213 0.8977272727272727 0.10537190082644628 0.08471074380165289
4 0.030991735537190084 0.8977272727272727 0.06198347107438017 0.08471074380165289
5 0.41115702479338845 0.15702479338842976 0.08471074380165289 0.08471074380165289
5 0.2634297520661157 0.15702479338842976 0.08471074380165289 0.08471074380165289
5 0.12603305785123967 0.15702479338842976 0.08471074380165289 0.08471074380165289
5 0.5165289256198347 0.6012396694214877 0.0640495867768595 0.08471074380165289
5 0.5485537190082644 0.6859504132231405 0.0640495867768595 0.08471074380165289
5 0.506198347107438 0.7603305785123967 0.0640495867768595 0.08471074380165289
5 0.506198347107438 0.8977272727272727 0.08471074380165289 0.08471074380165289
5 0.3481404958677686 0.7603305785123967 0.05371900826446281 0.08471074380165289
5 0.22107438016528927 0.7603305785123967 0.05371900826446281 0.08471074380165289
5 0.09400826446280992 0.7603305785123967 0.05371900826446281 0.08471074380165289
3 0.9400826446280992 0.30578512396694213 0.02066115702479339 0.10537190082644628
3 0.8657024793388429 0.6756198347107438 0.02066115702479339 0.10537190082644628
3 0.8657024793388429 0.5485537190082644 0.10537190082644628 0.02066115702479339
3 0.5702479338842975 0.5485537190082644 0.08471074380165289 0.08471074380165289
3 0.5485537190082644 0.368801652892562 0.3181818181818182 0.02066115702479339
3 0.5165289256198347 0.4431818181818182 0.2644628099173554 0.02066115702479339
3 0.5485537190082644 0.41115702479338845 0.3181818181818182 0.02066115702479339
3 0.30578512396694213 0.4431818181818182 0.04132231404958678 0.02066115702479339
3 0.21074380165289255 0.4431818181818182 0.04132231404958678 0.02066115702479339
3 0.506198347107438 0.8347107438016529 0.02066115702479339 0.08471074380165289
3 0.390495867768595 0.6549586776859504 0.02066115702479339 0.1590909090909091
3 0.22107438016528927 0.6549586776859504 0.02066115702479339 0.1590909090909091
3 0.09400826446280992 0.6549586776859504 0.02066115702479339 0.1590909090909091
3 0.1683884297520661 0.8977272727272727 0.12603305785123967 0.02066115702479339
6 0.8357438016528925 0.46384297520661155 0.3285123966942149 0.8987603305785123
6 0.7603305785123967 0.46384297520661155 0.1590909090909091 0.8471074380165289
6 0.9328512396694215 0.1993801652892562 0.13429752066115702 0.1590909090909091
6 0.7603305785123967 0.5485537190082644 0.1487603305785124 0.2644628099173554
6 0.29545454545454547 0.47520661157024796 0.5909090909090909 0.9504132231404959
6 0.2840909090909091 0.4431818181818182 0.5495867768595041 0.8243801652892562
6 0.41115702479338845 0.47520661157024796 0.12603305785123967 0.7396694214876033
6 0.2634297520661157 0.47520661157024796 0.12603305785123967 0.7396694214876033
6 0.12603305785123967 0.47520661157024796 0.12603305785123967 0.7396694214876033
6 0.2737603305785124 0.41115702479338845 0.36983471074380164 0.40289256198347106
6 0.2737603305785124 0.41115702479338845 0.3285123966942149 0.29545454545454547
6 0.2737603305785124 0.41115702479338845 0.30578512396694213 0.21074380165289255