0 0.9212598425196851 0.4498031496062992 0.10039370078740158 0.051181102362204724
0 0.9212598425196851 0.6003937007874016 0.10039370078740158 0.10039370078740158
0 0.8503937007874016 0.7519685039370079 0.10039370078740158 0.10039370078740158
0 0.6289370078740157 0.5 0.08070866141732283 0.10039370078740158
2 0.9212598425196851 0.21751968503937008 0.12007874015748031 0.08070866141732283
2 0.75 0.21751968503937008 0.08070866141732283 0.12007874015748031
2 0.75 0.48031496062992124 0.10039370078740158 0.08070866141732283
2 0.75 0.5807086614173228 0.10039370078740158 0.08070866141732283
2 0.3671259842519685 0.4498031496062992 0.0610236220472441 0.08070866141732283
2 0.2765748031496063 0.4498031496062992 0.0610236220472441 0.08070866141732283
2 0.1860236220472441 0.4498031496062992 0.0610236220472441 0.08070866141732283
4 0.43799212598425197 0.7519685039370079 0.0610236220472441 0.08070866141732283
4 0.2765748031496063 0.7519685039370079 0.0610236220472441 0.08070866141732283
4 0.1860236220472441 0.7519685039370079 0.0610236220472441 0.08070866141732283
4 0.3169291338582677 0.8828740157480315 0.10039370078740158 0.08070866141732283
4 0.04429133858267716 0.8828740157480315 0.08070866141732283 0.08070866141732283
5 0.41732283464566927 0.17716535433070865 0.08070866141732283 0.08070866141732283
5 0.2765748031496063 0.17716535433070865 0.08070866141732283 0.08070866141732283
5 0.14566929133858267 0.17716535433070865 0.08070866141732283 0.08070866141732283
5 0.5177165354330708 0.6003937007874016 0.0610236220472441 0.08070866141732283
5 0.5482283464566929 0.6811023622047244 0.0610236220472441 0.08070866141732283
5 0.5078740157480315 0.7519685039370079 0.0610236220472441 0.08070866141732283
5 0.5078740157480315 0.8828740157480315 0.08070866141732283 0.08070866141732283
5 0.3572834645669291 0.7519685039370079 0.051181102362204724 0.08070866141732283
5 0.23622047244094488 0.7519685039370079 0.051181102362204724 0.08070866141732283
5 0.11515748031496063 0.7519685039370079 0.051181102362204724 0.08070866141732283
3 0.9212598425196851 0.3188976377952756 0.01968503937007874 0.10039370078740158
3 0.8503937007874016 0.6712598425196851 0.01968503937007874 0.10039370078740158
3 0.8503937007874016 0.5501968503937008 0.10039370078740158 0.01968503937007874
3 0.5688976377952756 0.5501968503937008 0.08070866141732283 0.08070866141732283
3 0.5482283464566929 0.37893700787401574 0.3031496062992126 0.01968503937007874
3 0.5177165354330708 0.4498031496062992 0.25196850393700787 0.01968503937007874
3 0.5482283464566929 0.41929133858267714 0.3031496062992126 0.01968503937007874
3 0.3169291338582677 0.4498031496062992 0.03937007874015748 0.01968503937007874
3 0.2263779527559055 0.4498031496062992 0.03937007874015748 0.01968503937007874
3 0.5078740157480315 0.8228346456692913 0.01968503937007874 0.08070866141732283
3 0.39763779527559057 0.6515748031496063 0.01968503937007874 0.1515748031496063
3 0.23622047244094488 0.6515748031496063 0.01968503937007874 0.1515748031496063
3 0.11515748031496063 0.6515748031496063 0.01968503937007874 0.1515748031496063
3 0.1860236220472441 0.8828740157480315 0.12007874015748031 0.01968503937007874
6 0.8307086614173228 0.46948818897637795 0.33267716535433073 0.8562992125984252
6 0.75 0.46948818897637795 0.1515748031496063 0.8070866141732284
6 0.9212598425196851 0.21751968503937008 0.14173228346456693 0.1515748031496063
6 0.75 0.5501968503937008 0.14173228346456693 0.25196850393700787
6 0.296259842519685 0.48031496062992124 0.5846456692913385 0.90748031496063
6 0.296259842519685 0.4498031496062992 0.5236220472440944 0.7854330708661418
6 0.41732283464566927 0.48031496062992124 0.12007874015748031 0.7047244094488189
6 0.2765748031496063 0.48031496062992124 0.12007874015748031 0.7047244094488189
6 0.14566929133858267 0.48031496062992124 0.12007874015748031 0.7047244094488189
6 0.28641732283464566 0.41929133858267714 0.35236220472440943 0.3838582677165354
6 0.28641732283464566 0.41929133858267714 0.31299212598425197 0.281496062992126
6 0.28641732283464566 0.41929133858267714 0.29133858267716534 0.20078740157480315