0 0.05578512396694215 0.4369834710743802 0.10537190082644628 0.05371900826446281
0 0.05578512396694215 0.5950413223140496 0.10537190082644628 0.10537190082644628
0 0.13016528925619836 0.7541322314049587 0.10537190082644628 0.10537190082644628
0 0.36260330578512395 0.4896694214876033 0.08471074380165289 0.10537190082644628
2 0.058884297520661155 0.19318181818181818 0.11776859504132231 0.08471074380165289
2 0.23553719008264462 0.19318181818181818 0.08471074380165289 0.12603305785123967
2 0.23553719008264462 0.4690082644628099 0.10537190082644628 0.08471074380165289
2 0.23553719008264462 0.5743801652892562 0.10537190082644628 0.08471074380165289
2 0.637396694214876 0.4369834710743802 0.0640495867768595 0.08471074380165289
2 0.7324380165289256 0.4369834710743802 0.0640495867768595 0.08471074380165289
2 0.8274793388429752 0.4369834710743802 0.0640495867768595 0.08471074380165289
4 0.5630165289256198 0.7541322314049587 0.0640495867768595 0.08471074380165289
4 0.7324380165289256 0.7541322314049587 0.0640495867768595 0.08471074380165289
4 0.8274793388429752 0.7541322314049587 0.0640495867768595 0.08471074380165289
4 0.6900826446280992 0.8915289256198347 0.10537190082644628 0.08471074380165289
4 0.9669421487603306 0.8915289256198347 0.06611570247933884 0.08471074380165289
5 0.5847107438016529 0.15082644628099173 0.08471074380165289 0.08471074380165289
5 0.7324380165289256 0.15082644628099173 0.08471074380165289 0.08471074380165289
5 0.8698347107438017 0.15082644628099173 0.08471074380165289 0.08471074380165289
5 0.4793388429752066 0.5950413223140496 0.0640495867768595 0.08471074380165289
5 0.44731404958677684 0.6797520661157025 0.0640495867768595 0.08471074380165289
5 0.4896694214876033 0.7541322314049587 0.0640495867768595 0.08471074380165289
5 0.4896694214876033 0.8915289256198347 0.08471074380165289 0.08471074380165289
5 0.6477272727272727 0.7541322314049587 0.05371900826446281 0.08471074380165289
5 0.7747933884297521 0.7541322314049587 0.05371900826446281 0.08471074380165289
5 0.9018595041322314 0.7541322314049587 0.05371900826446281 0.08471074380165289
3 0.05578512396694215 0.29958677685950413 0.02066115702479339 0.10537190082644628
3 0.13016528925619836 0.6694214876033058 0.02066115702479339 0.10537190082644628
3 0.13016528925619836 0.5423553719008265 0.10537190082644628 0.02066115702479339
3 0.4256198347107438 0.5423553719008265 0.08471074380165289 0.08471074380165289
3 0.44731404958677684 0.36260330578512395 0.3181818181818182 0.02066115702479339
3 0.4793388429752066 0.4369834710743802 0.2644628099173554 0.02066115702479339
3 0.44731404958677684 0.4049586776859504 0.3181818181818182 0.02066115702479339
3 0.6900826446280992 0.4369834710743802 0.04132231404958678 0.02066115702479339
3 0.7851239669421488 0.4369834710743802 0.04132231404958678 0.02066115702479339
3 0.4896694214876033 0.8285123966942148 0.02066115702479339 0.08471074380165289
3 0.6053719008264463 0.6487603305785123 0.02066115702479339 0.1590909090909091
3 0.7747933884297521 0.6487603305785123 0.02066115702479339 0.1590909090909091
3 0.9018595041322314 0.6487603305785123 0.02066115702479339 0.1590909090909091
3 0.8274793388429752 0.8915289256198347 0.12603305785123967 0.02066115702479339
6 0.1621900826446281 0.45764462809917356 0.3243801652892562 0.8987603305785123
6 0.23553719008264462 0.45764462809917356 0.1590909090909091 0.8471074380165289
6 0.06508264462809918 0.19318181818181818 0.13016528925619836 0.1590909090909091
6 0.23553719008264462 0.5423553719008265 0.1487603305785124 0.2644628099173554
6 0.7024793388429752 0.47210743801652894 0.5950413223140496 0.9442148760330579
6 0.7117768595041323 0.4369834710743802 0.5495867768595041 0.8243801652892562
6 0.5847107438016529 0.4690082644628099 0.12603305785123967 0.7396694214876033
6 0.7324380165289256 0.4690082644628099 0.12603305785123967 0.7396694214876033
6 0.8698347107438017 0.4690082644628099 0.12603305785123967 0.7396694214876033
6 0.7221074380165289 0.4049586776859504 0.36983471074380164 0.40289256198347106
6 0.7221074380165289 0.4049586776859504 0.3285123966942149 0.29545454545454547
6 0.7221074380165289 0.4049586776859504 0.30578512396694213 0.21074380165289255