0 0.44762845849802374 0.07114624505928854 0.05138339920948617 0.1007905138339921
0 0.5988142292490118 0.07114624505928854 0.1007905138339921 0.1007905138339921
0 0.7509881422924901 0.1422924901185771 0.1007905138339921 0.1007905138339921
0 0.4980237154150198 0.36462450592885376 0.1007905138339921 0.08102766798418973
2 0.21442687747035574 0.07114624505928854 0.08102766798418973 0.12055335968379446
2 0.21442687747035574 0.24308300395256918 0.12055335968379446 0.08102766798418973
2 0.4782608695652174 0.24308300395256918 0.08102766798418973 0.1007905138339921
2 0.5790513833992095 0.24308300395256918 0.08102766798418973 0.1007905138339921
2 0.44762845849802374 0.6274703557312253 0.08102766798418973 0.06126482213438735
2 0.44762845849802374 0.7183794466403162 0.08102766798418973 0.06126482213438735
2 0.44762845849802374 0.8092885375494071 0.08102766798418973 0.06126482213438735
4 0.7509881422924901 0.5563241106719368 0.08102766798418973 0.06126482213438735
4 0.7509881422924901 0.7183794466403162 0.08102766798418973 0.06126482213438735
4 0.7509881422924901 0.8092885375494071 0.08102766798418973 0.06126482213438735
4 0.8824110671936759 0.6778656126482213 0.08102766798418973 0.1007905138339921
4 0.8824110671936759 0.9515810276679841 0.08102766798418973 0.08102766798418973
5 0.17391304347826086 0.5770750988142292 0.08102766798418973 0.08102766798418973
5 0.17391304347826086 0.7183794466403162 0.08102766798418973 0.08102766798418973
5 0.17391304347826086 0.849802371541502 0.08102766798418973 0.08102766798418973
5 0.5988142292490118 0.4762845849802372 0.08102766798418973 0.06126482213438735
5 0.6798418972332015 0.44565217391304346 0.08102766798418973 0.06126482213438735
5 0.7509881422924901 0.48616600790513836 0.08102766798418973 0.06126482213438735
5 0.8824110671936759 0.48616600790513836 0.08102766798418973 0.08102766798418973
5 0.7509881422924901 0.6373517786561265 0.08102766798418973 0.05138339920948617
5 0.7509881422924901 0.758893280632411 0.08102766798418973 0.05138339920948617
5 0.7509881422924901 0.8804347826086957 0.08102766798418973 0.05138339920948617
3 0.31620553359683795 0.07114624505928854 0.1007905138339921 0.019762845849802372
3 0.6699604743083004 0.1422924901185771 0.1007905138339921 0.019762845849802372
3 0.5484189723320159 0.1422924901185771 0.019762845849802372 0.1007905138339921
3 0.5484189723320159 0.424901185770751 0.08102766798418973 0.08102766798418973
3 0.37648221343873517 0.44565217391304346 0.019762845849802372 0.30434782608695654
3 0.44762845849802374 0.4762845849802372 0.019762845849802372 0.25296442687747034
3 0.41699604743083 0.44565217391304346 0.019762845849802372 0.30434782608695654
3 0.44762845849802374 0.6778656126482213 0.019762845849802372 0.039525691699604744
3 0.44762845849802374 0.7687747035573123 0.019762845849802372 0.039525691699604744
3 0.8221343873517787 0.48616600790513836 0.08102766798418973 0.019762845849802372
3 0.650197628458498 0.5968379446640316 0.15217391304347827 0.019762845849802372
3 0.650197628458498 0.758893280632411 0.15217391304347827 0.019762845849802372
3 0.650197628458498 0.8804347826086957 0.15217391304347827 0.019762845849802372
3 0.8824110671936759 0.8092885375494071 0.019762845849802372 0.12055335968379446
6 0.4673913043478261 0.16403162055335968 0.8596837944664032 0.32806324110671936
6 0.4673913043478261 0.24308300395256918 0.8102766798418972 0.15217391304347827
6 0.21442687747035574 0.07114624505928854 0.15217391304347827 0.1422924901185771
6 0.5484189723320159 0.24308300395256918 0.25296442687747034 0.1422924901185771
6 0.4782608695652174 0.6986166007905138 0.9110671936758893 0.5869565217391305
6 0.44762845849802374 0.6986166007905138 0.7885375494071146 0.525691699604743
6 0.4782608695652174 0.5770750988142292 0.7075098814229249 0.12055335968379446
6 0.4782608695652174 0.7183794466403162 0.7075098814229249 0.12055335968379446
6 0.4782608695652174 0.849802371541502 0.7075098814229249 0.12055335968379446
6 0.41699604743083 0.708498023715415 0.38537549407114624 0.35375494071146246
6 0.41699604743083 0.708498023715415 0.2826086956521739 0.3142292490118577
6 0.41699604743083 0.708498023715415 0.2015810276679842 0.2924901185770751