0 0.9345991561181435 0.4462025316455696 0.10759493670886076 0.05485232067510549
0 0.9345991561181435 0.6075949367088608 0.10759493670886076 0.10759493670886076
0 0.8586497890295358 0.770042194092827 0.10759493670886076 0.10759493670886076
0 0.6213080168776371 0.5 0.08649789029535865 0.10759493670886076
2 0.9345991561181435 0.19725738396624473 0.12869198312236288 0.08649789029535865
2 0.7510548523206751 0.19725738396624473 0.08649789029535865 0.12869198312236288
2 0.7510548523206751 0.47890295358649787 0.10759493670886076 0.08649789029535865
2 0.7510548523206751 0.5864978902953587 0.10759493670886076 0.08649789029535865
2 0.3407172995780591 0.4462025316455696 0.06540084388185655 0.08649789029535865
2 0.24367088607594936 0.4462025316455696 0.06540084388185655 0.08649789029535865
2 0.14662447257383968 0.4462025316455696 0.06540084388185655 0.08649789029535865
4 0.4166666666666667 0.770042194092827 0.06540084388185655 0.08649789029535865
4 0.24367088607594936 0.770042194092827 0.06540084388185655 0.08649789029535865
4 0.14662447257383968 0.770042194092827 0.06540084388185655 0.08649789029535865
4 0.2869198312236287 0.9103375527426161 0.10759493670886076 0.08649789029535865
4 0.0189873417721519 0.9103375527426161 0.0379746835443038 0.08649789029535865
5 0.39451476793248946 0.1540084388185654 0.08649789029535865 0.08649789029535865
5 0.24367088607594936 0.1540084388185654 0.08649789029535865 0.08649789029535865
5 0.10337552742616034 0.1540084388185654 0.08649789029535865 0.08649789029535865
5 0.5021097046413502 0.6075949367088608 0.06540084388185655 0.08649789029535865
5 0.5348101265822784 0.6940928270042194 0.06540084388185655 0.08649789029535865
5 0.49156118143459915 0.770042194092827 0.06540084388185655 0.08649789029535865
5 0.49156118143459915 0.9103375527426161 0.08649789029535865 0.08649789029535865
5 0.33016877637130804 0.770042194092827 0.05485232067510549 0.08649789029535865
5 0.20042194092827004 0.770042194092827 0.05485232067510549 0.08649789029535865
5 0.07067510548523206 0.770042194092827 0.05485232067510549 0.08649789029535865
3 0.9345991561181435 0.3059071729957806 0.02109704641350211 0.10759493670886076
3 0.8586497890295358 0.6835443037974683 0.02109704641350211 0.10759493670886076
3 0.8586497890295358 0.5537974683544303 0.10759493670886076 0.02109704641350211
3 0.5569620253164557 0.5537974683544303 0.08649789029535865 0.08649789029535865
3 0.5348101265822784 0.370253164556962 0.32489451476793246 0.02109704641350211
3 0.5021097046413502 0.4462025316455696 0.270042194092827 0.02109704641350211
3 0.5348101265822784 0.41350210970464135 0.32489451476793246 0.02109704641350211
3 0.2869198312236287 0.4462025316455696 0.04219409282700422 0.02109704641350211
3 0.189873417721519 0.4462025316455696 0.04219409282700422 0.02109704641350211
3 0.49156118143459915 0.8459915611814346 0.02109704641350211 0.08649789029535865
3 0.37341772151898733 0.6624472573839663 0.02109704641350211 0.16244725738396623
3 0.20042194092827004 0.6624472573839663 0.02109704641350211 0.16244725738396623
3 0.07067510548523206 0.6624472573839663 0.02109704641350211 0.16244725738396623
3 0.14662447257383968 0.9103375527426161 0.12869198312236288 0.02109704641350211
6 0.830168776371308 0.46729957805907174 0.339662447257384 0.9177215189873418
6 0.7510548523206751 0.46729957805907174 0.16244725738396623 0.8649789029535865
6 0.929324894514768 0.19725738396624473 0.14135021097046413 0.16244725738396623
6 0.7510548523206751 0.5537974683544303 0.1518987341772152 0.270042194092827
6 0.2890295358649789 0.4820675105485232 0.5780590717299579 0.9641350210970464
6 0.2732067510548523 0.4462025316455696 0.5464135021097046 0.8417721518987342
6 0.39451476793248946 0.47890295358649787 0.12869198312236288 0.7552742616033755
6 0.24367088607594936 0.47890295358649787 0.12869198312236288 0.7552742616033755
6 0.10337552742616034 0.47890295358649787 0.12869198312236288 0.7552742616033755
6 0.2542194092827004 0.41350210970464135 0.37763713080168776 0.41139240506329117
6 0.2542194092827004 0.41350210970464135 0.33544303797468356 0.30168776371308015
6 0.2542194092827004 0.41350210970464135 0.31223628691983124 0.21518987341772153