0 0.080078125 0.4501953125 0.099609375 0.05078125
0 0.080078125 0.599609375 0.099609375 0.099609375
0 0.150390625 0.75 0.099609375 0.099609375
0 0.3701171875 0.5 0.080078125 0.099609375
2 0.080078125 0.2197265625 0.119140625 0.080078125
2 0.25 0.2197265625 0.080078125 0.119140625
2 0.25 0.48046875 0.099609375 0.080078125
2 0.25 0.580078125 0.099609375 0.080078125
2 0.6298828125 0.4501953125 0.060546875 0.080078125
2 0.7197265625 0.4501953125 0.060546875 0.080078125
2 0.8095703125 0.4501953125 0.060546875 0.080078125
4 0.5595703125 0.75 0.060546875 0.080078125
4 0.7197265625 0.75 0.060546875 0.080078125
4 0.8095703125 0.75 0.060546875 0.080078125
4 0.6796875 0.8798828125 0.099609375 0.080078125
4 0.9501953125 0.8798828125 0.080078125 0.080078125
5 0.580078125 0.1796875 0.080078125 0.080078125
5 0.7197265625 0.1796875 0.080078125 0.080078125
5 0.849609375 0.1796875 0.080078125 0.080078125
5 0.48046875 0.599609375 0.060546875 0.080078125
5 0.4501953125 0.6796875 0.060546875 0.080078125
5 0.490234375 0.75 0.060546875 0.080078125
5 0.490234375 0.8798828125 0.080078125 0.080078125
5 0.6396484375 0.75 0.05078125 0.080078125
5 0.759765625 0.75 0.05078125 0.080078125
5 0.8798828125 0.75 0.05078125 0.080078125
3 0.080078125 0.3203125 0.01953125 0.099609375
3 0.150390625 0.669921875 0.01953125 0.099609375
3 0.150390625 0.5498046875 0.099609375 0.01953125
3 0.4296875 0.5498046875 0.080078125 0.080078125
3 0.4501953125 0.3798828125 0.30078125 0.01953125
3 0.48046875 0.4501953125 0.25 0.01953125
3 0.4501953125 0.419921875 0.30078125 0.01953125
3 0.6796875 0.4501953125 0.0390625 0.01953125
3 0.76953125 0.4501953125 0.0390625 0.01953125
3 0.490234375 0.8203125 0.01953125 0.080078125
3 0.599609375 0.650390625 0.01953125 0.150390625
3 0.759765625 0.650390625 0.01953125 0.150390625
3 0.8798828125 0.650390625 0.01953125 0.150390625
3 0.8095703125 0.8798828125 0.119140625 0.01953125
6 0.169921875 0.4697265625 0.330078125 0.849609375
6 0.25 0.4697265625 0.150390625 0.80078125
6 0.080078125 0.2197265625 0.140625 0.150390625
6 0.25 0.5498046875 0.140625 0.25
6 0.7001953125 0.48046875 0.580078125 0.900390625
6 0.7001953125 0.4501953125 0.51953125 0.779296875
6 0.580078125 0.48046875 0.119140625 0.69921875
6 0.7197265625 0.48046875 0.119140625 0.69921875
6 0.849609375 0.48046875 0.119140625 0.69921875
6 0.7099609375 0.419921875 0.349609375 0.380859375
6 0.7099609375 0.419921875 0.310546875 0.279296875
6 0.7099609375 0.419921875 0.2890625 0.19921875