0 0.45799180327868855 0.9426229508196722 0.05327868852459016 0.10450819672131148
0 0.6147540983606558 0.9426229508196722 0.10450819672131148 0.10450819672131148
0 0.7725409836065574 0.8688524590163934 0.10450819672131148 0.10450819672131148
0 0.5102459016393442 0.6383196721311475 0.10450819672131148 0.08401639344262295
2 0.21618852459016394 0.9405737704918032 0.08401639344262295 0.11885245901639344
2 0.21618852459016394 0.764344262295082 0.125 0.08401639344262295
2 0.48975409836065575 0.764344262295082 0.08401639344262295 0.10450819672131148
2 0.5942622950819673 0.764344262295082 0.08401639344262295 0.10450819672131148
2 0.45799180327868855 0.36577868852459017 0.08401639344262295 0.06352459016393443
2 0.45799180327868855 0.27151639344262296 0.08401639344262295 0.06352459016393443
2 0.45799180327868855 0.17725409836065573 0.08401639344262295 0.06352459016393443
4 0.7725409836065574 0.4395491803278688 0.08401639344262295 0.06352459016393443
4 0.7725409836065574 0.27151639344262296 0.08401639344262295 0.06352459016393443
4 0.7725409836065574 0.17725409836065573 0.08401639344262295 0.06352459016393443
4 0.9088114754098361 0.3135245901639344 0.08401639344262295 0.10450819672131148
4 0.9088114754098361 0.035860655737704916 0.08401639344262295 0.07172131147540983
5 0.17418032786885246 0.4180327868852459 0.08401639344262295 0.08401639344262295
5 0.17418032786885246 0.27151639344262296 0.08401639344262295 0.08401639344262295
5 0.17418032786885246 0.13524590163934427 0.08401639344262295 0.08401639344262295
5 0.6147540983606558 0.5225409836065574 0.08401639344262295 0.06352459016393443
5 0.6987704918032787 0.5543032786885246 0.08401639344262295 0.06352459016393443
5 0.7725409836065574 0.5122950819672131 0.08401639344262295 0.06352459016393443
5 0.9088114754098361 0.5122950819672131 0.08401639344262295 0.08401639344262295
5 0.7725409836065574 0.3555327868852459 0.08401639344262295 0.05327868852459016
5 0.7725409836065574 0.22950819672131148 0.08401639344262295 0.05327868852459016
5 0.7725409836065574 0.10348360655737705 0.08401639344262295 0.05327868852459016
3 0.32172131147540983 0.9426229508196722 0.10450819672131148 0.020491803278688523
3 0.6885245901639344 0.8688524590163934 0.10450819672131148 0.020491803278688523
3 0.5625 0.8688524590163934 0.020491803278688523 0.10450819672131148
3 0.5625 0.5758196721311475 0.08401639344262295 0.08401639344262295
3 0.38422131147540983 0.5543032786885246 0.020491803278688523 0.3155737704918033
3 0.45799180327868855 0.5225409836065574 0.020491803278688523 0.26229508196721313
3 0.4262295081967213 0.5543032786885246 0.020491803278688523 0.3155737704918033
3 0.45799180327868855 0.3135245901639344 0.020491803278688523 0.040983606557377046
3 0.45799180327868855 0.2192622950819672 0.020491803278688523 0.040983606557377046
3 0.8463114754098361 0.5122950819672131 0.08401639344262295 0.020491803278688523
3 0.6680327868852459 0.3975409836065574 0.15778688524590165 0.020491803278688523
3 0.6680327868852459 0.22950819672131148 0.15778688524590165 0.020491803278688523
3 0.6680327868852459 0.10348360655737705 0.15778688524590165 0.020491803278688523
3 0.9088114754098361 0.17725409836065573 0.020491803278688523 0.125
6 0.47848360655737704 0.8381147540983607 0.8913934426229508 0.3237704918032787
6 0.47848360655737704 0.764344262295082 0.8401639344262295 0.15778688524590165
6 0.21618852459016394 0.9344262295081968 0.15778688524590165 0.13114754098360656
6 0.5625 0.764344262295082 0.26229508196721313 0.14754098360655737
6 0.4887295081967213 0.29815573770491804 0.944672131147541 0.5963114754098361
6 0.45799180327868855 0.29200819672131145 0.8176229508196722 0.5450819672131147
6 0.48975409836065575 0.4180327868852459 0.7336065573770492 0.125
6 0.48975409836065575 0.27151639344262296 0.7336065573770492 0.125
6 0.48975409836065575 0.13524590163934427 0.7336065573770492 0.125
6 0.4262295081967213 0.2817622950819672 0.39959016393442626 0.3668032786885246
6 0.4262295081967213 0.2817622950819672 0.2930327868852459 0.32581967213114754
6 0.4262295081967213 0.2817622950819672 0.20901639344262296 0.30327868852459017