0 0.9375 0.45463709677419356 0.1028225806451613 0.05241935483870968
0 0.9375 0.6088709677419355 0.1028225806451613 0.1028225806451613
0 0.8649193548387096 0.7641129032258065 0.1028225806451613 0.1028225806451613
0 0.6381048387096774 0.5060483870967742 0.08266129032258064 0.1028225806451613
2 0.9375 0.21673387096774194 0.12298387096774194 0.08266129032258064
2 0.7620967741935484 0.21673387096774194 0.08266129032258064 0.12298387096774194
2 0.7620967741935484 0.48588709677419356 0.1028225806451613 0.08266129032258064
2 0.7620967741935484 0.5887096774193549 0.1028225806451613 0.08266129032258064
2 0.3699596774193548 0.45463709677419356 0.0625 0.08266129032258064
2 0.2772177419354839 0.45463709677419356 0.0625 0.08266129032258064
2 0.1844758064516129 0.45463709677419356 0.0625 0.08266129032258064
4 0.4425403225806452 0.7641129032258065 0.0625 0.08266129032258064
4 0.2772177419354839 0.7641129032258065 0.0625 0.08266129032258064
4 0.1844758064516129 0.7641129032258065 0.0625 0.08266129032258064
4 0.3185483870967742 0.8981854838709677 0.1028225806451613 0.08266129032258064
4 0.04032258064516129 0.8981854838709677 0.08064516129032258 0.08266129032258064
5 0.4213709677419355 0.17540322580645162 0.08266129032258064 0.08266129032258064
5 0.2772177419354839 0.17540322580645162 0.08266129032258064 0.08266129032258064
5 0.1431451612903226 0.17540322580645162 0.08266129032258064 0.08266129032258064
5 0.5241935483870968 0.6088709677419355 0.0625 0.08266129032258064
5 0.5554435483870968 0.6915322580645161 0.0625 0.08266129032258064
5 0.5141129032258065 0.7641129032258065 0.0625 0.08266129032258064
5 0.5141129032258065 0.8981854838709677 0.08266129032258064 0.08266129032258064
5 0.3598790322580645 0.7641129032258065 0.05241935483870968 0.08266129032258064
5 0.23588709677419356 0.7641129032258065 0.05241935483870968 0.08266129032258064
5 0.11189516129032258 0.7641129032258065 0.05241935483870968 0.08266129032258064
3 0.9375 0.32056451612903225 0.020161290322580645 0.1028225806451613
3 0.8649193548387096 0.6814516129032258 0.020161290322580645 0.1028225806451613
3 0.8649193548387096 0.5574596774193549 0.1028225806451613 0.020161290322580645
3 0.5766129032258065 0.5574596774193549 0.08266129032258064 0.08266129032258064
3 0.5554435483870968 0.38205645161290325 0.31048387096774194 0.020161290322580645
3 0.5241935483870968 0.45463709677419356 0.25806451612903225 0.020161290322580645
3 0.5554435483870968 0.42338709677419356 0.31048387096774194 0.020161290322580645
3 0.3185483870967742 0.45463709677419356 0.04032258064516129 0.020161290322580645
3 0.22580645161290322 0.45463709677419356 0.04032258064516129 0.020161290322580645
3 0.5141129032258065 0.8366935483870968 0.020161290322580645 0.08266129032258064
3 0.4012096774193548 0.6612903225806451 0.020161290322580645 0.15524193548387097
3 0.23588709677419356 0.6612903225806451 0.020161290322580645 0.15524193548387097
3 0.11189516129032258 0.6612903225806451 0.020161290322580645 0.15524193548387097
3 0.1844758064516129 0.8981854838709677 0.12298387096774194 0.020161290322580645
6 0.8377016129032258 0.4747983870967742 0.3245967741935484 0.8770161290322581
6 0.7620967741935484 0.4747983870967742 0.15524193548387097 0.8266129032258065
6 0.9324596774193549 0.21673387096774194 0.1350806451612903 0.15524193548387097
6 0.7620967741935484 0.5574596774193549 0.14516129032258066 0.25806451612903225
6 0.29838709677419356 0.4848790322580645 0.5967741935483871 0.9294354838709677
6 0.2973790322580645 0.45463709677419356 0.5362903225806451 0.8044354838709677
6 0.4213709677419355 0.48588709677419356 0.12298387096774194 0.7217741935483871
6 0.2772177419354839 0.48588709677419356 0.12298387096774194 0.7217741935483871
6 0.1431451612903226 0.48588709677419356 0.12298387096774194 0.7217741935483871
6 0.2872983870967742 0.42338709677419356 0.36088709677419356 0.39314516129032256
6 0.2872983870967742 0.42338709677419356 0.32056451612903225 0.28830645161290325
6 0.2872983870967742 0.42338709677419356 0.29838709677419356 0.2056451612903226