6 0.458984375 0.5 0.67578125 0.990234375
6 0.271484375 0.27294921875 0.54296875 0.29296875
6 0.166015625 0.72998046875 0.33203125 0.34765625
6 0.44580078125 0.84814453125 0.181640625 0.259765625
0 0.05517578125 0.3251953125 0.09765625 0.2080078125
0 0.05517578125 0.7080078125 0.09765625 0.2080078125
2 0.22802734375 0.19091796875 0.177734375 0.1064453125
1 0.22802734375 0.3720703125 0.177734375 0.1201171875
2 0.44482421875 0.3720703125 0.177734375 0.1201171875
2 0.68994140625 0.2080078125 0.177734375 0.1064453125
1 0.68994140625 0.3720703125 0.177734375 0.1201171875
2 0.68994140625 0.52978515625 0.177734375 0.1142578125
4 0.44482421875 0.55517578125 0.177734375 0.1142578125
2 0.22802734375 0.6650390625 0.177734375 0.1142578125
4 0.22802734375 0.83203125 0.177734375 0.1064453125
2 0.44189453125 0.82177734375 0.1748046875 0.08203125
2 0.44189453125 0.921875 0.1748046875 0.08203125
4 0.68994140625 0.7001953125 0.177734375 0.1142578125
2 0.68994140625 0.86181640625 0.177734375 0.087890625
0 0.873046875 0.2080078125 0.1181640625 0.2080078125
0 0.908203125 0.7001953125 0.181640625 0.2080078125
3 0.11376953125 0.3701171875 0.015625 0.0048828125
3 0.22802734375 0.27001953125 0.0048828125 0.0517578125
3 0.3271484375 0.3701171875 0.01953125 0.0048828125
3 0.54296875 0.3701171875 0.01953125 0.0048828125
3 0.68994140625 0.28515625 0.0048828125 0.068359375
3 0.68994140625 0.4599609375 0.0048828125 0.0546875
3 0.68994140625 0.78515625 0.0048828125 0.0546875
3 0.7890625 0.2080078125 0.01953125 0.0048828125
3 0.794921875 0.7001953125 0.0322265625 0.0048828125
3 0.11376953125 0.6650390625 0.015625 0.0048828125
3 0.22802734375 0.751953125 0.0048828125 0.0517578125
3 0.36376953125 0.6650390625 0.0947265625 0.0048828125
3 0.412109375 0.63818359375 0.0048828125 0.0478515625
3 0.412109375 0.7001953125 0.0048828125 0.076171875
3 0.5048828125 0.6650390625 0.125 0.0048828125
3 0.0005576171875 0.00059765625 0.000004882812499999896 0.000947265625
3 0.5849609375 0.61181640625 0.0244140625 0.0048828125