0 0.919921875 0.4501953125 0.099609375 0.05078125
0 0.919921875 0.599609375 0.099609375 0.099609375
0 0.849609375 0.75 0.099609375 0.099609375
0 0.6298828125 0.5 0.080078125 0.099609375
2 0.919921875 0.2197265625 0.119140625 0.080078125
2 0.75 0.2197265625 0.080078125 0.119140625
2 0.75 0.48046875 0.099609375 0.080078125
2 0.75 0.580078125 0.099609375 0.080078125
2 0.3701171875 0.4501953125 0.060546875 0.080078125
2 0.2802734375 0.4501953125 0.060546875 0.080078125
2 0.1904296875 0.4501953125 0.060546875 0.080078125
4 0.4404296875 0.75 0.060546875 0.080078125
4 0.2802734375 0.75 0.060546875 0.080078125
4 0.1904296875 0.75 0.060546875 0.080078125
4 0.3203125 0.8798828125 0.099609375 0.080078125
4 0.0498046875 0.8798828125 0.080078125 0.080078125
5 0.419921875 0.1796875 0.080078125 0.080078125
5 0.2802734375 0.1796875 0.080078125 0.080078125
5 0.150390625 0.1796875 0.080078125 0.080078125
5 0.51953125 0.599609375 0.060546875 0.080078125
5 0.5498046875 0.6796875 0.060546875 0.080078125
5 0.509765625 0.75 0.060546875 0.080078125
5 0.509765625 0.8798828125 0.080078125 0.080078125
5 0.3603515625 0.75 0.05078125 0.080078125
5 0.240234375 0.75 0.05078125 0.080078125
5 0.1201171875 0.75 0.05078125 0.080078125
3 0.919921875 0.3203125 0.01953125 0.099609375
3 0.849609375 0.669921875 0.01953125 0.099609375
3 0.849609375 0.5498046875 0.099609375 0.01953125
3 0.5703125 0.5498046875 0.080078125 0.080078125
3 0.5498046875 0.3798828125 0.30078125 0.01953125
3 0.51953125 0.4501953125 0.25 0.01953125
3 0.5498046875 0.419921875 0.30078125 0.01953125
3 0.3203125 0.4501953125 0.0390625 0.01953125
3 0.23046875 0.4501953125 0.0390625 0.01953125
3 0.509765625 0.8203125 0.01953125 0.080078125
3 0.400390625 0.650390625 0.01953125 0.150390625
3 0.240234375 0.650390625 0.01953125 0.150390625
3 0.1201171875 0.650390625 0.01953125 0.150390625
3 0.1904296875 0.8798828125 0.119140625 0.01953125
6 0.830078125 0.4697265625 0.330078125 0.849609375
6 0.75 0.4697265625 0.150390625 0.80078125
6 0.919921875 0.2197265625 0.140625 0.150390625
6 0.75 0.5498046875 0.140625 0.25
6 0.2998046875 0.48046875 0.580078125 0.900390625
6 0.2998046875 0.4501953125 0.51953125 0.779296875
6 0.419921875 0.48046875 0.119140625 0.69921875
6 0.2802734375 0.48046875 0.119140625 0.69921875
6 0.150390625 0.48046875 0.119140625 0.69921875
6 0.2900390625 0.419921875 0.349609375 0.380859375
6 0.2900390625 0.419921875 0.310546875 0.279296875
6 0.2900390625 0.419921875 0.2890625 0.19921875