0 0.07677165354330709 0.4478346456692913 0.10039370078740158 0.051181102362204724
0 0.07677165354330709 0.5984251968503937 0.10039370078740158 0.10039370078740158
0 0.14763779527559054 0.75 0.10039370078740158 0.10039370078740158
0 0.3690944881889764 0.49803149606299213 0.08070866141732283 0.10039370078740158
2 0.07677165354330709 0.2155511811023622 0.12007874015748031 0.08070866141732283
2 0.24803149606299213 0.2155511811023622 0.08070866141732283 0.12007874015748031
2 0.24803149606299213 0.47834645669291337 0.10039370078740158 0.08070866141732283
2 0.24803149606299213 0.5787401574803149 0.10039370078740158 0.08070866141732283
2 0.6309055118110236 0.4478346456692913 0.0610236220472441 0.08070866141732283
2 0.7214566929133859 0.4478346456692913 0.0610236220472441 0.08070866141732283
2 0.812007874015748 0.4478346456692913 0.0610236220472441 0.08070866141732283
4 0.5600393700787402 0.75 0.0610236220472441 0.08070866141732283
4 0.7214566929133859 0.75 0.0610236220472441 0.08070866141732283
4 0.812007874015748 0.75 0.0610236220472441 0.08070866141732283
4 0.6811023622047244 0.8809055118110236 0.10039370078740158 0.08070866141732283
4 0.9537401574803149 0.8809055118110236 0.08070866141732283 0.08070866141732283
5 0.5807086614173228 0.17519685039370078 0.08070866141732283 0.08070866141732283
5 0.7214566929133859 0.17519685039370078 0.08070866141732283 0.08070866141732283
5 0.8523622047244095 0.17519685039370078 0.08070866141732283 0.08070866141732283
5 0.48031496062992124 0.5984251968503937 0.0610236220472441 0.08070866141732283
5 0.4498031496062992 0.6791338582677166 0.0610236220472441 0.08070866141732283
5 0.49015748031496065 0.75 0.0610236220472441 0.08070866141732283
5 0.49015748031496065 0.8809055118110236 0.08070866141732283 0.08070866141732283
5 0.640748031496063 0.75 0.051181102362204724 0.08070866141732283
5 0.7618110236220472 0.75 0.051181102362204724 0.08070866141732283
5 0.8828740157480315 0.75 0.051181102362204724 0.08070866141732283
3 0.07677165354330709 0.3169291338582677 0.01968503937007874 0.10039370078740158
3 0.14763779527559054 0.6692913385826772 0.01968503937007874 0.10039370078740158
3 0.14763779527559054 0.5482283464566929 0.10039370078740158 0.01968503937007874
3 0.42913385826771655 0.5482283464566929 0.08070866141732283 0.08070866141732283
3 0.4498031496062992 0.37696850393700787 0.3031496062992126 0.01968503937007874
3 0.48031496062992124 0.4478346456692913 0.25196850393700787 0.01968503937007874
3 0.4498031496062992 0.41732283464566927 0.3031496062992126 0.01968503937007874
3 0.6811023622047244 0.4478346456692913 0.03937007874015748 0.01968503937007874
3 0.7716535433070866 0.4478346456692913 0.03937007874015748 0.01968503937007874
3 0.49015748031496065 0.8208661417322834 0.01968503937007874 0.08070866141732283
3 0.6003937007874016 0.6496062992125984 0.01968503937007874 0.1515748031496063
3 0.7618110236220472 0.6496062992125984 0.01968503937007874 0.1515748031496063
3 0.8828740157480315 0.6496062992125984 0.01968503937007874 0.1515748031496063
3 0.812007874015748 0.8809055118110236 0.12007874015748031 0.01968503937007874
6 0.1673228346456693 0.4675196850393701 0.33267716535433073 0.8562992125984252
6 0.24803149606299213 0.4675196850393701 0.1515748031496063 0.8070866141732284
6 0.07677165354330709 0.2155511811023622 0.14173228346456693 0.1515748031496063
6 0.24803149606299213 0.5482283464566929 0.14173228346456693 0.25196850393700787
6 0.7017716535433071 0.47834645669291337 0.5846456692913385 0.90748031496063
6 0.7017716535433071 0.4478346456692913 0.5236220472440944 0.7854330708661418
6 0.5807086614173228 0.47834645669291337 0.12007874015748031 0.7047244094488189
6 0.7214566929133859 0.47834645669291337 0.12007874015748031 0.7047244094488189
6 0.8523622047244095 0.47834645669291337 0.12007874015748031 0.7047244094488189
6 0.7116141732283464 0.41732283464566927 0.35236220472440943 0.3838582677165354
6 0.7116141732283464 0.41732283464566927 0.31299212598425197 0.281496062992126
6 0.7116141732283464 0.41732283464566927 0.29133858267716534 0.20078740157480315