0 0.4270833333333333 0.040625 0.05416666666666667 0.08125
0 0.5864583333333333 0.040625 0.10625 0.08125
0 0.7479166666666667 0.10416666666666667 0.10625 0.10625
0 0.48125 0.3385416666666667 0.10625 0.08541666666666667
2 0.18229166666666666 0.04583333333333333 0.08541666666666667 0.09166666666666666
2 0.18229166666666666 0.21041666666666667 0.12708333333333333 0.08541666666666667
2 0.46041666666666664 0.21041666666666667 0.08541666666666667 0.10625
2 0.5666666666666667 0.21041666666666667 0.08541666666666667 0.10625
2 0.428125 0.615625 0.08541666666666667 0.06458333333333334
2 0.428125 0.7114583333333333 0.08541666666666667 0.06458333333333334
2 0.428125 0.8072916666666666 0.08541666666666667 0.06458333333333334
4 0.7479166666666667 0.540625 0.08541666666666667 0.06458333333333334
4 0.7479166666666667 0.7114583333333333 0.08541666666666667 0.06458333333333334
4 0.7479166666666667 0.8072916666666666 0.08541666666666667 0.06458333333333334
4 0.8864583333333333 0.66875 0.08541666666666667 0.10625
4 0.8864583333333333 0.9572916666666667 0.08541666666666667 0.08541666666666667
5 0.13958333333333334 0.5625 0.08541666666666667 0.08541666666666667
5 0.13958333333333334 0.7114583333333333 0.08541666666666667 0.08541666666666667
5 0.13958333333333334 0.85 0.08541666666666667 0.08541666666666667
5 0.5875 0.45625 0.08541666666666667 0.06458333333333334
5 0.6729166666666667 0.4239583333333333 0.08541666666666667 0.06458333333333334
5 0.7479166666666667 0.4666666666666667 0.08541666666666667 0.06458333333333334
5 0.8864583333333333 0.4666666666666667 0.08541666666666667 0.08541666666666667
5 0.7479166666666667 0.6260416666666667 0.08541666666666667 0.05416666666666667
5 0.7479166666666667 0.7541666666666667 0.08541666666666667 0.05416666666666667
5 0.7479166666666667 0.8822916666666667 0.08541666666666667 0.05416666666666667
3 0.28958333333333336 0.029166666666666667 0.10625 0.020833333333333332
3 0.6625 0.10416666666666667 0.10625 0.020833333333333332
3 0.534375 0.10416666666666667 0.020833333333333332 0.10625
3 0.534375 0.40208333333333335 0.08541666666666667 0.08541666666666667
3 0.353125 0.4239583333333333 0.020833333333333332 0.32083333333333336
3 0.428125 0.45625 0.020833333333333332 0.26666666666666666
3 0.3958333333333333 0.4239583333333333 0.020833333333333332 0.32083333333333336
3 0.428125 0.66875 0.020833333333333332 0.041666666666666664
3 0.428125 0.7645833333333333 0.020833333333333332 0.041666666666666664
3 0.8229166666666666 0.4666666666666667 0.08541666666666667 0.020833333333333332
3 0.6416666666666667 0.5833333333333334 0.16041666666666668 0.020833333333333332
3 0.6416666666666667 0.7541666666666667 0.16041666666666668 0.020833333333333332
3 0.6416666666666667 0.8822916666666667 0.16041666666666668 0.020833333333333332
3 0.8864583333333333 0.8072916666666666 0.020833333333333332 0.12708333333333333
6 0.4510416666666667 0.15 0.9020833333333333 0.3
6 0.44895833333333335 0.21041666666666667 0.8541666666666666 0.16041666666666668
6 0.18229166666666666 0.052083333333333336 0.16041666666666668 0.10416666666666667
6 0.534375 0.21041666666666667 0.26666666666666666 0.15
6 0.46979166666666666 0.690625 0.9395833333333333 0.61875
6 0.428125 0.690625 0.83125 0.5541666666666667
6 0.46041666666666664 0.5625 0.7458333333333333 0.12708333333333333
6 0.46041666666666664 0.7114583333333333 0.7458333333333333 0.12708333333333333
6 0.46041666666666664 0.85 0.7458333333333333 0.12708333333333333
6 0.3958333333333333 0.7010416666666667 0.40625 0.3729166666666667
6 0.3958333333333333 0.7010416666666667 0.29791666666666666 0.33125
6 0.3958333333333333 0.7010416666666667 0.2125 0.30833333333333335