0 0.47417355371900827 0.9152892561983471 0.05371900826446281 0.10537190082644628
0 0.6322314049586777 0.9152892561983471 0.10537190082644628 0.10537190082644628
0 0.7913223140495868 0.8409090909090909 0.10537190082644628 0.10537190082644628
0 0.5268595041322314 0.6084710743801653 0.10537190082644628 0.08471074380165289
2 0.2303719008264463 0.9152892561983471 0.08471074380165289 0.12603305785123967
2 0.2303719008264463 0.7355371900826446 0.12603305785123967 0.08471074380165289
2 0.506198347107438 0.7355371900826446 0.08471074380165289 0.10537190082644628
2 0.6115702479338843 0.7355371900826446 0.08471074380165289 0.10537190082644628
2 0.47417355371900827 0.33367768595041325 0.08471074380165289 0.0640495867768595
2 0.47417355371900827 0.23863636363636365 0.08471074380165289 0.0640495867768595
2 0.47417355371900827 0.14359504132231404 0.08471074380165289 0.0640495867768595
4 0.7913223140495868 0.4080578512396694 0.08471074380165289 0.0640495867768595
4 0.7913223140495868 0.23863636363636365 0.08471074380165289 0.0640495867768595
4 0.7913223140495868 0.14359504132231404 0.08471074380165289 0.0640495867768595
4 0.9287190082644629 0.2809917355371901 0.08471074380165289 0.10537190082644628
4 0.9287190082644629 0.01859504132231405 0.08471074380165289 0.0371900826446281
5 0.18801652892561985 0.38636363636363635 0.08471074380165289 0.08471074380165289
5 0.18801652892561985 0.23863636363636365 0.08471074380165289 0.08471074380165289
5 0.18801652892561985 0.1012396694214876 0.08471074380165289 0.08471074380165289
5 0.6322314049586777 0.49173553719008267 0.08471074380165289 0.0640495867768595
5 0.7169421487603306 0.5237603305785123 0.08471074380165289 0.0640495867768595
5 0.7913223140495868 0.48140495867768596 0.08471074380165289 0.0640495867768595
5 0.9287190082644629 0.48140495867768596 0.08471074380165289 0.08471074380165289
5 0.7913223140495868 0.32334710743801653 0.08471074380165289 0.05371900826446281
5 0.7913223140495868 0.1962809917355372 0.08471074380165289 0.05371900826446281
5 0.7913223140495868 0.06921487603305786 0.08471074380165289 0.05371900826446281
3 0.3367768595041322 0.9152892561983471 0.10537190082644628 0.02066115702479339
3 0.7066115702479339 0.8409090909090909 0.10537190082644628 0.02066115702479339
3 0.5795454545454546 0.8409090909090909 0.02066115702479339 0.10537190082644628
3 0.5795454545454546 0.5454545454545454 0.08471074380165289 0.08471074380165289
3 0.39979338842975204 0.5237603305785123 0.02066115702479339 0.3181818181818182
3 0.47417355371900827 0.49173553719008267 0.02066115702479339 0.2644628099173554
3 0.44214876033057854 0.5237603305785123 0.02066115702479339 0.3181818181818182
3 0.47417355371900827 0.2809917355371901 0.02066115702479339 0.04132231404958678
3 0.47417355371900827 0.1859504132231405 0.02066115702479339 0.04132231404958678
3 0.8657024793388429 0.48140495867768596 0.08471074380165289 0.02066115702479339
3 0.6859504132231405 0.365702479338843 0.1590909090909091 0.02066115702479339
3 0.6859504132231405 0.1962809917355372 0.1590909090909091 0.02066115702479339
3 0.6859504132231405 0.06921487603305786 0.1590909090909091 0.02066115702479339
3 0.9287190082644629 0.14359504132231404 0.02066115702479339 0.12603305785123967
6 0.49483471074380164 0.8202479338842975 0.8987603305785123 0.34917355371900827
6 0.49483471074380164 0.7355371900826446 0.8471074380165289 0.1590909090909091
6 0.2303719008264463 0.9152892561983471 0.1590909090909091 0.1487603305785124
6 0.5795454545454546 0.7355371900826446 0.2644628099173554 0.1487603305785124
6 0.5051652892561983 0.2830578512396694 0.9524793388429752 0.5661157024793388
6 0.47417355371900827 0.2675619834710744 0.8243801652892562 0.5351239669421488
6 0.506198347107438 0.38636363636363635 0.7396694214876033 0.12603305785123967
6 0.506198347107438 0.23863636363636365 0.7396694214876033 0.12603305785123967
6 0.506198347107438 0.1012396694214876 0.7396694214876033 0.12603305785123967
6 0.44214876033057854 0.24896694214876033 0.40289256198347106 0.36983471074380164
6 0.44214876033057854 0.24896694214876033 0.29545454545454547 0.3285123966942149
6 0.44214876033057854 0.24896694214876033 0.21074380165289255 0.30578512396694213