6 0.173828125 0.462890625 0.33203125 0.83984375
6 0.7041015625 0.462890625 0.58203125 0.8642578125
6 0.25390625 0.53076171875 0.1279296875 0.240234375
6 0.7158203125 0.412109375 0.34375 0.3798828125
6 0.5849609375 0.43603515625 0.1259765625 0.7236328125
6 0.7099609375 0.43603515625 0.1220703125 0.7236328125
6 0.8408203125 0.43603515625 0.1376953125 0.7236328125
0 0.07080078125 0.59521484375 0.0654296875 0.083984375
0 0.375 0.51123046875 0.0517578125 0.083984375
0 0.15283203125 0.748046875 0.0419921875 0.076171875
2 0.25390625 0.2177734375 0.044921875 0.072265625
2 0.25390625 0.47802734375 0.0517578125 0.072265625
2 0.7158203125 0.30615234375 0.3154296875 0.1796875
2 0.7158203125 0.4501953125 0.2998046875 0.099609375
1 0.578125 0.173828125 0.0419921875 0.068359375
1 0.7099609375 0.173828125 0.0419921875 0.068359375
1 0.8408203125 0.173828125 0.0419921875 0.068359375
1 0.48779296875 0.63818359375 0.0419921875 0.068359375
1 0.48779296875 0.72509765625 0.0419921875 0.068359375
5 0.44287109375 0.63818359375 0.0419921875 0.068359375
5 0.48779296875 0.8681640625 0.0419921875 0.068359375
4 0.56494140625 0.72509765625 0.044921875 0.072265625
4 0.68994140625 0.72509765625 0.044921875 0.072265625
4 0.81591796875 0.72509765625 0.044921875 0.072265625
4 0.68994140625 0.8681640625 0.0517578125 0.076171875
4 0.93798828125 0.8681640625 0.044921875 0.072265625
3 0.0751953125 0.2919921875 0.0048828125 0.1201171875
3 0.14306640625 0.2080078125 0.0654296875 0.0048828125
3 0.14306640625 0.22802734375 0.0654296875 0.0048828125
3 0.1328125 0.587890625 0.0595703125 0.0048828125
3 0.2021484375 0.671875 0.0048828125 0.150390625
3 0.44287109375 0.3720703125 0.3583984375 0.0048828125
3 0.43212890625 0.4208984375 0.3359375 0.0048828125
3 0.43212890625 0.43896484375 0.3359375 0.0048828125
3 0.4482421875 0.48388671875 0.09765625 0.0048828125
3 0.43798828125 0.591796875 0.1015625 0.0048828125
3 0.61181640625 0.591796875 0.0048828125 0.080078125
3 0.66796875 0.591796875 0.0048828125 0.080078125
3 0.7451171875 0.591796875 0.0048828125 0.080078125
3 0.837890625 0.591796875 0.0048828125 0.080078125
3 0.7158203125 0.60498046875 0.3154296875 0.0048828125
3 0.48779296875 0.78515625 0.0048828125 0.0595703125
3 0.6201171875 0.78515625 0.0048828125 0.0595703125
3 0.7451171875 0.78515625 0.0048828125 0.0595703125
3 0.80517578125 0.8251953125 0.1650390625 0.0048828125
3 0.8779296875 0.8681640625 0.0595703125 0.0048828125