0 0.5640243902439024 0.9227642276422764 0.052845528455284556 0.10365853658536585
0 0.40853658536585363 0.9227642276422764 0.10365853658536585 0.10365853658536585
0 0.25203252032520324 0.8495934959349594 0.10365853658536585 0.10365853658536585
0 0.5121951219512195 0.6209349593495935 0.10365853658536585 0.08333333333333333
2 0.8038617886178862 0.9227642276422764 0.08333333333333333 0.12398373983739837
2 0.8038617886178862 0.7459349593495935 0.12398373983739837 0.08333333333333333
2 0.532520325203252 0.7459349593495935 0.08333333333333333 0.10365853658536585
2 0.42886178861788615 0.7459349593495935 0.08333333333333333 0.10365853658536585
2 0.5640243902439024 0.35060975609756095 0.08333333333333333 0.06300813008130081
2 0.5640243902439024 0.2571138211382114 0.08333333333333333 0.06300813008130081
2 0.5640243902439024 0.16361788617886178 0.08333333333333333 0.06300813008130081
4 0.25203252032520324 0.42378048780487804 0.08333333333333333 0.06300813008130081
4 0.25203252032520324 0.2571138211382114 0.08333333333333333 0.06300813008130081
4 0.25203252032520324 0.16361788617886178 0.08333333333333333 0.06300813008130081
4 0.11686991869918699 0.29878048780487804 0.08333333333333333 0.10365853658536585
4 0.11686991869918699 0.029471544715447155 0.08333333333333333 0.05894308943089431
5 0.8455284552845529 0.4024390243902439 0.08333333333333333 0.08333333333333333
5 0.8455284552845529 0.2571138211382114 0.08333333333333333 0.08333333333333333
5 0.8455284552845529 0.12195121951219512 0.08333333333333333 0.08333333333333333
5 0.40853658536585363 0.5060975609756098 0.08333333333333333 0.06300813008130081
5 0.3252032520325203 0.5376016260162602 0.08333333333333333 0.06300813008130081
5 0.25203252032520324 0.4959349593495935 0.08333333333333333 0.06300813008130081
5 0.11686991869918699 0.4959349593495935 0.08333333333333333 0.08333333333333333
5 0.25203252032520324 0.3404471544715447 0.08333333333333333 0.052845528455284556
5 0.25203252032520324 0.21544715447154472 0.08333333333333333 0.052845528455284556
5 0.25203252032520324 0.09044715447154472 0.08333333333333333 0.052845528455284556
3 0.6991869918699187 0.9227642276422764 0.10365853658536585 0.02032520325203252
3 0.3353658536585366 0.8495934959349594 0.10365853658536585 0.02032520325203252
3 0.4603658536585366 0.8495934959349594 0.02032520325203252 0.10365853658536585
3 0.4603658536585366 0.5589430894308943 0.08333333333333333 0.08333333333333333
3 0.6371951219512195 0.5376016260162602 0.02032520325203252 0.3130081300813008
3 0.5640243902439024 0.5060975609756098 0.02032520325203252 0.2601626016260163
3 0.5955284552845529 0.5376016260162602 0.02032520325203252 0.3130081300813008
3 0.5640243902439024 0.29878048780487804 0.02032520325203252 0.04065040650406504
3 0.5640243902439024 0.20528455284552846 0.02032520325203252 0.04065040650406504
3 0.17886178861788618 0.4959349593495935 0.08333333333333333 0.02032520325203252
3 0.3556910569105691 0.3821138211382114 0.1565040650406504 0.02032520325203252
3 0.3556910569105691 0.21544715447154472 0.1565040650406504 0.02032520325203252
3 0.3556910569105691 0.09044715447154472 0.1565040650406504 0.02032520325203252
3 0.11686991869918699 0.16361788617886178 0.02032520325203252 0.12398373983739837
6 0.5436991869918699 0.8292682926829268 0.8841463414634146 0.34146341463414637
6 0.5436991869918699 0.7459349593495935 0.8333333333333334 0.1565040650406504
6 0.8038617886178862 0.9227642276422764 0.1565040650406504 0.14634146341463414
6 0.4603658536585366 0.7459349593495935 0.2601626016260163 0.14634146341463414
6 0.532520325203252 0.2896341463414634 0.9349593495934959 0.5792682926829268
6 0.5640243902439024 0.2774390243902439 0.8109756097560976 0.540650406504065
6 0.532520325203252 0.4024390243902439 0.7276422764227642 0.12398373983739837
6 0.532520325203252 0.2571138211382114 0.7276422764227642 0.12398373983739837
6 0.532520325203252 0.12195121951219512 0.7276422764227642 0.12398373983739837
6 0.5955284552845529 0.26727642276422764 0.39634146341463417 0.3638211382113821
6 0.5955284552845529 0.26727642276422764 0.29065040650406504 0.3231707317073171
6 0.5955284552845529 0.26727642276422764 0.2073170731707317 0.3008130081300813