6 0.86376953125 0.5 0.251953125 0.98046875
6 0.40380859375 0.5 0.6484375 0.98046875
6 0.93310546875 0.14208984375 0.1142578125 0.1904296875
6 0.93310546875 0.35400390625 0.1142578125 0.2001953125
6 0.93310546875 0.52978515625 0.1142578125 0.1298828125
6 0.93310546875 0.671875 0.1142578125 0.1298828125
6 0.93310546875 0.8349609375 0.1142578125 0.169921875
6 0.80615234375 0.4560546875 0.1064453125 0.814453125
6 0.6630859375 0.3798828125 0.09765625 0.5341796875
6 0.5390625 0.22802734375 0.1064453125 0.2236328125
6 0.38818359375 0.22802734375 0.1435546875 0.3798828125
6 0.25 0.22802734375 0.1142578125 0.2236328125
6 0.134765625 0.22802734375 0.09765625 0.2236328125
6 0.5390625 0.68017578125 0.1064453125 0.5400390625
6 0.330078125 0.501953125 0.2578125 0.1298828125
6 0.330078125 0.669921875 0.2578125 0.169921875
6 0.330078125 0.85205078125 0.2578125 0.169921875
6 0.134765625 0.65478515625 0.09765625 0.41015625
0 0.02587890625 0.16015625 0.0419921875 0.0654296875
0 0.02587890625 0.259765625 0.0419921875 0.0546875
0 0.02587890625 0.337890625 0.0419921875 0.03515625
0 0.02587890625 0.375 0.0419921875 0.03515625
0 0.02587890625 0.412109375 0.0419921875 0.03515625
2 0.80615234375 0.4599609375 0.0419921875 0.0654296875
2 0.6630859375 0.173828125 0.0419921875 0.0654296875
2 0.6630859375 0.2939453125 0.0419921875 0.0654296875
2 0.6630859375 0.48486328125 0.0419921875 0.0654296875
2 0.6630859375 0.6181640625 0.0419921875 0.0654296875
2 0.47509765625 0.1650390625 0.025390625 0.03515625
2 0.3251953125 0.14794921875 0.025390625 0.03515625
2 0.251953125 0.30615234375 0.0419921875 0.0654296875
2 0.408203125 0.65478515625 0.0419921875 0.0654296875
2 0.24609375 0.669921875 0.0419921875 0.0654296875
2 0.40380859375 0.841796875 0.0419921875 0.0654296875
2 0.30615234375 0.841796875 0.0419921875 0.0654296875
2 0.22900390625 0.841796875 0.0419921875 0.0654296875
2 0.80615234375 0.75390625 0.0419921875 0.0654296875
1 0.251953125 0.1650390625 0.0419921875 0.0654296875
1 0.134765625 0.1650390625 0.0419921875 0.0654296875
1 0.134765625 0.30615234375 0.0419921875 0.0654296875
4 0.40380859375 0.1650390625 0.0419921875 0.0654296875
4 0.40380859375 0.2939453125 0.0419921875 0.0654296875
4 0.5390625 0.48486328125 0.0419921875 0.0654296875
4 0.5390625 0.61181640625 0.0419921875 0.0654296875
4 0.5390625 0.740234375 0.0419921875 0.0654296875
4 0.5390625 0.8681640625 0.0419921875 0.0654296875
4 0.134765625 0.55517578125 0.0419921875 0.0654296875
4 0.134765625 0.662109375 0.0419921875 0.0654296875
4 0.134765625 0.77001953125 0.0419921875 0.0654296875
5 0.408203125 0.490234375 0.0419921875 0.0654296875
5 0.35205078125 0.490234375 0.0419921875 0.0654296875
5 0.2939453125 0.490234375 0.0419921875 0.0654296875
5 0.23193359375 0.490234375 0.0419921875 0.0654296875
3 0.8740234375 0.173828125 0.0244140625 0.005859375
3 0.8740234375 0.35400390625 0.0244140625 0.005859375
3 0.8740234375 0.52978515625 0.0244140625 0.005859375
3 0.8740234375 0.671875 0.0244140625 0.005859375
3 0.8740234375 0.81396484375 0.0244140625 0.005859375
3 0.748046875 0.3837890625 0.015625 0.005859375
3 0.6630859375 0.7177734375 0.005859375 0.0400390625
3 0.6630859375 0.23583984375 0.005859375 0.0400390625
3 0.6630859375 0.5498046875 0.005859375 0.0400390625
3 0.64208984375 0.1650390625 0.0419921875 0.005859375
3 0.64208984375 0.2939453125 0.0419921875 0.005859375
3 0.6337890625 0.501953125 0.0576171875 0.005859375
3 0.60498046875 0.76806640625 0.087890625 0.005859375
3 0.4951171875 0.1650390625 0.013671875 0.005859375
3 0.4951171875 0.47021484375 0.013671875 0.005859375
3 0.5390625 0.5400390625 0.005859375 0.03515625
3 0.5390625 0.669921875 0.005859375 0.0400390625
3 0.5390625 0.794921875 0.005859375 0.0400390625
3 0.47216796875 0.501953125 0.005859375 0.0400390625
3 0.47216796875 0.85205078125 0.013671875 0.005859375
3 0.38818359375 0.412109375 0.005859375 0.03515625
3 0.3798828125 0.65478515625 0.013671875 0.005859375
3 0.33984375 0.14794921875 0.005859375 0.03515625
3 0.3818359375 0.1650390625 0.0380859375 0.005859375
3 0.31005859375 0.14794921875 0.0751953125 0.005859375
3 0.2939453125 0.2939453125 0.0419921875 0.005859375
3 0.2880859375 0.65478515625 0.0380859375 0.005859375
3 0.19384765625 0.1650390625 0.0380859375 0.005859375
3 0.19384765625 0.30615234375 0.0419921875 0.005859375
3 0.19384765625 0.56494140625 0.0419921875 0.005859375
3 0.19384765625 0.662109375 0.0419921875 0.005859375
3 0.134765625 0.61181640625 0.005859375 0.0400390625
3 0.134765625 0.7177734375 0.005859375 0.0400390625
3 0.0859375 0.1650390625 0.0419921875 0.005859375
3 0.080078125 0.30615234375 0.0380859375 0.005859375
3 0.546875 0.96484375 0.427734375 0.005859375
3 0.76416015625 0.865234375 0.005859375 0.2001953125