0 0.080078125 0.5498046875 0.119140625 0.25
0 0.830078125 0.1201171875 0.0390625 0.080078125
0 0.919921875 0.1201171875 0.0390625 0.080078125
0 0.900390625 0.8203125 0.060546875 0.080078125
2 0.2802734375 0.51953125 0.05078125 0.080078125
2 0.48046875 0.150390625 0.05078125 0.080078125
2 0.4501953125 0.33984375 0.05078125 0.080078125
2 0.509765625 0.33984375 0.0390625 0.0390625
2 0.580078125 0.33984375 0.05078125 0.080078125
2 0.66015625 0.33984375 0.05078125 0.080078125
2 0.7001953125 0.1904296875 0.05078125 0.060546875
2 0.9404296875 0.419921875 0.05078125 0.060546875
2 0.6796875 0.7197265625 0.05078125 0.080078125
2 0.490234375 0.7197265625 0.05078125 0.080078125
2 0.6796875 0.8798828125 0.05078125 0.080078125
2 0.490234375 0.8798828125 0.05078125 0.080078125
2 0.3603515625 0.099609375 0.0390625 0.080078125
2 0.3603515625 0.2001953125 0.0390625 0.080078125
2 0.3603515625 0.33984375 0.0390625 0.080078125
2 0.4404296875 0.51953125 0.0390625 0.080078125
2 0.419921875 0.7197265625 0.0390625 0.080078125
2 0.419921875 0.8798828125 0.0390625 0.080078125
2 0.5400390625 0.51953125 0.0390625 0.0390625
4 0.580078125 0.150390625 0.05078125 0.080078125
4 0.580078125 0.7197265625 0.05078125 0.080078125
4 0.580078125 0.8798828125 0.05078125 0.080078125
4 0.66015625 0.5 0.05078125 0.080078125
4 0.66015625 0.580078125 0.05078125 0.060546875
4 0.8603515625 0.2900390625 0.05078125 0.060546875
1 0.7001953125 0.099609375 0.05078125 0.080078125
1 0.73046875 0.33984375 0.05078125 0.080078125
1 0.7900390625 0.8203125 0.05078125 0.080078125
5 0.2001953125 0.51953125 0.05078125 0.080078125
5 0.9404296875 0.2900390625 0.05078125 0.060546875
5 0.8603515625 0.419921875 0.05078125 0.060546875
3 0.1552734375 0.51953125 0.0390625 0.01953125
3 0.240234375 0.51953125 0.029296875 0.01953125
3 0.2802734375 0.3203125 0.01953125 0.349609375
3 0.2802734375 0.7001953125 0.01953125 0.349609375
3 0.3203125 0.33984375 0.0390625 0.01953125
3 0.3798828125 0.51953125 0.099609375 0.01953125
3 0.3203125 0.7197265625 0.0390625 0.01953125
3 0.3203125 0.8798828125 0.0390625 0.01953125
3 0.419921875 0.1201171875 0.05078125 0.01953125
3 0.419921875 0.1796875 0.05078125 0.01953125
3 0.41015625 0.33984375 0.029296875 0.01953125
3 0.4501953125 0.7197265625 0.029296875 0.01953125
3 0.4501953125 0.8798828125 0.029296875 0.01953125
3 0.48046875 0.33984375 0.029296875 0.01953125
3 0.5 0.51953125 0.029296875 0.01953125
3 0.5302734375 0.150390625 0.05078125 0.01953125
3 0.5400390625 0.33984375 0.029296875 0.01953125
3 0.5400390625 0.7197265625 0.029296875 0.01953125
3 0.5400390625 0.8798828125 0.029296875 0.01953125
3 0.58984375 0.51953125 0.029296875 0.119140625
3 0.6201171875 0.33984375 0.029296875 0.01953125
3 0.6298828125 0.7197265625 0.029296875 0.01953125
3 0.6298828125 0.8798828125 0.029296875 0.01953125
3 0.6396484375 0.1201171875 0.05078125 0.01953125
3 0.7001953125 0.33984375 0.029296875 0.01953125
3 0.73046875 0.7197265625 0.029296875 0.01953125
3 0.73046875 0.8798828125 0.029296875 0.01953125
3 0.759765625 0.7998046875 0.01953125 0.150390625
3 0.76953125 0.1201171875 0.0390625 0.01953125
3 0.76953125 0.33984375 0.0390625 0.01953125
3 0.759765625 0.48046875 0.080078125 0.01953125
3 0.8798828125 0.1201171875 0.0390625 0.01953125
3 0.849609375 0.8203125 0.0390625 0.01953125
3 0.900390625 0.2900390625 0.029296875 0.01953125
3 0.900390625 0.419921875 0.029296875 0.01953125
6 0.599609375 0.5 0.69921875 0.9609375
6 0.5302734375 0.150390625 0.44921875 0.19921875
6 0.5302734375 0.33984375 0.44921875 0.150390625
6 0.5302734375 0.5302734375 0.349609375 0.1796875
6 0.5498046875 0.7197265625 0.380859375 0.119140625
6 0.5498046875 0.8798828125 0.380859375 0.119140625
6 0.900390625 0.349609375 0.140625 0.25