0 0.9345703125 0.5 0.115234375 0.94921875
3 0.8017578125 0.25 0.099609375 0.44921875
4 0.8017578125 0.51953125 0.0546875 0.08984375
5 0.8017578125 0.6298828125 0.0546875 0.08984375
4 0.8017578125 0.7451171875 0.0546875 0.08984375
3 0.662109375 0.2353515625 0.099609375 0.4296875
3 0.662109375 0.509765625 0.0546875 0.08984375
3 0.662109375 0.6298828125 0.0546875 0.08984375
5 0.662109375 0.7998046875 0.0546875 0.08984375
5 0.5400390625 0.1904296875 0.0546875 0.08984375
5 0.5400390625 0.2998046875 0.0546875 0.08984375
5 0.5400390625 0.4853515625 0.0546875 0.08984375
5 0.5400390625 0.615234375 0.0546875 0.08984375
5 0.5400390625 0.740234375 0.0546875 0.08984375
5 0.5400390625 0.865234375 0.0546875 0.08984375
5 0.408203125 0.1650390625 0.0546875 0.08984375
5 0.408203125 0.294921875 0.0546875 0.08984375
3 0.330078125 0.5146484375 0.240234375 0.08984375
3 0.408203125 0.66015625 0.0546875 0.08984375
4 0.3251953125 0.6953125 0.0546875 0.060546875
4 0.251953125 0.66015625 0.0546875 0.08984375
4 0.408203125 0.8447265625 0.0546875 0.08984375
4 0.294921875 0.8447265625 0.0546875 0.08984375
4 0.232421875 0.8447265625 0.0546875 0.08984375
2 0.251953125 0.169921875 0.0546875 0.08984375
4 0.251953125 0.3095703125 0.0546875 0.08984375
2 0.134765625 0.169921875 0.0546875 0.08984375
3 0.134765625 0.3095703125 0.0546875 0.08984375
5 0.134765625 0.5498046875 0.0546875 0.08984375
5 0.134765625 0.66015625 0.0546875 0.08984375
5 0.134765625 0.76953125 0.0546875 0.08984375
0 0.0283203125 0.1650390625 0.0390625 0.060546875
0 0.0283203125 0.3095703125 0.0390625 0.25
1 0.8681640625 0.5 0.01171875 0.900390625
1 0.7451171875 0.384765625 0.0234375 0.009765625
1 0.60546875 0.150390625 0.060546875 0.009765625
1 0.60546875 0.2998046875 0.060546875 0.009765625
1 0.60546875 0.740234375 0.0390625 0.009765625
1 0.48046875 0.1650390625 0.07421875 0.009765625
1 0.48046875 0.294921875 0.07421875 0.009765625
1 0.48046875 0.4853515625 0.05078125 0.009765625
1 0.48046875 0.66015625 0.05078125 0.009765625
1 0.48046875 0.8447265625 0.05078125 0.009765625
1 0.34765625 0.1650390625 0.0546875 0.009765625
1 0.34765625 0.294921875 0.0546875 0.009765625
1 0.1953125 0.1650390625 0.0546875 0.009765625
1 0.1953125 0.2998046875 0.0546875 0.009765625
1 0.080078125 0.1650390625 0.044921875 0.009765625
1 0.080078125 0.2998046875 0.044921875 0.009765625
1 0.3720703125 0.66015625 0.01953125 0.009765625
1 0.2900390625 0.66015625 0.01953125 0.009765625
1 0.1953125 0.5498046875 0.0546875 0.009765625
1 0.1953125 0.66015625 0.0546875 0.009765625
1 0.1953125 0.76953125 0.0546875 0.009765625
1 0.5498046875 0.96484375 0.4296875 0.009765625
1 0.7646484375 0.849609375 0.005859375 0.220703125
6 0.8662109375 0.5 0.26171875 0.990234375
6 0.3984375 0.5 0.654296875 0.990234375