6 0.416015625 0.5 0.671875 0.9697265625
6 0.93310546875 0.5361328125 0.125 0.2822265625
6 0.4609375 0.14794921875 0.4677734375 0.2236328125
6 0.4609375 0.337890625 0.4677734375 0.1396484375
6 0.43212890625 0.52197265625 0.30078125 0.205078125
6 0.43994140625 0.7177734375 0.3798828125 0.16015625
6 0.43994140625 0.8798828125 0.3798828125 0.150390625
6 0.10205078125 0.35791015625 0.1318359375 0.2939453125
0 0.083984375 0.1298828125 0.0419921875 0.0654296875
0 0.1650390625 0.1298828125 0.0419921875 0.0654296875
0 0.09423828125 0.794921875 0.0419921875 0.0654296875
2 0.51904296875 0.13818359375 0.0419921875 0.0654296875
2 0.544921875 0.3251953125 0.0419921875 0.0654296875
2 0.3349609375 0.3251953125 0.0419921875 0.0654296875
2 0.4951171875 0.7177734375 0.0419921875 0.0654296875
2 0.30517578125 0.7177734375 0.0419921875 0.0654296875
2 0.4951171875 0.8798828125 0.0419921875 0.0654296875
2 0.30517578125 0.8798828125 0.0419921875 0.0654296875
1 0.2900390625 0.10791015625 0.0419921875 0.0654296875
1 0.2900390625 0.18994140625 0.0419921875 0.0654296875
1 0.26806640625 0.3251953125 0.0419921875 0.0654296875
1 0.2021484375 0.8017578125 0.0419921875 0.0654296875
5 0.7890625 0.52197265625 0.0419921875 0.0654296875
2 0.72021484375 0.52197265625 0.0419921875 0.0654296875
4 0.4189453125 0.13818359375 0.0419921875 0.0654296875
4 0.416015625 0.3251953125 0.0419921875 0.0654296875
4 0.3349609375 0.47802734375 0.0419921875 0.0654296875
4 0.3349609375 0.56494140625 0.0419921875 0.0654296875
4 0.39990234375 0.7177734375 0.0419921875 0.0654296875
4 0.39990234375 0.8798828125 0.0419921875 0.0654296875
4 0.134765625 0.2919921875 0.0419921875 0.0654296875
4 0.06201171875 0.2919921875 0.0419921875 0.0654296875
5 0.134765625 0.4248046875 0.0419921875 0.0654296875
1 0.06201171875 0.4248046875 0.0419921875 0.0654296875
3 0.841796875 0.52197265625 0.0517578125 0.0048828125
3 0.7578125 0.52197265625 0.0244140625 0.0048828125
3 0.64208984375 0.52197265625 0.1083984375 0.0048828125
3 0.72021484375 0.337890625 0.0048828125 0.3603515625
3 0.72021484375 0.14794921875 0.0048828125 0.0302734375
3 0.72021484375 0.7177734375 0.0048828125 0.3798828125
3 0.72021484375 0.8798828125 0.0048828125 0.16015625
3 0.60205078125 0.9501953125 0.0380859375 0.0048828125
3 0.60205078125 0.3818359375 0.0380859375 0.0048828125
3 0.59521484375 0.13818359375 0.0419921875 0.0048828125
3 0.59521484375 0.18994140625 0.0419921875 0.0048828125
3 0.46923828125 0.13818359375 0.0478515625 0.0048828125
3 0.373046875 0.13818359375 0.0380859375 0.0048828125
3 0.35009765625 0.10791015625 0.0048828125 0.0498046875
3 0.35009765625 0.18994140625 0.0048828125 0.0498046875
3 0.2021484375 0.1298828125 0.0302734375 0.0048828125
3 0.125 0.1298828125 0.0419921875 0.0048828125
3 0.60498046875 0.3251953125 0.0322265625 0.0048828125
3 0.509765625 0.3251953125 0.0244140625 0.0048828125
3 0.4501953125 0.3251953125 0.0244140625 0.0048828125
3 0.375 0.3251953125 0.0302734375 0.0048828125
3 0.3017578125 0.3251953125 0.0244140625 0.0048828125
3 0.19482421875 0.3251953125 0.0419921875 0.0048828125
3 0.09814453125 0.2919921875 0.0302734375 0.0048828125
3 0.09814453125 0.4248046875 0.0302734375 0.0048828125
3 0.22021484375 0.47998046875 0.087890625 0.0048828125
3 0.5 0.52197265625 0.0302734375 0.0048828125
3 0.416015625 0.52197265625 0.0302734375 0.0048828125
3 0.38818359375 0.4951171875 0.0244140625 0.0048828125
3 0.38818359375 0.5498046875 0.0244140625 0.0048828125
3 0.537109375 0.7177734375 0.0380859375 0.0048828125
3 0.4521484375 0.7177734375 0.0302734375 0.0048828125
3 0.35205078125 0.7177734375 0.044921875 0.0048828125
3 0.259765625 0.7177734375 0.0380859375 0.0048828125
3 0.537109375 0.8798828125 0.0380859375 0.0048828125
3 0.4521484375 0.8798828125 0.0302734375 0.0048828125
3 0.35205078125 0.8798828125 0.044921875 0.0048828125
3 0.259765625 0.8798828125 0.0380859375 0.0048828125
3 0.14990234375 0.8017578125 0.0517578125 0.0048828125