0 0.9501953125 0.2998046875 0.060546875 0.080078125
0 0.9501953125 0.650390625 0.060546875 0.080078125
0 0.9501953125 0.8896484375 0.060546875 0.080078125
0 0.0498046875 0.16015625 0.060546875 0.080078125
0 0.0498046875 0.4697265625 0.060546875 0.080078125
0 0.0498046875 0.849609375 0.060546875 0.080078125
2 0.8603515625 0.2998046875 0.05078125 0.0703125
2 0.759765625 0.2998046875 0.05078125 0.0703125
2 0.7001953125 0.419921875 0.05078125 0.0703125
2 0.6396484375 0.419921875 0.05078125 0.0703125
2 0.580078125 0.16015625 0.05078125 0.0703125
2 0.51953125 0.169921875 0.05078125 0.0703125
2 0.4599609375 0.2197265625 0.05078125 0.0703125
2 0.419921875 0.26953125 0.05078125 0.0703125
2 0.8603515625 0.6201171875 0.05078125 0.0703125
2 0.76953125 0.740234375 0.05078125 0.0703125
2 0.7099609375 0.740234375 0.05078125 0.0703125
2 0.6396484375 0.5498046875 0.05078125 0.0703125
2 0.58984375 0.5595703125 0.05078125 0.0703125
2 0.5302734375 0.599609375 0.05078125 0.0703125
2 0.5 0.650390625 0.05078125 0.0703125
2 0.7197265625 0.8896484375 0.05078125 0.0703125
2 0.66015625 0.8896484375 0.05078125 0.0703125
2 0.58984375 0.8896484375 0.05078125 0.0703125
2 0.51953125 0.8896484375 0.05078125 0.0703125
2 0.400390625 0.7001953125 0.05078125 0.0703125
2 0.2998046875 0.7001953125 0.05078125 0.0703125
2 0.330078125 0.16015625 0.05078125 0.0703125
2 0.2802734375 0.16015625 0.05078125 0.0703125
2 0.240234375 0.16015625 0.05078125 0.0703125
2 0.2998046875 0.349609375 0.05078125 0.0703125
2 0.240234375 0.349609375 0.05078125 0.0703125
2 0.1904296875 0.349609375 0.05078125 0.0703125
2 0.2900390625 0.51953125 0.05078125 0.0703125
2 0.2001953125 0.51953125 0.05078125 0.0703125
2 0.400390625 0.8798828125 0.05078125 0.0703125
2 0.33984375 0.8798828125 0.05078125 0.0703125
2 0.2802734375 0.8798828125 0.05078125 0.0703125
4 0.75 0.169921875 0.05078125 0.0703125
4 0.6796875 0.2900390625 0.05078125 0.0703125
4 0.580078125 0.26953125 0.05078125 0.0703125
4 0.7802734375 0.5703125 0.05078125 0.0703125
4 0.6396484375 0.669921875 0.05078125 0.0703125
4 0.7802734375 0.8896484375 0.05078125 0.0703125
1 0.7802734375 0.4296875 0.05078125 0.0703125
1 0.1796875 0.169921875 0.05078125 0.0703125
1 0.2001953125 0.8798828125 0.05078125 0.0703125
5 0.8603515625 0.7197265625 0.05078125 0.0703125
5 0.8603515625 0.8896484375 0.05078125 0.0703125
3 0.91015625 0.2900390625 0.029296875 0.01953125
3 0.8095703125 0.2998046875 0.029296875 0.01953125
3 0.7197265625 0.2998046875 0.029296875 0.01953125
3 0.75 0.240234375 0.009765625 0.060546875
3 0.7099609375 0.23046875 0.029296875 0.01953125
3 0.83984375 0.3701171875 0.009765625 0.060546875
3 0.6796875 0.3603515625 0.009765625 0.060546875
3 0.6103515625 0.349609375 0.01953125 0.150390625
3 0.580078125 0.2197265625 0.009765625 0.05078125
3 0.5498046875 0.169921875 0.01953125 0.009765625
3 0.490234375 0.169921875 0.01953125 0.009765625
3 0.4404296875 0.26953125 0.009765625 0.05078125
3 0.91015625 0.6201171875 0.029296875 0.009765625
3 0.91015625 0.7197265625 0.029296875 0.009765625
3 0.8203125 0.599609375 0.029296875 0.01953125
3 0.8203125 0.650390625 0.029296875 0.01953125
3 0.7802734375 0.650390625 0.009765625 0.060546875
3 0.6796875 0.740234375 0.029296875 0.009765625
3 0.6396484375 0.6103515625 0.009765625 0.05078125
3 0.6201171875 0.5498046875 0.029296875 0.009765625
3 0.5595703125 0.5498046875 0.029296875 0.009765625
3 0.5 0.5595703125 0.009765625 0.099609375
3 0.91015625 0.8896484375 0.029296875 0.009765625
3 0.8203125 0.8896484375 0.029296875 0.009765625
3 0.75 0.8896484375 0.029296875 0.009765625
3 0.6904296875 0.8896484375 0.029296875 0.009765625
3 0.6201171875 0.8896484375 0.029296875 0.009765625
3 0.5595703125 0.8896484375 0.029296875 0.009765625
3 0.3896484375 0.349609375 0.01953125 0.099609375
3 0.3896484375 0.48046875 0.01953125 0.099609375
3 0.4296875 0.5498046875 0.060546875 0.009765625
3 0.4404296875 0.8203125 0.009765625 0.080078125
3 0.2998046875 0.6201171875 0.009765625 0.05078125
3 0.240234375 0.6298828125 0.029296875 0.080078125
3 0.1396484375 0.169921875 0.0390625 0.009765625
3 0.1396484375 0.4697265625 0.0390625 0.009765625
3 0.1201171875 0.849609375 0.0390625 0.009765625
6 0.509765625 0.5 0.8203125 0.939453125
6 0.6396484375 0.2998046875 0.51953125 0.400390625
6 0.6796875 0.650390625 0.44921875 0.279296875
6 0.6796875 0.8798828125 0.439453125 0.16015625
6 0.33984375 0.6796875 0.220703125 0.150390625
6 0.25 0.169921875 0.220703125 0.240234375
6 0.25 0.4501953125 0.220703125 0.2890625
6 0.2900390625 0.8603515625 0.30078125 0.19921875