6 0.583984375 0.5 0.671875 0.9697265625
6 0.06689453125 0.5361328125 0.125 0.2822265625
6 0.5390625 0.14794921875 0.4677734375 0.2236328125
6 0.5390625 0.337890625 0.4677734375 0.1396484375
6 0.56787109375 0.52197265625 0.30078125 0.205078125
6 0.56005859375 0.7177734375 0.3798828125 0.16015625
6 0.56005859375 0.8798828125 0.3798828125 0.150390625
6 0.89794921875 0.35791015625 0.1318359375 0.2939453125
0 0.916015625 0.1298828125 0.0419921875 0.0654296875
0 0.8349609375 0.1298828125 0.0419921875 0.0654296875
0 0.90576171875 0.794921875 0.0419921875 0.0654296875
2 0.48095703125 0.13818359375 0.0419921875 0.0654296875
2 0.455078125 0.3251953125 0.0419921875 0.0654296875
2 0.6650390625 0.3251953125 0.0419921875 0.0654296875
2 0.5048828125 0.7177734375 0.0419921875 0.0654296875
2 0.69482421875 0.7177734375 0.0419921875 0.0654296875
2 0.5048828125 0.8798828125 0.0419921875 0.0654296875
2 0.69482421875 0.8798828125 0.0419921875 0.0654296875
1 0.7099609375 0.10791015625 0.0419921875 0.0654296875
1 0.7099609375 0.18994140625 0.0419921875 0.0654296875
1 0.73193359375 0.3251953125 0.0419921875 0.0654296875
1 0.7978515625 0.8017578125 0.0419921875 0.0654296875
5 0.2109375 0.52197265625 0.0419921875 0.0654296875
2 0.27978515625 0.52197265625 0.0419921875 0.0654296875
4 0.5810546875 0.13818359375 0.0419921875 0.0654296875
4 0.583984375 0.3251953125 0.0419921875 0.0654296875
4 0.6650390625 0.47802734375 0.0419921875 0.0654296875
4 0.6650390625 0.56494140625 0.0419921875 0.0654296875
4 0.60009765625 0.7177734375 0.0419921875 0.0654296875
4 0.60009765625 0.8798828125 0.0419921875 0.0654296875
4 0.865234375 0.2919921875 0.0419921875 0.0654296875
4 0.93798828125 0.2919921875 0.0419921875 0.0654296875
5 0.865234375 0.4248046875 0.0419921875 0.0654296875
1 0.93798828125 0.4248046875 0.0419921875 0.0654296875
3 0.158203125 0.52197265625 0.0517578125 0.0048828125
3 0.2421875 0.52197265625 0.0244140625 0.0048828125
3 0.35791015625 0.52197265625 0.1083984375 0.0048828125
3 0.27978515625 0.337890625 0.0048828125 0.3603515625
3 0.27978515625 0.14794921875 0.0048828125 0.0302734375
3 0.27978515625 0.7177734375 0.0048828125 0.3798828125
3 0.27978515625 0.8798828125 0.0048828125 0.16015625
3 0.39794921875 0.9501953125 0.0380859375 0.0048828125
3 0.39794921875 0.3818359375 0.0380859375 0.0048828125
3 0.40478515625 0.13818359375 0.0419921875 0.0048828125
3 0.40478515625 0.18994140625 0.0419921875 0.0048828125
3 0.53076171875 0.13818359375 0.0478515625 0.0048828125
3 0.626953125 0.13818359375 0.0380859375 0.0048828125
3 0.64990234375 0.10791015625 0.0048828125 0.0498046875
3 0.64990234375 0.18994140625 0.0048828125 0.0498046875
3 0.7978515625 0.1298828125 0.0302734375 0.0048828125
3 0.875 0.1298828125 0.0419921875 0.0048828125
3 0.39501953125 0.3251953125 0.0322265625 0.0048828125
3 0.490234375 0.3251953125 0.0244140625 0.0048828125
3 0.5498046875 0.3251953125 0.0244140625 0.0048828125
3 0.625 0.3251953125 0.0302734375 0.0048828125
3 0.6982421875 0.3251953125 0.0244140625 0.0048828125
3 0.80517578125 0.3251953125 0.0419921875 0.0048828125
3 0.90185546875 0.2919921875 0.0302734375 0.0048828125
3 0.90185546875 0.4248046875 0.0302734375 0.0048828125
3 0.77978515625 0.47998046875 0.087890625 0.0048828125
3 0.5 0.52197265625 0.0302734375 0.0048828125
3 0.583984375 0.52197265625 0.0302734375 0.0048828125
3 0.61181640625 0.4951171875 0.0244140625 0.0048828125
3 0.61181640625 0.5498046875 0.0244140625 0.0048828125
3 0.462890625 0.7177734375 0.0380859375 0.0048828125
3 0.5478515625 0.7177734375 0.0302734375 0.0048828125
3 0.64794921875 0.7177734375 0.044921875 0.0048828125
3 0.740234375 0.7177734375 0.0380859375 0.0048828125
3 0.462890625 0.8798828125 0.0380859375 0.0048828125
3 0.5478515625 0.8798828125 0.0302734375 0.0048828125
3 0.64794921875 0.8798828125 0.044921875 0.0048828125
3 0.740234375 0.8798828125 0.0380859375 0.0048828125
3 0.85009765625 0.8017578125 0.0517578125 0.0048828125