6 0.5 0.39794921875 0.7421875 0.794921875
6 0.0498046875 0.1630859375 0.099609375 0.2099609375
6 0.55419921875 0.27783203125 0.1962890625 0.4052734375
6 0.55419921875 0.634765625 0.1962890625 0.23046875
6 0.94921875 0.5 0.099609375 0.3447265625
0 0.0498046875 0.19091796875 0.0703125 0.1064453125
2 0.2490234375 0.1630859375 0.1845703125 0.087890625
2 0.2490234375 0.3232421875 0.1845703125 0.087890625
2 0.2490234375 0.5 0.1845703125 0.125
2 0.55078125 0.2001953125 0.162109375 0.125
2 0.55078125 0.365234375 0.162109375 0.125
2 0.55078125 0.64404296875 0.162109375 0.125
1 0.77880859375 0.5 0.14453125 0.087890625
0 0.94921875 0.44384765625 0.0703125 0.1064453125
0 0.94921875 0.58203125 0.0703125 0.1064453125
3 0.10009765625 0.1630859375 0.0478515625 0.0048828125
3 0.2490234375 0.2451171875 0.0048828125 0.076171875
3 0.2490234375 0.40478515625 0.0048828125 0.087890625
3 0.3798828125 0.2451171875 0.078125 0.16015625
3 0.3798828125 0.43505859375 0.1220703125 0.169921875
3 0.384765625 0.58984375 0.1337890625 0.1103515625
3 0.671875 0.5 0.0703125 0.2900390625
3 0.865234375 0.5 0.0703125 0.087890625