6 0.5078125 0.5 0.734375 0.9599609375
6 0.94189453125 0.1201171875 0.1162109375 0.2236328125
6 0.94189453125 0.56005859375 0.1162109375 0.4404296875
6 0.94189453125 0.875 0.1162109375 0.169921875
6 0.65185546875 0.51806640625 0.2275390625 0.865234375
6 0.81982421875 0.7099609375 0.091796875 0.4853515625
6 0.48583984375 0.5048828125 0.091796875 0.4404296875
6 0.365234375 0.75 0.1357421875 0.400390625
6 0.4189453125 0.10986328125 0.1904296875 0.1396484375
6 0.2158203125 0.72509765625 0.1484375 0.4697265625
0 0.115234375 0.419921875 0.0419921875 0.0654296875
0 0.115234375 0.51806640625 0.0419921875 0.0654296875
0 0.115234375 0.1201171875 0.0419921875 0.0654296875
0 0.07177734375 0.9150390625 0.0419921875 0.0654296875
2 0.81982421875 0.58203125 0.0419921875 0.0654296875
2 0.81982421875 0.71484375 0.0419921875 0.0654296875
2 0.81982421875 0.841796875 0.0419921875 0.0654296875
2 0.48583984375 0.3798828125 0.0419921875 0.0654296875
2 0.48583984375 0.4921875 0.0419921875 0.0654296875
2 0.48583984375 0.61181640625 0.0419921875 0.0654296875
2 0.47216796875 0.1318359375 0.0419921875 0.0654296875
2 0.373046875 0.1318359375 0.0419921875 0.0654296875
2 0.2578125 0.15478515625 0.0419921875 0.0654296875
2 0.208984375 0.341796875 0.0419921875 0.0654296875
2 0.208984375 0.6279296875 0.0419921875 0.0654296875
2 0.208984375 0.7451171875 0.0419921875 0.0654296875
2 0.365234375 0.73193359375 0.0419921875 0.0654296875
2 0.365234375 0.8720703125 0.0419921875 0.0654296875
1 0.208984375 0.5400390625 0.0419921875 0.0654296875
1 0.208984375 0.47998046875 0.0419921875 0.0654296875
4 0.72412109375 0.2177734375 0.0419921875 0.0654296875
4 0.72412109375 0.39208984375 0.0419921875 0.0654296875
4 0.72412109375 0.56494140625 0.0419921875 0.0654296875
4 0.72412109375 0.73779296875 0.0419921875 0.0654296875
4 0.72412109375 0.875 0.0419921875 0.0654296875
4 0.365234375 0.259765625 0.0419921875 0.0654296875
4 0.365234375 0.40185546875 0.0419921875 0.0654296875
4 0.365234375 0.60498046875 0.0419921875 0.0654296875
4 0.208984375 0.85986328125 0.0419921875 0.0654296875
1 0.81982421875 0.2900390625 0.0419921875 0.0654296875
5 0.10791015625 0.6279296875 0.0419921875 0.0654296875
3 0.912109375 0.1201171875 0.0615234375 0.0048828125
3 0.94189453125 0.23193359375 0.0048828125 0.099609375
3 0.89501953125 0.28515625 0.087890625 0.0048828125
3 0.912109375 0.3017578125 0.0615234375 0.0048828125
3 0.912109375 0.56005859375 0.0615234375 0.0048828125
3 0.912109375 0.875 0.0615234375 0.0048828125
3 0.81982421875 0.23193359375 0.0048828125 0.0498046875
3 0.8779296875 0.3017578125 0.0244140625 0.0048828125
3 0.77783203125 0.2900390625 0.0419921875 0.0048828125
3 0.81982421875 0.43505859375 0.0048828125 0.1650390625
3 0.78515625 0.43994140625 0.03515625 0.0048828125
3 0.875 0.625 0.0146484375 0.0048828125
3 0.76220703125 0.5048828125 0.0419921875 0.0048828125
3 0.69482421875 0.64013671875 0.0048828125 0.16015625
3 0.51513671875 0.2451171875 0.044921875 0.0048828125
3 0.416015625 0.2451171875 0.044921875 0.0048828125
3 0.365234375 0.2021484375 0.0048828125 0.0498046875
3 0.31494140625 0.27490234375 0.0546875 0.0048828125
3 0.3251953125 0.1318359375 0.0546875 0.0048828125
3 0.2958984375 0.1318359375 0.0048828125 0.08984375
3 0.1650390625 0.580078125 0.0419921875 0.0048828125
3 0.1650390625 0.15478515625 0.0419921875 0.0048828125
3 0.1650390625 0.341796875 0.0419921875 0.0048828125
3 0.1650390625 0.51806640625 0.0419921875 0.0048828125
3 0.1650390625 0.6279296875 0.0419921875 0.0048828125
3 0.05810546875 0.6650390625 0.0048828125 0.0703125
3 0.1298828125 0.85986328125 0.1201171875 0.0048828125
3 0.2978515625 0.85986328125 0.044921875 0.0048828125
3 0.48583984375 0.8017578125 0.0048828125 0.2802734375
3 0.48583984375 0.77587890625 0.1162109375 0.0048828125
3 0.48583984375 0.94189453125 0.33203125 0.0048828125
3 0.65185546875 0.94189453125 0.0048828125 0.0703125
3 0.43505859375 0.40185546875 0.0517578125 0.0048828125
3 0.365234375 0.33203125 0.0048828125 0.080078125
3 0.365234375 0.46484375 0.0048828125 0.0595703125
3 0.365234375 0.51806640625 0.1201171875 0.0048828125