6 0.4921875 0.5 0.734375 0.9599609375
6 0.05810546875 0.1201171875 0.1162109375 0.2236328125
6 0.05810546875 0.56005859375 0.1162109375 0.4404296875
6 0.05810546875 0.875 0.1162109375 0.169921875
6 0.34814453125 0.51806640625 0.2275390625 0.865234375
6 0.18017578125 0.7099609375 0.091796875 0.4853515625
6 0.51416015625 0.5048828125 0.091796875 0.4404296875
6 0.634765625 0.75 0.1357421875 0.400390625
6 0.5810546875 0.10986328125 0.1904296875 0.1396484375
6 0.7841796875 0.72509765625 0.1484375 0.4697265625
0 0.884765625 0.419921875 0.0419921875 0.0654296875
0 0.884765625 0.51806640625 0.0419921875 0.0654296875
0 0.884765625 0.1201171875 0.0419921875 0.0654296875
0 0.92822265625 0.9150390625 0.0419921875 0.0654296875
2 0.18017578125 0.58203125 0.0419921875 0.0654296875
2 0.18017578125 0.71484375 0.0419921875 0.0654296875
2 0.18017578125 0.841796875 0.0419921875 0.0654296875
2 0.51416015625 0.3798828125 0.0419921875 0.0654296875
2 0.51416015625 0.4921875 0.0419921875 0.0654296875
2 0.51416015625 0.61181640625 0.0419921875 0.0654296875
2 0.52783203125 0.1318359375 0.0419921875 0.0654296875
2 0.626953125 0.1318359375 0.0419921875 0.0654296875
2 0.7421875 0.15478515625 0.0419921875 0.0654296875
2 0.791015625 0.341796875 0.0419921875 0.0654296875
2 0.791015625 0.6279296875 0.0419921875 0.0654296875
2 0.791015625 0.7451171875 0.0419921875 0.0654296875
2 0.634765625 0.73193359375 0.0419921875 0.0654296875
2 0.634765625 0.8720703125 0.0419921875 0.0654296875
1 0.791015625 0.5400390625 0.0419921875 0.0654296875
1 0.791015625 0.47998046875 0.0419921875 0.0654296875
4 0.27587890625 0.2177734375 0.0419921875 0.0654296875
4 0.27587890625 0.39208984375 0.0419921875 0.0654296875
4 0.27587890625 0.56494140625 0.0419921875 0.0654296875
4 0.27587890625 0.73779296875 0.0419921875 0.0654296875
4 0.27587890625 0.875 0.0419921875 0.0654296875
4 0.634765625 0.259765625 0.0419921875 0.0654296875
4 0.634765625 0.40185546875 0.0419921875 0.0654296875
4 0.634765625 0.60498046875 0.0419921875 0.0654296875
4 0.791015625 0.85986328125 0.0419921875 0.0654296875
1 0.18017578125 0.2900390625 0.0419921875 0.0654296875
5 0.89208984375 0.6279296875 0.0419921875 0.0654296875
3 0.087890625 0.1201171875 0.0615234375 0.0048828125
3 0.05810546875 0.23193359375 0.0048828125 0.099609375
3 0.10498046875 0.28515625 0.087890625 0.0048828125
3 0.087890625 0.3017578125 0.0615234375 0.0048828125
3 0.087890625 0.56005859375 0.0615234375 0.0048828125
3 0.087890625 0.875 0.0615234375 0.0048828125
3 0.18017578125 0.23193359375 0.0048828125 0.0498046875
3 0.1220703125 0.3017578125 0.0244140625 0.0048828125
3 0.22216796875 0.2900390625 0.0419921875 0.0048828125
3 0.18017578125 0.43505859375 0.0048828125 0.1650390625
3 0.21484375 0.43994140625 0.03515625 0.0048828125
3 0.125 0.625 0.0146484375 0.0048828125
3 0.23779296875 0.5048828125 0.0419921875 0.0048828125
3 0.30517578125 0.64013671875 0.0048828125 0.16015625
3 0.48486328125 0.2451171875 0.044921875 0.0048828125
3 0.583984375 0.2451171875 0.044921875 0.0048828125
3 0.634765625 0.2021484375 0.0048828125 0.0498046875
3 0.68505859375 0.27490234375 0.0546875 0.0048828125
3 0.6748046875 0.1318359375 0.0546875 0.0048828125
3 0.7041015625 0.1318359375 0.0048828125 0.08984375
3 0.8349609375 0.580078125 0.0419921875 0.0048828125
3 0.8349609375 0.15478515625 0.0419921875 0.0048828125
3 0.8349609375 0.341796875 0.0419921875 0.0048828125
3 0.8349609375 0.51806640625 0.0419921875 0.0048828125
3 0.8349609375 0.6279296875 0.0419921875 0.0048828125
3 0.94189453125 0.6650390625 0.0048828125 0.0703125
3 0.8701171875 0.85986328125 0.1201171875 0.0048828125
3 0.7021484375 0.85986328125 0.044921875 0.0048828125
3 0.51416015625 0.8017578125 0.0048828125 0.2802734375
3 0.51416015625 0.77587890625 0.1162109375 0.0048828125
3 0.51416015625 0.94189453125 0.33203125 0.0048828125
3 0.34814453125 0.94189453125 0.0048828125 0.0703125
3 0.56494140625 0.40185546875 0.0517578125 0.0048828125
3 0.634765625 0.33203125 0.0048828125 0.080078125
3 0.634765625 0.46484375 0.0048828125 0.0595703125
3 0.634765625 0.51806640625 0.1201171875 0.0048828125