6 0.56201171875 0.5 0.8515625 0.9599609375
6 0.07080078125 0.2080078125 0.125 0.2822265625
6 0.07080078125 0.5048828125 0.125 0.2822265625
6 0.27392578125 0.23779296875 0.2744140625 0.2451171875
6 0.27392578125 0.48486328125 0.2744140625 0.2451171875
6 0.619140625 0.2822265625 0.3916015625 0.41796875
6 0.6982421875 0.68505859375 0.244140625 0.3642578125
6 0.90185546875 0.39208984375 0.16015625 0.6396484375
6 0.3779296875 0.89208984375 0.3603515625 0.150390625
0 0.07080078125 0.2080078125 0.125 0.2822265625
0 0.07080078125 0.5048828125 0.125 0.2822265625
2 0.18798828125 0.22021484375 0.0419921875 0.0654296875
2 0.26806640625 0.22021484375 0.0419921875 0.0654296875
2 0.35205078125 0.22021484375 0.0419921875 0.0654296875
2 0.17578125 0.47802734375 0.0419921875 0.0654296875
2 0.341796875 0.47802734375 0.0419921875 0.0654296875
2 0.490234375 0.169921875 0.0419921875 0.0654296875
4 0.615234375 0.169921875 0.0419921875 0.0654296875
2 0.740234375 0.169921875 0.0419921875 0.0654296875
4 0.48486328125 0.35498046875 0.0419921875 0.0654296875
2 0.615234375 0.35498046875 0.0419921875 0.0654296875
4 0.740234375 0.35498046875 0.0419921875 0.0654296875
2 0.48486328125 0.5751953125 0.0419921875 0.0654296875
4 0.740234375 0.64990234375 0.0419921875 0.0654296875
4 0.740234375 0.77978515625 0.0419921875 0.0654296875
2 0.90185546875 0.1982421875 0.0419921875 0.0654296875
2 0.85986328125 0.455078125 0.0419921875 0.0654296875
2 0.94482421875 0.455078125 0.0419921875 0.0654296875
4 0.26806640625 0.89208984375 0.0419921875 0.0654296875
5 0.4501953125 0.89208984375 0.0419921875 0.0654296875
3 0.13720703125 0.22021484375 0.013671875 0.0048828125
3 0.13720703125 0.47802734375 0.013671875 0.0048828125
3 0.2177734375 0.22021484375 0.0244140625 0.0048828125
3 0.2978515625 0.22021484375 0.0244140625 0.0048828125
3 0.1982421875 0.47802734375 0.0419921875 0.0048828125
3 0.1982421875 0.35498046875 0.0048828125 0.2197265625
3 0.000193359375 0.0007470703125000001 0.000004882812500000004 0.00052734375
3 0.3779296875 0.2451171875 0.0380859375 0.0048828125
3 0.3681640625 0.43994140625 0.0302734375 0.0048828125
3 0.42822265625 0.35498046875 0.0380859375 0.0048828125
3 0.490234375 0.2451171875 0.0048828125 0.0703125
3 0.5361328125 0.169921875 0.03515625 0.0048828125
3 0.6650390625 0.169921875 0.0419921875 0.0048828125
3 0.740234375 0.2451171875 0.0048828125 0.0703125
3 0.5361328125 0.35498046875 0.03515625 0.0048828125
3 0.6650390625 0.35498046875 0.03515625 0.0048828125
3 0.48486328125 0.47802734375 0.0048828125 0.099609375
3 0.36181640625 0.662109375 0.0048828125 0.330078125
3 0.52783203125 0.662109375 0.3154296875 0.0048828125
3 0.740234375 0.47802734375 0.0048828125 0.1298828125
3 0.77099609375 0.35498046875 0.0302734375 0.0048828125
3 0.78515625 0.662109375 0.03515625 0.0048828125
3 0.7041015625 0.76513671875 0.544921875 0.0048828125
3 0.90185546875 0.34521484375 0.0048828125 0.1796875
3 0.85986328125 0.34521484375 0.0419921875 0.0048828125
3 0.94482421875 0.34521484375 0.0419921875 0.0048828125