6 0.58984375 0.5048828125 0.25 0.5400390625
6 0.587890625 0.10498046875 0.2275390625 0.169921875
6 0.2822265625 0.35986328125 0.2353515625 0.224609375
6 0.2822265625 0.6220703125 0.2353515625 0.224609375
6 0.544921875 0.85205078125 0.3447265625 0.1201171875
6 0.07177734375 0.544921875 0.1357421875 0.599609375
6 0.89794921875 0.26513671875 0.1650390625 0.1845703125
0 0.89794921875 0.52001953125 0.0517578125 0.087890625
0 0.89794921875 0.06494140625 0.0517578125 0.087890625
0 0.80615234375 0.61181640625 0.0419921875 0.0654296875
0 0.23779296875 0.85205078125 0.0517578125 0.087890625
2 0.587890625 0.10498046875 0.2275390625 0.169921875
2 0.52001953125 0.5 0.0419921875 0.0654296875
2 0.52001953125 0.625 0.0419921875 0.0654296875
2 0.52001953125 0.33203125 0.0419921875 0.0654296875
2 0.84521484375 0.5 0.0419921875 0.0654296875
2 0.2822265625 0.34521484375 0.0419921875 0.0654296875
2 0.2822265625 0.60498046875 0.0419921875 0.0654296875
4 0.2822265625 0.31494140625 0.0419921875 0.0654296875
4 0.2822265625 0.5751953125 0.0419921875 0.0654296875
5 0.64794921875 0.83203125 0.0419921875 0.0654296875
5 0.52783203125 0.83203125 0.0419921875 0.0654296875
5 0.412109375 0.83203125 0.0419921875 0.0654296875
5 0.07177734375 0.30615234375 0.0419921875 0.0654296875
5 0.07177734375 0.4482421875 0.0419921875 0.0654296875
5 0.07177734375 0.5849609375 0.0419921875 0.0654296875
5 0.07177734375 0.73779296875 0.0419921875 0.0654296875
3 0.8017578125 0.11181640625 0.09765625 0.0048828125
3 0.89794921875 0.14208984375 0.0048828125 0.0400390625
3 0.76513671875 0.27197265625 0.0478515625 0.0048828125
3 0.76220703125 0.31201171875 0.0048828125 0.0400390625
3 0.76513671875 0.35205078125 0.0478515625 0.0048828125
3 0.84521484375 0.40478515625 0.0048828125 0.0498046875
3 0.9501953125 0.40478515625 0.0048828125 0.080078125
3 0.88623046875 0.43212890625 0.0302734375 0.0048828125
3 0.748046875 0.625 0.0546875 0.0048828125
3 0.75 0.73779296875 0.3349609375 0.0048828125
3 0.58203125 0.5517578125 0.044921875 0.0048828125
3 0.58203125 0.51806640625 0.044921875 0.0048828125
3 0.58203125 0.43505859375 0.044921875 0.0048828125
3 0.52001953125 0.40478515625 0.0048828125 0.080078125
3 0.52001953125 0.2451171875 0.0048828125 0.099609375
3 0.43798828125 0.134765625 0.0703125 0.0048828125
3 0.43798828125 0.421875 0.0048828125 0.5498046875
3 0.43212890625 0.6318359375 0.0615234375 0.0048828125
3 0.58203125 0.77978515625 0.0048828125 0.0302734375
3 0.17822265625 0.39208984375 0.0419921875 0.0048828125
3 0.07177734375 0.85205078125 0.0048828125 0.0595703125
3 0.1748046875 0.89013671875 0.0751953125 0.0048828125
3 0.3349609375 0.89013671875 0.0595703125 0.0048828125