0 0.099609375 0.0595703125 0.080078125 0.080078125
0 0.0498046875 0.51953125 0.080078125 0.080078125
0 0.1796875 0.6298828125 0.060546875 0.080078125
0 0.759765625 0.8798828125 0.099609375 0.080078125
2 0.330078125 0.0498046875 0.05078125 0.05078125
2 0.4501953125 0.1103515625 0.119140625 0.119140625
2 0.0498046875 0.2197265625 0.05078125 0.05078125
2 0.150390625 0.509765625 0.05078125 0.060546875
2 0.3095703125 0.25 0.0390625 0.05078125
2 0.4501953125 0.33984375 0.060546875 0.060546875
2 0.48046875 0.5302734375 0.0390625 0.05078125
2 0.48046875 0.6298828125 0.0390625 0.05078125
2 0.349609375 0.349609375 0.099609375 0.0390625
2 0.349609375 0.4404296875 0.099609375 0.0390625
2 0.349609375 0.5302734375 0.099609375 0.0390625
2 0.349609375 0.6298828125 0.099609375 0.0390625
2 0.6396484375 0.3798828125 0.05078125 0.080078125
2 0.6396484375 0.6396484375 0.05078125 0.080078125
2 0.349609375 0.849609375 0.05078125 0.060546875
2 0.4697265625 0.849609375 0.05078125 0.060546875
2 0.580078125 0.849609375 0.05078125 0.060546875
2 0.9296875 0.3203125 0.060546875 0.060546875
2 0.9296875 0.4501953125 0.060546875 0.060546875
2 0.9296875 0.580078125 0.060546875 0.060546875
2 0.9296875 0.740234375 0.060546875 0.060546875
4 0.0498046875 0.740234375 0.060546875 0.080078125
4 0.75 0.3798828125 0.060546875 0.119140625
4 0.75 0.6396484375 0.060546875 0.119140625
3 0.099609375 0.150390625 0.01953125 0.080078125
3 0.115234375 0.150390625 0.01953125 0.080078125
3 0.2099609375 0.1103515625 0.1796875 0.01953125
3 0.23046875 0.26953125 0.099609375 0.01953125
3 0.240234375 0.330078125 0.080078125 0.080078125
3 0.48046875 0.2197265625 0.01953125 0.060546875
3 0.0498046875 0.4404296875 0.01953125 0.080078125
3 0.150390625 0.4404296875 0.01953125 0.080078125
3 0.349609375 0.3896484375 0.01953125 0.060546875
3 0.349609375 0.490234375 0.01953125 0.060546875
3 0.349609375 0.58984375 0.01953125 0.060546875
3 0.41015625 0.4404296875 0.060546875 0.01953125
3 0.41015625 0.5302734375 0.060546875 0.01953125
3 0.41015625 0.6298828125 0.060546875 0.01953125
3 0.419921875 0.4599609375 0.01953125 0.060546875
3 0.48046875 0.4599609375 0.01953125 0.060546875
3 0.25 0.6298828125 0.099609375 0.01953125
3 0.169921875 0.740234375 0.25 0.01953125
3 0.580078125 0.1904296875 0.060546875 0.150390625
3 0.580078125 0.400390625 0.060546875 0.25
3 0.5595703125 0.6298828125 0.060546875 0.01953125
3 0.83984375 0.3798828125 0.0390625 0.01953125
3 0.41015625 0.7802734375 0.01953125 0.0390625
3 0.66015625 0.8798828125 0.080078125 0.01953125
3 0.9296875 0.830078125 0.01953125 0.080078125
6 0.400390625 0.1103515625 0.220703125 0.16015625
6 0.099609375 0.2802734375 0.16015625 0.19921875
6 0.41015625 0.509765625 0.25 0.51953125
6 0.7099609375 0.3603515625 0.240234375 0.220703125
6 0.7099609375 0.6201171875 0.240234375 0.220703125
6 0.4599609375 0.849609375 0.349609375 0.119140625
6 0.919921875 0.51953125 0.140625 0.599609375