6 0.43798828125 0.5 0.8515625 0.9599609375
6 0.92919921875 0.2080078125 0.125 0.2822265625
6 0.92919921875 0.5048828125 0.125 0.2822265625
6 0.72607421875 0.23779296875 0.2744140625 0.2451171875
6 0.72607421875 0.48486328125 0.2744140625 0.2451171875
6 0.380859375 0.2822265625 0.3916015625 0.41796875
6 0.3017578125 0.68505859375 0.244140625 0.3642578125
6 0.09814453125 0.39208984375 0.16015625 0.6396484375
6 0.6220703125 0.89208984375 0.3603515625 0.150390625
0 0.92919921875 0.2080078125 0.125 0.2822265625
0 0.92919921875 0.5048828125 0.125 0.2822265625
2 0.81201171875 0.22021484375 0.0419921875 0.0654296875
2 0.73193359375 0.22021484375 0.0419921875 0.0654296875
2 0.64794921875 0.22021484375 0.0419921875 0.0654296875
2 0.82421875 0.47802734375 0.0419921875 0.0654296875
2 0.658203125 0.47802734375 0.0419921875 0.0654296875
2 0.509765625 0.169921875 0.0419921875 0.0654296875
4 0.384765625 0.169921875 0.0419921875 0.0654296875
2 0.259765625 0.169921875 0.0419921875 0.0654296875
4 0.51513671875 0.35498046875 0.0419921875 0.0654296875
2 0.384765625 0.35498046875 0.0419921875 0.0654296875
4 0.259765625 0.35498046875 0.0419921875 0.0654296875
2 0.51513671875 0.5751953125 0.0419921875 0.0654296875
4 0.259765625 0.64990234375 0.0419921875 0.0654296875
4 0.259765625 0.77978515625 0.0419921875 0.0654296875
2 0.09814453125 0.1982421875 0.0419921875 0.0654296875
2 0.14013671875 0.455078125 0.0419921875 0.0654296875
2 0.05517578125 0.455078125 0.0419921875 0.0654296875
4 0.73193359375 0.89208984375 0.0419921875 0.0654296875
5 0.5498046875 0.89208984375 0.0419921875 0.0654296875
3 0.86279296875 0.22021484375 0.013671875 0.0048828125
3 0.86279296875 0.47802734375 0.013671875 0.0048828125
3 0.7822265625 0.22021484375 0.0244140625 0.0048828125
3 0.7021484375 0.22021484375 0.0244140625 0.0048828125
3 0.8017578125 0.47802734375 0.0419921875 0.0048828125
3 0.8017578125 0.35498046875 0.0048828125 0.2197265625
3 0.999806640625 0.0007470703125000001 0.000004882812500106581 0.00052734375
3 0.6220703125 0.2451171875 0.0380859375 0.0048828125
3 0.6318359375 0.43994140625 0.0302734375 0.0048828125
3 0.57177734375 0.35498046875 0.0380859375 0.0048828125
3 0.509765625 0.2451171875 0.0048828125 0.0703125
3 0.4638671875 0.169921875 0.03515625 0.0048828125
3 0.3349609375 0.169921875 0.0419921875 0.0048828125
3 0.259765625 0.2451171875 0.0048828125 0.0703125
3 0.4638671875 0.35498046875 0.03515625 0.0048828125
3 0.3349609375 0.35498046875 0.03515625 0.0048828125
3 0.51513671875 0.47802734375 0.0048828125 0.099609375
3 0.63818359375 0.662109375 0.0048828125 0.330078125
3 0.47216796875 0.662109375 0.3154296875 0.0048828125
3 0.259765625 0.47802734375 0.0048828125 0.1298828125
3 0.22900390625 0.35498046875 0.0302734375 0.0048828125
3 0.21484375 0.662109375 0.03515625 0.0048828125
3 0.2958984375 0.76513671875 0.544921875 0.0048828125
3 0.09814453125 0.34521484375 0.0048828125 0.1796875
3 0.14013671875 0.34521484375 0.0419921875 0.0048828125
3 0.05517578125 0.34521484375 0.0419921875 0.0048828125