0 0.04822834645669291 0.3484251968503937 0.08070866141732283 0.12007874015748031
0 0.04822834645669291 0.6515748031496063 0.08070866141732283 0.12007874015748031
0 0.9557086614173228 0.359251968503937 0.0610236220472441 0.12007874015748031
0 0.9557086614173228 0.6210629921259843 0.0610236220472441 0.12007874015748031
0 0.9557086614173228 0.8631889763779528 0.0610236220472441 0.12007874015748031
2 0.28051181102362205 0.21751968503937008 0.051181102362204724 0.08070866141732283
2 0.28051181102362205 0.37893700787401574 0.051181102362204724 0.08070866141732283
2 0.5521653543307087 0.1171259842519685 0.051181102362204724 0.08070866141732283
2 0.53248031496063 0.359251968503937 0.051181102362204724 0.08070866141732283
2 0.6023622047244095 0.6210629921259843 0.051181102362204724 0.08070866141732283
2 0.6023622047244095 0.8631889763779528 0.051181102362204724 0.08070866141732283
4 0.1594488188976378 0.37893700787401574 0.051181102362204724 0.08070866141732283
4 0.7037401574803149 0.1171259842519685 0.051181102362204724 0.08070866141732283
4 0.6427165354330708 0.359251968503937 0.051181102362204724 0.08070866141732283
4 0.8543307086614174 0.359251968503937 0.051181102362204724 0.08070866141732283
4 0.7844488188976378 0.6210629921259843 0.051181102362204724 0.08070866141732283
4 0.7844488188976378 0.8631889763779528 0.051181102362204724 0.08070866141732283
4 0.28051181102362205 0.7716535433070866 0.051181102362204724 0.08070866141732283
1 0.28051181102362205 0.5807086614173228 0.051181102362204724 0.08070866141732283
5 0.1594488188976378 0.21751968503937008 0.051181102362204724 0.08070866141732283
5 0.1594488188976378 0.5807086614173228 0.051181102362204724 0.08070866141732283
5 0.1594488188976378 0.7716535433070866 0.051181102362204724 0.08070866141732283
5 0.8543307086614174 0.1171259842519685 0.051181102362204724 0.08070866141732283
5 0.7440944881889764 0.359251968503937 0.051181102362204724 0.08070866141732283
5 0.421259842519685 0.49015748031496065 0.051181102362204724 0.08070866141732283
3 0.08858267716535433 0.28838582677165353 0.0610236220472441 0.01968503937007874
3 0.08858267716535433 0.6309055118110236 0.0610236220472441 0.01968503937007874
3 0.3809055118110236 0.28838582677165353 0.08070866141732283 0.01968503937007874
3 0.421259842519685 0.19783464566929135 0.01968503937007874 0.18110236220472442
3 0.45177165354330706 0.10728346456692914 0.0610236220472441 0.01968503937007874
3 0.45177165354330706 0.359251968503937 0.0610236220472441 0.01968503937007874
3 0.421259842519685 0.39960629921259844 0.01968503937007874 0.12007874015748031
3 0.3809055118110236 0.6919291338582677 0.08070866141732283 0.01968503937007874
3 0.4311023622047244 0.5905511811023622 0.01968503937007874 0.12007874015748031
3 0.46161417322834647 0.6210629921259843 0.0610236220472441 0.01968503937007874
3 0.4311023622047244 0.78248031496063 0.01968503937007874 0.18110236220472442
3 0.46161417322834647 0.8730314960629921 0.0610236220472441 0.01968503937007874
3 0.9251968503937008 0.359251968503937 0.051181102362204724 0.01968503937007874
3 0.9251968503937008 0.6210629921259843 0.051181102362204724 0.01968503937007874
3 0.9251968503937008 0.8631889763779528 0.051181102362204724 0.01968503937007874
6 0.21948818897637795 0.29822834645669294 0.2421259842519685 0.3838582677165354
6 0.21948818897637795 0.6811023622047244 0.2421259842519685 0.36220472440944884
6 0.6938976377952756 0.1171259842519685 0.4035433070866142 0.18110236220472442
6 0.6938976377952756 0.359251968503937 0.4035433070866142 0.23228346456692914
6 0.6938976377952756 0.6210629921259843 0.4035433070866142 0.18110236220472442
6 0.6938976377952756 0.8730314960629921 0.4035433070866142 0.18110236220472442