0 0.34173387096774194 0.9637096774193549 0.12298387096774194 0.07258064516129033
0 0.6522177419354839 0.9637096774193549 0.12298387096774194 0.07258064516129033
0 0.3538306451612903 0.03931451612903226 0.12298387096774194 0.0625
0 0.6219758064516129 0.03931451612903226 0.12298387096774194 0.0625
0 0.8699596774193549 0.03931451612903226 0.12298387096774194 0.0625
2 0.2086693548387097 0.7308467741935484 0.08266129032258064 0.05241935483870968
2 0.37399193548387094 0.7308467741935484 0.08266129032258064 0.05241935483870968
2 0.10584677419354839 0.4526209677419355 0.08266129032258064 0.05241935483870968
2 0.3538306451612903 0.4727822580645161 0.08266129032258064 0.05241935483870968
2 0.6219758064516129 0.4012096774193548 0.08266129032258064 0.05241935483870968
2 0.8699596774193549 0.4012096774193548 0.08266129032258064 0.05241935483870968
4 0.37399193548387094 0.8548387096774194 0.08266129032258064 0.05241935483870968
4 0.10584677419354839 0.2973790322580645 0.08266129032258064 0.05241935483870968
4 0.3538306451612903 0.3598790322580645 0.08266129032258064 0.05241935483870968
4 0.3538306451612903 0.1431451612903226 0.08266129032258064 0.05241935483870968
4 0.6219758064516129 0.21471774193548387 0.08266129032258064 0.05241935483870968
4 0.8699596774193549 0.21471774193548387 0.08266129032258064 0.05241935483870968
4 0.7762096774193549 0.7308467741935484 0.08266129032258064 0.05241935483870968
1 0.5806451612903226 0.7308467741935484 0.08266129032258064 0.05241935483870968
5 0.2086693548387097 0.8548387096774194 0.08266129032258064 0.05241935483870968
5 0.5806451612903226 0.8548387096774194 0.08266129032258064 0.05241935483870968
5 0.7762096774193549 0.8548387096774194 0.08266129032258064 0.05241935483870968
5 0.10584677419354839 0.1431451612903226 0.08266129032258064 0.05241935483870968
5 0.3538306451612903 0.2560483870967742 0.08266129032258064 0.05241935483870968
5 0.4879032258064516 0.5866935483870968 0.08266129032258064 0.05241935483870968
3 0.28125 0.9274193548387096 0.020161290322580645 0.0625
3 0.6320564516129032 0.9274193548387096 0.020161290322580645 0.0625
3 0.28125 0.6280241935483871 0.020161290322580645 0.08266129032258064
3 0.18850806451612903 0.5866935483870968 0.18548387096774194 0.020161290322580645
3 0.09576612903225806 0.5554435483870968 0.020161290322580645 0.0625
3 0.3538306451612903 0.5554435483870968 0.020161290322580645 0.0625
3 0.3951612903225806 0.5866935483870968 0.12298387096774194 0.020161290322580645
3 0.6945564516129032 0.6280241935483871 0.020161290322580645 0.08266129032258064
3 0.5907258064516129 0.5766129032258065 0.12298387096774194 0.020161290322580645
3 0.6219758064516129 0.5453629032258065 0.020161290322580645 0.0625
3 0.7872983870967742 0.5766129032258065 0.18548387096774194 0.020161290322580645
3 0.8800403225806451 0.5453629032258065 0.020161290322580645 0.0625
3 0.3538306451612903 0.07056451612903226 0.020161290322580645 0.05241935483870968
3 0.6219758064516129 0.07056451612903226 0.020161290322580645 0.05241935483870968
3 0.8699596774193549 0.07056451612903226 0.020161290322580645 0.05241935483870968
6 0.2913306451612903 0.7933467741935484 0.39314516129032256 0.24798387096774194
6 0.6834677419354839 0.7933467741935484 0.3709677419354839 0.24798387096774194
6 0.10584677419354839 0.3074596774193548 0.18548387096774194 0.41330645161290325
6 0.3538306451612903 0.3074596774193548 0.23790322580645162 0.41330645161290325
6 0.6219758064516129 0.3074596774193548 0.18548387096774194 0.41330645161290325
6 0.8800403225806451 0.3074596774193548 0.18548387096774194 0.41330645161290325