6 0.498046875 0.5 0.8115234375 0.98046875
6 0.77587890625 0.2880859375 0.244140625 0.3837890625
6 0.77587890625 0.69189453125 0.244140625 0.3837890625
6 0.30615234375 0.115234375 0.4140625 0.1904296875
6 0.30615234375 0.36181640625 0.4140625 0.240234375
6 0.30615234375 0.6220703125 0.4140625 0.17578125
6 0.30615234375 0.8798828125 0.4140625 0.2177734375
0 0.958984375 0.2919921875 0.0419921875 0.0751953125
0 0.958984375 0.634765625 0.0419921875 0.0751953125
0 0.0419921875 0.35498046875 0.0419921875 0.0751953125
0 0.0419921875 0.6201171875 0.0419921875 0.0751953125
0 0.0419921875 0.85205078125 0.0419921875 0.0751953125
1 0.83984375 0.22412109375 0.0419921875 0.0654296875
2 0.72021484375 0.22412109375 0.0419921875 0.0654296875
4 0.83984375 0.375 0.0419921875 0.0654296875
2 0.72021484375 0.375 0.0419921875 0.0654296875
1 0.83984375 0.61181640625 0.0419921875 0.0654296875
1 0.72021484375 0.61181640625 0.0419921875 0.0654296875
5 0.83984375 0.77587890625 0.0419921875 0.0654296875
4 0.72021484375 0.77587890625 0.0419921875 0.0654296875
1 0.5791015625 0.48779296875 0.0419921875 0.0654296875
2 0.4501953125 0.125 0.0419921875 0.0654296875
4 0.2978515625 0.125 0.0419921875 0.0654296875
5 0.162109375 0.125 0.0419921875 0.0654296875
2 0.4638671875 0.3701171875 0.0419921875 0.0654296875
4 0.36181640625 0.3701171875 0.0419921875 0.0654296875
5 0.2421875 0.3701171875 0.0419921875 0.0654296875
4 0.14990234375 0.3701171875 0.0419921875 0.0654296875
2 0.39794921875 0.6201171875 0.0419921875 0.0654296875
4 0.22509765625 0.6201171875 0.0419921875 0.0654296875
2 0.39794921875 0.875 0.0419921875 0.0654296875
4 0.22509765625 0.875 0.0419921875 0.0654296875
3 0.916015625 0.2919921875 0.0419921875 0.0048828125
3 0.916015625 0.634765625 0.0419921875 0.0048828125
3 0.083984375 0.35498046875 0.0419921875 0.0048828125
3 0.083984375 0.6201171875 0.0419921875 0.0048828125
3 0.083984375 0.85205078125 0.0419921875 0.0048828125
3 0.6162109375 0.2919921875 0.076171875 0.0048828125
3 0.5791015625 0.240234375 0.0048828125 0.1103515625
3 0.5458984375 0.115234375 0.068359375 0.0048828125
3 0.5458984375 0.36181640625 0.068359375 0.0048828125
3 0.5791015625 0.4150390625 0.0048828125 0.0400390625
3 0.6162109375 0.69189453125 0.076171875 0.0048828125
3 0.5791015625 0.65478515625 0.0048828125 0.080078125
3 0.5458984375 0.6220703125 0.068359375 0.0048828125
3 0.5458984375 0.8798828125 0.068359375 0.0048828125