0 0.3510204081632653 0.9581632653061225 0.12448979591836734 0.0836734693877551
0 0.6653061224489796 0.9581632653061225 0.12448979591836734 0.0836734693877551
0 0.3622448979591837 0.024489795918367346 0.12448979591836734 0.04897959183673469
0 0.6336734693877552 0.024489795918367346 0.12448979591836734 0.04897959183673469
0 0.8846938775510204 0.024489795918367346 0.12448979591836734 0.04897959183673469
2 0.2153061224489796 0.7173469387755103 0.0836734693877551 0.053061224489795916
2 0.3826530612244898 0.7173469387755103 0.0836734693877551 0.053061224489795916
2 0.11122448979591837 0.4357142857142857 0.0836734693877551 0.053061224489795916
2 0.3622448979591837 0.4561224489795918 0.0836734693877551 0.053061224489795916
2 0.6336734693877552 0.3836734693877551 0.0836734693877551 0.053061224489795916
2 0.8846938775510204 0.3836734693877551 0.0836734693877551 0.053061224489795916
4 0.3826530612244898 0.8428571428571429 0.0836734693877551 0.053061224489795916
4 0.11122448979591837 0.2785714285714286 0.0836734693877551 0.053061224489795916
4 0.3622448979591837 0.34183673469387754 0.0836734693877551 0.053061224489795916
4 0.3622448979591837 0.12244897959183673 0.0836734693877551 0.053061224489795916
4 0.6336734693877552 0.19489795918367347 0.0836734693877551 0.053061224489795916
4 0.8846938775510204 0.19489795918367347 0.0836734693877551 0.053061224489795916
4 0.789795918367347 0.7173469387755103 0.0836734693877551 0.053061224489795916
1 0.5918367346938775 0.7173469387755103 0.0836734693877551 0.053061224489795916
5 0.2153061224489796 0.8428571428571429 0.0836734693877551 0.053061224489795916
5 0.5918367346938775 0.8428571428571429 0.0836734693877551 0.053061224489795916
5 0.789795918367347 0.8428571428571429 0.0836734693877551 0.053061224489795916
5 0.11122448979591837 0.12244897959183673 0.0836734693877551 0.053061224489795916
5 0.3622448979591837 0.23673469387755103 0.0836734693877551 0.053061224489795916
5 0.49795918367346936 0.5714285714285714 0.0836734693877551 0.053061224489795916
3 0.28877551020408165 0.9163265306122449 0.02040816326530612 0.06326530612244897
3 0.6438775510204081 0.9163265306122449 0.02040816326530612 0.06326530612244897
3 0.28877551020408165 0.613265306122449 0.02040816326530612 0.0836734693877551
3 0.19489795918367347 0.5714285714285714 0.18775510204081633 0.02040816326530612
3 0.10102040816326531 0.539795918367347 0.02040816326530612 0.06326530612244897
3 0.3622448979591837 0.539795918367347 0.02040816326530612 0.06326530612244897
3 0.40408163265306124 0.5714285714285714 0.12448979591836734 0.02040816326530612
3 0.7071428571428572 0.613265306122449 0.02040816326530612 0.0836734693877551
3 0.6020408163265306 0.5612244897959183 0.12448979591836734 0.02040816326530612
3 0.6336734693877552 0.5295918367346939 0.02040816326530612 0.06326530612244897
3 0.8010204081632653 0.5612244897959183 0.18775510204081633 0.02040816326530612
3 0.8948979591836734 0.5295918367346939 0.02040816326530612 0.06326530612244897
3 0.3622448979591837 0.04897959183673469 0.02040816326530612 0.053061224489795916
3 0.6336734693877552 0.04897959183673469 0.02040816326530612 0.053061224489795916
3 0.8846938775510204 0.04897959183673469 0.02040816326530612 0.053061224489795916
6 0.29897959183673467 0.7806122448979592 0.3979591836734694 0.2510204081632653
6 0.6959183673469388 0.7806122448979592 0.37551020408163266 0.2510204081632653
6 0.11122448979591837 0.28877551020408165 0.18775510204081633 0.41836734693877553
6 0.3622448979591837 0.28877551020408165 0.24081632653061225 0.41836734693877553
6 0.6336734693877552 0.28877551020408165 0.18775510204081633 0.41836734693877553
6 0.8948979591836734 0.28877551020408165 0.18775510204081633 0.41836734693877553