0 0.963265306122449 0.33163265306122447 0.07346938775510205 0.12448979591836734
0 0.963265306122449 0.6459183673469387 0.07346938775510205 0.12448979591836734
0 0.02959183673469388 0.3438775510204082 0.05918367346938776 0.12448979591836734
0 0.02959183673469388 0.6153061224489796 0.05918367346938776 0.12448979591836734
0 0.02959183673469388 0.8663265306122448 0.05918367346938776 0.12448979591836734
2 0.7275510204081632 0.19693877551020408 0.053061224489795916 0.0836734693877551
2 0.7275510204081632 0.36428571428571427 0.053061224489795916 0.0836734693877551
2 0.4459183673469388 0.09285714285714286 0.053061224489795916 0.0836734693877551
2 0.4663265306122449 0.3438775510204082 0.053061224489795916 0.0836734693877551
2 0.39387755102040817 0.6153061224489796 0.053061224489795916 0.0836734693877551
2 0.39387755102040817 0.8663265306122448 0.053061224489795916 0.0836734693877551
4 0.8530612244897959 0.36428571428571427 0.053061224489795916 0.0836734693877551
4 0.28877551020408165 0.09285714285714286 0.053061224489795916 0.0836734693877551
4 0.3520408163265306 0.3438775510204082 0.053061224489795916 0.0836734693877551
4 0.1326530612244898 0.3438775510204082 0.053061224489795916 0.0836734693877551
4 0.20510204081632652 0.6153061224489796 0.053061224489795916 0.0836734693877551
4 0.20510204081632652 0.8663265306122448 0.053061224489795916 0.0836734693877551
4 0.7275510204081632 0.7714285714285715 0.053061224489795916 0.0836734693877551
1 0.7275510204081632 0.573469387755102 0.053061224489795916 0.0836734693877551
5 0.8530612244897959 0.19693877551020408 0.053061224489795916 0.0836734693877551
5 0.8530612244897959 0.573469387755102 0.053061224489795916 0.0836734693877551
5 0.8530612244897959 0.7714285714285715 0.053061224489795916 0.0836734693877551
5 0.1326530612244898 0.09285714285714286 0.053061224489795916 0.0836734693877551
5 0.24693877551020407 0.3438775510204082 0.053061224489795916 0.0836734693877551
5 0.5816326530612245 0.47959183673469385 0.053061224489795916 0.0836734693877551
3 0.926530612244898 0.27040816326530615 0.06326530612244897 0.02040816326530612
3 0.926530612244898 0.6255102040816326 0.06326530612244897 0.02040816326530612
3 0.6234693877551021 0.27040816326530615 0.0836734693877551 0.02040816326530612
3 0.5816326530612245 0.17653061224489797 0.02040816326530612 0.18775510204081633
3 0.55 0.0826530612244898 0.06326530612244897 0.02040816326530612
3 0.55 0.3438775510204082 0.06326530612244897 0.02040816326530612
3 0.5816326530612245 0.38571428571428573 0.02040816326530612 0.12448979591836734
3 0.6234693877551021 0.6887755102040817 0.0836734693877551 0.02040816326530612
3 0.5714285714285714 0.5836734693877551 0.02040816326530612 0.12448979591836734
3 0.539795918367347 0.6153061224489796 0.06326530612244897 0.02040816326530612
3 0.5714285714285714 0.7826530612244897 0.02040816326530612 0.18775510204081633
3 0.539795918367347 0.8765306122448979 0.06326530612244897 0.02040816326530612
3 0.05918367346938776 0.3438775510204082 0.053061224489795916 0.02040816326530612
3 0.05918367346938776 0.6153061224489796 0.053061224489795916 0.02040816326530612
3 0.05918367346938776 0.8663265306122448 0.053061224489795916 0.02040816326530612
6 0.7908163265306123 0.28061224489795916 0.2510204081632653 0.3979591836734694
6 0.7908163265306123 0.6775510204081633 0.2510204081632653 0.37551020408163266
6 0.29897959183673467 0.09285714285714286 0.41836734693877553 0.18571428571428572
6 0.29897959183673467 0.3438775510204082 0.41836734693877553 0.24081632653061225
6 0.29897959183673467 0.6153061224489796 0.41836734693877553 0.18775510204081633
6 0.29897959183673467 0.8765306122448979 0.41836734693877553 0.18775510204081633