0 0.3622448979591837 0.036734693877551024 0.12448979591836734 0.07346938775510205
0 0.676530612244898 0.036734693877551024 0.12448979591836734 0.07346938775510205
0 0.37448979591836734 0.9704081632653061 0.12448979591836734 0.05918367346938776
0 0.6459183673469387 0.9704081632653061 0.12448979591836734 0.05918367346938776
0 0.8969387755102041 0.9704081632653061 0.12448979591836734 0.05918367346938776
2 0.22755102040816327 0.2724489795918367 0.0836734693877551 0.053061224489795916
2 0.3948979591836735 0.2724489795918367 0.0836734693877551 0.053061224489795916
2 0.12346938775510204 0.5540816326530612 0.0836734693877551 0.053061224489795916
2 0.37448979591836734 0.5336734693877551 0.0836734693877551 0.053061224489795916
2 0.6459183673469387 0.6061224489795919 0.0836734693877551 0.053061224489795916
2 0.8969387755102041 0.6061224489795919 0.0836734693877551 0.053061224489795916
4 0.3948979591836735 0.1469387755102041 0.0836734693877551 0.053061224489795916
4 0.12346938775510204 0.7112244897959183 0.0836734693877551 0.053061224489795916
4 0.37448979591836734 0.6479591836734694 0.0836734693877551 0.053061224489795916
4 0.37448979591836734 0.8673469387755102 0.0836734693877551 0.053061224489795916
4 0.6459183673469387 0.7948979591836735 0.0836734693877551 0.053061224489795916
4 0.8969387755102041 0.7948979591836735 0.0836734693877551 0.053061224489795916
4 0.8020408163265306 0.2724489795918367 0.0836734693877551 0.053061224489795916
1 0.6040816326530613 0.2724489795918367 0.0836734693877551 0.053061224489795916
5 0.22755102040816327 0.1469387755102041 0.0836734693877551 0.053061224489795916
5 0.6040816326530613 0.1469387755102041 0.0836734693877551 0.053061224489795916
5 0.8020408163265306 0.1469387755102041 0.0836734693877551 0.053061224489795916
5 0.12346938775510204 0.8673469387755102 0.0836734693877551 0.053061224489795916
5 0.37448979591836734 0.753061224489796 0.0836734693877551 0.053061224489795916
5 0.5102040816326531 0.41836734693877553 0.0836734693877551 0.053061224489795916
3 0.3010204081632653 0.07346938775510205 0.02040816326530612 0.06326530612244897
3 0.6561224489795918 0.07346938775510205 0.02040816326530612 0.06326530612244897
3 0.3010204081632653 0.376530612244898 0.02040816326530612 0.0836734693877551
3 0.20714285714285716 0.41836734693877553 0.18775510204081633 0.02040816326530612
3 0.11326530612244898 0.45 0.02040816326530612 0.06326530612244897
3 0.37448979591836734 0.45 0.02040816326530612 0.06326530612244897
3 0.4163265306122449 0.41836734693877553 0.12448979591836734 0.02040816326530612
3 0.7193877551020408 0.376530612244898 0.02040816326530612 0.0836734693877551
3 0.6142857142857143 0.42857142857142855 0.12448979591836734 0.02040816326530612
3 0.6459183673469387 0.4602040816326531 0.02040816326530612 0.06326530612244897
3 0.813265306122449 0.42857142857142855 0.18775510204081633 0.02040816326530612
3 0.9071428571428571 0.4602040816326531 0.02040816326530612 0.06326530612244897
3 0.37448979591836734 0.9408163265306122 0.02040816326530612 0.053061224489795916
3 0.6459183673469387 0.9408163265306122 0.02040816326530612 0.053061224489795916
3 0.8969387755102041 0.9408163265306122 0.02040816326530612 0.053061224489795916
6 0.3112244897959184 0.20918367346938777 0.3979591836734694 0.2510204081632653
6 0.7081632653061225 0.20918367346938777 0.37551020408163266 0.2510204081632653
6 0.12346938775510204 0.7010204081632653 0.18775510204081633 0.41836734693877553
6 0.37448979591836734 0.7010204081632653 0.24081632653061225 0.41836734693877553
6 0.6459183673469387 0.7010204081632653 0.18775510204081633 0.41836734693877553
6 0.9061224489795918 0.7010204081632653 0.18775510204081633 0.41836734693877553