0 0.038306451612903226 0.3377016129032258 0.07661290322580645 0.12298387096774194
0 0.038306451612903226 0.6481854838709677 0.07661290322580645 0.12298387096774194
0 0.9647177419354839 0.3497983870967742 0.0625 0.12298387096774194
0 0.9647177419354839 0.6179435483870968 0.0625 0.12298387096774194
0 0.9647177419354839 0.8659274193548387 0.0625 0.12298387096774194
2 0.27318548387096775 0.20463709677419356 0.05241935483870968 0.08266129032258064
2 0.27318548387096775 0.3699596774193548 0.05241935483870968 0.08266129032258064
2 0.5514112903225806 0.10181451612903226 0.05241935483870968 0.08266129032258064
2 0.53125 0.3497983870967742 0.05241935483870968 0.08266129032258064
2 0.6028225806451613 0.6179435483870968 0.05241935483870968 0.08266129032258064
2 0.6028225806451613 0.8659274193548387 0.05241935483870968 0.08266129032258064
4 0.14919354838709678 0.3699596774193548 0.05241935483870968 0.08266129032258064
4 0.7066532258064516 0.10181451612903226 0.05241935483870968 0.08266129032258064
4 0.6441532258064516 0.3497983870967742 0.05241935483870968 0.08266129032258064
4 0.8608870967741935 0.3497983870967742 0.05241935483870968 0.08266129032258064
4 0.7893145161290323 0.6179435483870968 0.05241935483870968 0.08266129032258064
4 0.7893145161290323 0.8659274193548387 0.05241935483870968 0.08266129032258064
4 0.27318548387096775 0.7721774193548387 0.05241935483870968 0.08266129032258064
1 0.27318548387096775 0.5766129032258065 0.05241935483870968 0.08266129032258064
5 0.14919354838709678 0.20463709677419356 0.05241935483870968 0.08266129032258064
5 0.14919354838709678 0.5766129032258065 0.05241935483870968 0.08266129032258064
5 0.14919354838709678 0.7721774193548387 0.05241935483870968 0.08266129032258064
5 0.8608870967741935 0.10181451612903226 0.05241935483870968 0.08266129032258064
5 0.7479838709677419 0.3497983870967742 0.05241935483870968 0.08266129032258064
5 0.4173387096774194 0.4838709677419355 0.05241935483870968 0.08266129032258064
3 0.07661290322580645 0.2772177419354839 0.0625 0.020161290322580645
3 0.07661290322580645 0.6280241935483871 0.0625 0.020161290322580645
3 0.37600806451612906 0.2772177419354839 0.08266129032258064 0.020161290322580645
3 0.4173387096774194 0.1844758064516129 0.020161290322580645 0.18548387096774194
3 0.4485887096774194 0.09173387096774194 0.0625 0.020161290322580645
3 0.4485887096774194 0.3497983870967742 0.0625 0.020161290322580645
3 0.4173387096774194 0.3911290322580645 0.020161290322580645 0.12298387096774194
3 0.37600806451612906 0.6905241935483871 0.08266129032258064 0.020161290322580645
3 0.4274193548387097 0.5866935483870968 0.020161290322580645 0.12298387096774194
3 0.4586693548387097 0.6179435483870968 0.0625 0.020161290322580645
3 0.4274193548387097 0.7832661290322581 0.020161290322580645 0.18548387096774194
3 0.4586693548387097 0.876008064516129 0.0625 0.020161290322580645
3 0.9334677419354839 0.3497983870967742 0.05241935483870968 0.020161290322580645
3 0.9334677419354839 0.6179435483870968 0.05241935483870968 0.020161290322580645
3 0.9334677419354839 0.8659274193548387 0.05241935483870968 0.020161290322580645
6 0.21068548387096775 0.2872983870967742 0.24798387096774194 0.39314516129032256
6 0.21068548387096775 0.6794354838709677 0.24798387096774194 0.3709677419354839
6 0.6965725806451613 0.10181451612903226 0.41330645161290325 0.18548387096774194
6 0.6965725806451613 0.3497983870967742 0.41330645161290325 0.23790322580645162
6 0.6965725806451613 0.6179435483870968 0.41330645161290325 0.18548387096774194
6 0.6965725806451613 0.876008064516129 0.41330645161290325 0.18548387096774194