0 0.9501953125 0.349609375 0.080078125 0.119140625
0 0.9501953125 0.650390625 0.080078125 0.119140625
0 0.0498046875 0.3603515625 0.060546875 0.119140625
0 0.0498046875 0.6201171875 0.060546875 0.119140625
0 0.0498046875 0.8603515625 0.060546875 0.119140625
2 0.7197265625 0.2197265625 0.05078125 0.080078125
2 0.7197265625 0.3798828125 0.05078125 0.080078125
2 0.4501953125 0.1201171875 0.05078125 0.080078125
2 0.4697265625 0.3603515625 0.05078125 0.080078125
2 0.400390625 0.6201171875 0.05078125 0.080078125
2 0.400390625 0.8603515625 0.05078125 0.080078125
4 0.83984375 0.3798828125 0.05078125 0.080078125
4 0.2998046875 0.1201171875 0.05078125 0.080078125
4 0.3603515625 0.3603515625 0.05078125 0.080078125
4 0.150390625 0.3603515625 0.05078125 0.080078125
4 0.2197265625 0.6201171875 0.05078125 0.080078125
4 0.2197265625 0.8603515625 0.05078125 0.080078125
4 0.7197265625 0.76953125 0.05078125 0.080078125
1 0.7197265625 0.580078125 0.05078125 0.080078125
5 0.83984375 0.2197265625 0.05078125 0.080078125
5 0.83984375 0.580078125 0.05078125 0.080078125
5 0.83984375 0.76953125 0.05078125 0.080078125
5 0.150390625 0.1201171875 0.05078125 0.080078125
5 0.259765625 0.3603515625 0.05078125 0.080078125
5 0.580078125 0.490234375 0.05078125 0.080078125
3 0.91015625 0.2900390625 0.060546875 0.01953125
3 0.91015625 0.6298828125 0.060546875 0.01953125
3 0.6201171875 0.2900390625 0.080078125 0.01953125
3 0.580078125 0.2001953125 0.01953125 0.1796875
3 0.5498046875 0.1103515625 0.060546875 0.01953125
3 0.5498046875 0.3603515625 0.060546875 0.01953125
3 0.580078125 0.400390625 0.01953125 0.119140625
3 0.6201171875 0.6904296875 0.080078125 0.01953125
3 0.5703125 0.58984375 0.01953125 0.119140625
3 0.5400390625 0.6201171875 0.060546875 0.01953125
3 0.5703125 0.7802734375 0.01953125 0.1796875
3 0.5400390625 0.8701171875 0.060546875 0.01953125
3 0.080078125 0.3603515625 0.05078125 0.01953125
3 0.080078125 0.6201171875 0.05078125 0.01953125
3 0.080078125 0.8603515625 0.05078125 0.01953125
6 0.7802734375 0.2998046875 0.240234375 0.380859375
6 0.7802734375 0.6796875 0.240234375 0.359375
6 0.3095703125 0.1201171875 0.400390625 0.1796875
6 0.3095703125 0.3603515625 0.400390625 0.23046875
6 0.3095703125 0.6201171875 0.400390625 0.1796875
6 0.3095703125 0.8701171875 0.400390625 0.1796875