0 0.9557086614173228 0.35236220472440943 0.08070866141732283 0.12007874015748031
0 0.9557086614173228 0.655511811023622 0.08070866141732283 0.12007874015748031
0 0.04822834645669291 0.3631889763779528 0.0610236220472441 0.12007874015748031
0 0.04822834645669291 0.625 0.0610236220472441 0.12007874015748031
0 0.04822834645669291 0.8671259842519685 0.0610236220472441 0.12007874015748031
2 0.7234251968503937 0.22145669291338582 0.051181102362204724 0.08070866141732283
2 0.7234251968503937 0.3828740157480315 0.051181102362204724 0.08070866141732283
2 0.45177165354330706 0.12106299212598425 0.051181102362204724 0.08070866141732283
2 0.4714566929133858 0.3631889763779528 0.051181102362204724 0.08070866141732283
2 0.4015748031496063 0.625 0.051181102362204724 0.08070866141732283
2 0.4015748031496063 0.8671259842519685 0.051181102362204724 0.08070866141732283
4 0.844488188976378 0.3828740157480315 0.051181102362204724 0.08070866141732283
4 0.3001968503937008 0.12106299212598425 0.051181102362204724 0.08070866141732283
4 0.3612204724409449 0.3631889763779528 0.051181102362204724 0.08070866141732283
4 0.14960629921259844 0.3631889763779528 0.051181102362204724 0.08070866141732283
4 0.21948818897637795 0.625 0.051181102362204724 0.08070866141732283
4 0.21948818897637795 0.8671259842519685 0.051181102362204724 0.08070866141732283
4 0.7234251968503937 0.7755905511811023 0.051181102362204724 0.08070866141732283
1 0.7234251968503937 0.5846456692913385 0.051181102362204724 0.08070866141732283
5 0.844488188976378 0.22145669291338582 0.051181102362204724 0.08070866141732283
5 0.844488188976378 0.5846456692913385 0.051181102362204724 0.08070866141732283
5 0.844488188976378 0.7755905511811023 0.051181102362204724 0.08070866141732283
5 0.14960629921259844 0.12106299212598425 0.051181102362204724 0.08070866141732283
5 0.25984251968503935 0.3631889763779528 0.051181102362204724 0.08070866141732283
5 0.5826771653543307 0.4940944881889764 0.051181102362204724 0.08070866141732283
3 0.9153543307086615 0.29232283464566927 0.0610236220472441 0.01968503937007874
3 0.9153543307086615 0.6348425196850394 0.0610236220472441 0.01968503937007874
3 0.6230314960629921 0.29232283464566927 0.08070866141732283 0.01968503937007874
3 0.5826771653543307 0.2017716535433071 0.01968503937007874 0.18110236220472442
3 0.5521653543307087 0.11122047244094488 0.0610236220472441 0.01968503937007874
3 0.5521653543307087 0.3631889763779528 0.0610236220472441 0.01968503937007874
3 0.5826771653543307 0.4035433070866142 0.01968503937007874 0.12007874015748031
3 0.6230314960629921 0.6958661417322834 0.08070866141732283 0.01968503937007874
3 0.5728346456692913 0.594488188976378 0.01968503937007874 0.12007874015748031
3 0.5423228346456693 0.625 0.0610236220472441 0.01968503937007874
3 0.5728346456692913 0.7864173228346457 0.01968503937007874 0.18110236220472442
3 0.5423228346456693 0.8769685039370079 0.0610236220472441 0.01968503937007874
3 0.07874015748031496 0.3631889763779528 0.051181102362204724 0.01968503937007874
3 0.07874015748031496 0.625 0.051181102362204724 0.01968503937007874
3 0.07874015748031496 0.8671259842519685 0.051181102362204724 0.01968503937007874
6 0.7844488188976378 0.3021653543307087 0.2421259842519685 0.3838582677165354
6 0.7844488188976378 0.6850393700787402 0.2421259842519685 0.36220472440944884
6 0.31003937007874016 0.12106299212598425 0.4035433070866142 0.18110236220472442
6 0.31003937007874016 0.3631889763779528 0.4035433070866142 0.23228346456692914
6 0.31003937007874016 0.625 0.4035433070866142 0.18110236220472442
6 0.31003937007874016 0.8769685039370079 0.4035433070866142 0.18110236220472442