0 0.045 0.356 0.082 0.122
0 0.045 0.664 0.082 0.122
0 0.967 0.367 0.062 0.122
0 0.967 0.633 0.062 0.122
0 0.967 0.879 0.062 0.122
2 0.281 0.223 0.052 0.082
2 0.281 0.387 0.052 0.082
2 0.557 0.121 0.052 0.082
2 0.537 0.367 0.052 0.082
2 0.608 0.633 0.052 0.082
2 0.608 0.879 0.052 0.082
4 0.158 0.387 0.052 0.082
4 0.711 0.121 0.052 0.082
4 0.649 0.367 0.052 0.082
4 0.864 0.367 0.052 0.082
4 0.793 0.633 0.052 0.082
4 0.793 0.879 0.052 0.082
4 0.281 0.786 0.052 0.082
1 0.281 0.592 0.052 0.082
5 0.158 0.223 0.052 0.082
5 0.158 0.592 0.052 0.082
5 0.158 0.786 0.052 0.082
5 0.864 0.121 0.052 0.082
5 0.752 0.367 0.052 0.082
5 0.424 0.5 0.052 0.082
3 0.086 0.295 0.062 0.02
3 0.086 0.643 0.062 0.02
3 0.383 0.295 0.082 0.02
3 0.424 0.203 0.02 0.184
3 0.455 0.111 0.062 0.02
3 0.455 0.367 0.062 0.02
3 0.424 0.408 0.02 0.122
3 0.383 0.705 0.082 0.02
3 0.434 0.602 0.02 0.122
3 0.465 0.633 0.062 0.02
3 0.434 0.797 0.02 0.184
3 0.465 0.889 0.062 0.02
3 0.936 0.367 0.052 0.02
3 0.936 0.633 0.052 0.02
3 0.936 0.879 0.052 0.02
6 0.219 0.305 0.246 0.39
6 0.219 0.694 0.246 0.368
6 0.701 0.121 0.41 0.184
6 0.701 0.367 0.41 0.236
6 0.701 0.633 0.41 0.184
6 0.701 0.889 0.41 0.184