0 0.9583333333333334 0.34552845528455284 0.08333333333333333 0.12398373983739837
0 0.9583333333333334 0.6585365853658537 0.08333333333333333 0.12398373983739837
0 0.026422764227642278 0.3567073170731707 0.052845528455284556 0.12398373983739837
0 0.026422764227642278 0.6270325203252033 0.052845528455284556 0.12398373983739837
0 0.026422764227642278 0.8770325203252033 0.052845528455284556 0.12398373983739837
2 0.7184959349593496 0.21036585365853658 0.052845528455284556 0.08333333333333333
2 0.7184959349593496 0.37703252032520324 0.052845528455284556 0.08333333333333333
2 0.4380081300813008 0.10670731707317073 0.052845528455284556 0.08333333333333333
2 0.4583333333333333 0.3567073170731707 0.052845528455284556 0.08333333333333333
2 0.3861788617886179 0.6270325203252033 0.052845528455284556 0.08333333333333333
2 0.3861788617886179 0.8770325203252033 0.052845528455284556 0.08333333333333333
4 0.8434959349593496 0.37703252032520324 0.052845528455284556 0.08333333333333333
4 0.2815040650406504 0.10670731707317073 0.052845528455284556 0.08333333333333333
4 0.3445121951219512 0.3567073170731707 0.052845528455284556 0.08333333333333333
4 0.12601626016260162 0.3567073170731707 0.052845528455284556 0.08333333333333333
4 0.19817073170731708 0.6270325203252033 0.052845528455284556 0.08333333333333333
4 0.19817073170731708 0.8770325203252033 0.052845528455284556 0.08333333333333333
4 0.7184959349593496 0.782520325203252 0.052845528455284556 0.08333333333333333
1 0.7184959349593496 0.5853658536585366 0.052845528455284556 0.08333333333333333
5 0.8434959349593496 0.21036585365853658 0.052845528455284556 0.08333333333333333
5 0.8434959349593496 0.5853658536585366 0.052845528455284556 0.08333333333333333
5 0.8434959349593496 0.782520325203252 0.052845528455284556 0.08333333333333333
5 0.12601626016260162 0.10670731707317073 0.052845528455284556 0.08333333333333333
5 0.23983739837398374 0.3567073170731707 0.052845528455284556 0.08333333333333333
5 0.573170731707317 0.491869918699187 0.052845528455284556 0.08333333333333333
3 0.9166666666666666 0.28353658536585363 0.06300813008130081 0.02032520325203252
3 0.9166666666666666 0.6371951219512195 0.06300813008130081 0.02032520325203252
3 0.6148373983739838 0.28353658536585363 0.08333333333333333 0.02032520325203252
3 0.573170731707317 0.19004065040650406 0.02032520325203252 0.18699186991869918
3 0.5416666666666666 0.09654471544715447 0.06300813008130081 0.02032520325203252
3 0.5416666666666666 0.3567073170731707 0.06300813008130081 0.02032520325203252
3 0.573170731707317 0.3983739837398374 0.02032520325203252 0.12398373983739837
3 0.6148373983739838 0.7002032520325203 0.08333333333333333 0.02032520325203252
3 0.5630081300813008 0.5955284552845529 0.02032520325203252 0.12398373983739837
3 0.5315040650406504 0.6270325203252033 0.06300813008130081 0.02032520325203252
3 0.5630081300813008 0.7936991869918699 0.02032520325203252 0.18699186991869918
3 0.5315040650406504 0.8871951219512195 0.06300813008130081 0.02032520325203252
3 0.052845528455284556 0.3567073170731707 0.052845528455284556 0.02032520325203252
3 0.052845528455284556 0.6270325203252033 0.052845528455284556 0.02032520325203252
3 0.052845528455284556 0.8770325203252033 0.052845528455284556 0.02032520325203252
6 0.7815040650406504 0.2936991869918699 0.25 0.39634146341463417
6 0.7815040650406504 0.6890243902439024 0.25 0.37398373983739835
6 0.2916666666666667 0.10670731707317073 0.4166666666666667 0.18699186991869918
6 0.2916666666666667 0.3567073170731707 0.4166666666666667 0.23983739837398374
6 0.2916666666666667 0.6270325203252033 0.4166666666666667 0.18699186991869918
6 0.2916666666666667 0.8871951219512195 0.4166666666666667 0.18699186991869918