0 0.6567460317460317 0.9513888888888888 0.12103174603174603 0.08134920634920635
0 0.35119047619047616 0.9513888888888888 0.12103174603174603 0.08134920634920635
0 0.6458333333333334 0.03670634920634921 0.12103174603174603 0.061507936507936505
0 0.3819444444444444 0.03670634920634921 0.12103174603174603 0.061507936507936505
0 0.1378968253968254 0.03670634920634921 0.12103174603174603 0.061507936507936505
2 0.7886904761904762 0.7172619047619048 0.08134920634920635 0.051587301587301584
2 0.6259920634920635 0.7172619047619048 0.08134920634920635 0.051587301587301584
2 0.8898809523809523 0.44345238095238093 0.08134920634920635 0.051587301587301584
2 0.6458333333333334 0.4632936507936508 0.08134920634920635 0.051587301587301584
2 0.3819444444444444 0.39285714285714285 0.08134920634920635 0.051587301587301584
2 0.1378968253968254 0.39285714285714285 0.08134920634920635 0.051587301587301584
4 0.6259920634920635 0.8392857142857143 0.08134920634920635 0.051587301587301584
4 0.8898809523809523 0.2906746031746032 0.08134920634920635 0.051587301587301584
4 0.6458333333333334 0.3521825396825397 0.08134920634920635 0.051587301587301584
4 0.6458333333333334 0.1388888888888889 0.08134920634920635 0.051587301587301584
4 0.3819444444444444 0.20932539682539683 0.08134920634920635 0.051587301587301584
4 0.1378968253968254 0.20932539682539683 0.08134920634920635 0.051587301587301584
4 0.23015873015873015 0.7172619047619048 0.08134920634920635 0.051587301587301584
1 0.4226190476190476 0.7172619047619048 0.08134920634920635 0.051587301587301584
5 0.7886904761904762 0.8392857142857143 0.08134920634920635 0.051587301587301584
5 0.4226190476190476 0.8392857142857143 0.08134920634920635 0.051587301587301584
5 0.23015873015873015 0.8392857142857143 0.08134920634920635 0.051587301587301584
5 0.8898809523809523 0.1388888888888889 0.08134920634920635 0.051587301587301584
5 0.6458333333333334 0.25 0.08134920634920635 0.051587301587301584
5 0.5138888888888888 0.5753968253968254 0.08134920634920635 0.051587301587301584
3 0.7172619047619048 0.9107142857142857 0.01984126984126984 0.061507936507936505
3 0.37202380952380953 0.9107142857142857 0.01984126984126984 0.061507936507936505
3 0.7172619047619048 0.6160714285714286 0.01984126984126984 0.08134920634920635
3 0.808531746031746 0.5753968253968254 0.18253968253968253 0.01984126984126984
3 0.8998015873015873 0.5446428571428571 0.01984126984126984 0.061507936507936505
3 0.6458333333333334 0.5446428571428571 0.01984126984126984 0.061507936507936505
3 0.6051587301587301 0.5753968253968254 0.12103174603174603 0.01984126984126984
3 0.310515873015873 0.6160714285714286 0.01984126984126984 0.08134920634920635
3 0.4126984126984127 0.5654761904761905 0.12103174603174603 0.01984126984126984
3 0.3819444444444444 0.5347222222222222 0.01984126984126984 0.061507936507936505
3 0.21924603174603174 0.5654761904761905 0.18253968253968253 0.01984126984126984
3 0.12797619047619047 0.5347222222222222 0.01984126984126984 0.061507936507936505
3 0.6458333333333334 0.06746031746031746 0.01984126984126984 0.051587301587301584
3 0.3819444444444444 0.06746031746031746 0.01984126984126984 0.051587301587301584
3 0.1378968253968254 0.06746031746031746 0.01984126984126984 0.051587301587301584
6 0.7073412698412699 0.7787698412698413 0.3869047619047619 0.24404761904761904
6 0.32142857142857145 0.7787698412698413 0.36507936507936506 0.24404761904761904
6 0.8898809523809523 0.3005952380952381 0.18253968253968253 0.40674603174603174
6 0.6458333333333334 0.3005952380952381 0.23412698412698413 0.40674603174603174
6 0.3819444444444444 0.3005952380952381 0.18253968253968253 0.40674603174603174
6 0.12797619047619047 0.3005952380952381 0.18253968253968253 0.40674603174603174