6 0.501953125 0.5 0.8115234375 0.98046875
6 0.22412109375 0.2880859375 0.244140625 0.3837890625
6 0.22412109375 0.69189453125 0.244140625 0.3837890625
6 0.69384765625 0.115234375 0.4140625 0.1904296875
6 0.69384765625 0.36181640625 0.4140625 0.240234375
6 0.69384765625 0.6220703125 0.4140625 0.17578125
6 0.69384765625 0.8798828125 0.4140625 0.2177734375
0 0.041015625 0.2919921875 0.0419921875 0.0751953125
0 0.041015625 0.634765625 0.0419921875 0.0751953125
0 0.9580078125 0.35498046875 0.0419921875 0.0751953125
0 0.9580078125 0.6201171875 0.0419921875 0.0751953125
0 0.9580078125 0.85205078125 0.0419921875 0.0751953125
1 0.16015625 0.22412109375 0.0419921875 0.0654296875
2 0.27978515625 0.22412109375 0.0419921875 0.0654296875
4 0.16015625 0.375 0.0419921875 0.0654296875
2 0.27978515625 0.375 0.0419921875 0.0654296875
1 0.16015625 0.61181640625 0.0419921875 0.0654296875
1 0.27978515625 0.61181640625 0.0419921875 0.0654296875
5 0.16015625 0.77587890625 0.0419921875 0.0654296875
4 0.27978515625 0.77587890625 0.0419921875 0.0654296875
1 0.4208984375 0.48779296875 0.0419921875 0.0654296875
2 0.5498046875 0.125 0.0419921875 0.0654296875
4 0.7021484375 0.125 0.0419921875 0.0654296875
5 0.837890625 0.125 0.0419921875 0.0654296875
2 0.5361328125 0.3701171875 0.0419921875 0.0654296875
4 0.63818359375 0.3701171875 0.0419921875 0.0654296875
5 0.7578125 0.3701171875 0.0419921875 0.0654296875
4 0.85009765625 0.3701171875 0.0419921875 0.0654296875
2 0.60205078125 0.6201171875 0.0419921875 0.0654296875
4 0.77490234375 0.6201171875 0.0419921875 0.0654296875
2 0.60205078125 0.875 0.0419921875 0.0654296875
4 0.77490234375 0.875 0.0419921875 0.0654296875
3 0.083984375 0.2919921875 0.0419921875 0.0048828125
3 0.083984375 0.634765625 0.0419921875 0.0048828125
3 0.916015625 0.35498046875 0.0419921875 0.0048828125
3 0.916015625 0.6201171875 0.0419921875 0.0048828125
3 0.916015625 0.85205078125 0.0419921875 0.0048828125
3 0.3837890625 0.2919921875 0.076171875 0.0048828125
3 0.4208984375 0.240234375 0.0048828125 0.1103515625
3 0.4541015625 0.115234375 0.068359375 0.0048828125
3 0.4541015625 0.36181640625 0.068359375 0.0048828125
3 0.4208984375 0.4150390625 0.0048828125 0.0400390625
3 0.3837890625 0.69189453125 0.076171875 0.0048828125
3 0.4208984375 0.65478515625 0.0048828125 0.080078125
3 0.4541015625 0.6220703125 0.068359375 0.0048828125
3 0.4541015625 0.8798828125 0.068359375 0.0048828125