0 0.3522727272727273 0.9607438016528925 0.12603305785123967 0.07851239669421488
0 0.6704545454545454 0.9607438016528925 0.12603305785123967 0.07851239669421488
0 0.3646694214876033 0.02169421487603306 0.12603305785123967 0.04338842975206612
0 0.6394628099173554 0.02169421487603306 0.12603305785123967 0.04338842975206612
0 0.893595041322314 0.02169421487603306 0.12603305785123967 0.04338842975206612
2 0.2159090909090909 0.7200413223140496 0.08471074380165289 0.05371900826446281
2 0.3853305785123967 0.7200413223140496 0.08471074380165289 0.05371900826446281
2 0.11053719008264463 0.43491735537190085 0.08471074380165289 0.05371900826446281
2 0.3646694214876033 0.4555785123966942 0.08471074380165289 0.05371900826446281
2 0.6394628099173554 0.3822314049586777 0.08471074380165289 0.05371900826446281
2 0.893595041322314 0.3822314049586777 0.08471074380165289 0.05371900826446281
4 0.3853305785123967 0.8471074380165289 0.08471074380165289 0.05371900826446281
4 0.11053719008264463 0.27582644628099173 0.08471074380165289 0.05371900826446281
4 0.3646694214876033 0.33987603305785125 0.08471074380165289 0.05371900826446281
4 0.3646694214876033 0.11776859504132231 0.08471074380165289 0.05371900826446281
4 0.6394628099173554 0.19111570247933884 0.08471074380165289 0.05371900826446281
4 0.893595041322314 0.19111570247933884 0.08471074380165289 0.05371900826446281
4 0.7975206611570248 0.7200413223140496 0.08471074380165289 0.05371900826446281
1 0.5971074380165289 0.7200413223140496 0.08471074380165289 0.05371900826446281
5 0.2159090909090909 0.8471074380165289 0.08471074380165289 0.05371900826446281
5 0.5971074380165289 0.8471074380165289 0.08471074380165289 0.05371900826446281
5 0.7975206611570248 0.8471074380165289 0.08471074380165289 0.05371900826446281
5 0.11053719008264463 0.11776859504132231 0.08471074380165289 0.05371900826446281
5 0.3646694214876033 0.2334710743801653 0.08471074380165289 0.05371900826446281
5 0.5020661157024794 0.5723140495867769 0.08471074380165289 0.05371900826446281
3 0.2902892561983471 0.9214876033057852 0.02066115702479339 0.0640495867768595
3 0.6497933884297521 0.9214876033057852 0.02066115702479339 0.0640495867768595
3 0.2902892561983471 0.6146694214876033 0.02066115702479339 0.08471074380165289
3 0.1952479338842975 0.5723140495867769 0.19008264462809918 0.02066115702479339
3 0.10020661157024793 0.5402892561983471 0.02066115702479339 0.0640495867768595
3 0.3646694214876033 0.5402892561983471 0.02066115702479339 0.0640495867768595
3 0.40702479338842973 0.5723140495867769 0.12603305785123967 0.02066115702479339
3 0.7138429752066116 0.6146694214876033 0.02066115702479339 0.08471074380165289
3 0.6074380165289256 0.5619834710743802 0.12603305785123967 0.02066115702479339
3 0.6394628099173554 0.5299586776859504 0.02066115702479339 0.0640495867768595
3 0.8088842975206612 0.5619834710743802 0.19008264462809918 0.02066115702479339
3 0.9039256198347108 0.5299586776859504 0.02066115702479339 0.0640495867768595
3 0.3646694214876033 0.04338842975206612 0.02066115702479339 0.05371900826446281
3 0.6394628099173554 0.04338842975206612 0.02066115702479339 0.05371900826446281
3 0.893595041322314 0.04338842975206612 0.02066115702479339 0.05371900826446281
6 0.3006198347107438 0.7840909090909091 0.40289256198347106 0.25413223140495866
6 0.7024793388429752 0.7840909090909091 0.38016528925619836 0.25413223140495866
6 0.11053719008264463 0.28615702479338845 0.19008264462809918 0.42355371900826444
6 0.3646694214876033 0.28615702479338845 0.24380165289256198 0.42355371900826444
6 0.6394628099173554 0.28615702479338845 0.19008264462809918 0.42355371900826444
6 0.9039256198347108 0.28615702479338845 0.19008264462809918 0.42355371900826444