0 0.8494094488188977 0.9507874015748031 0.0688976377952756 0.0984251968503937
0 0.5137795275590551 0.9596456692913385 0.17716535433070865 0.08070866141732283
0 0.08464566929133858 0.9409448818897638 0.0688976377952756 0.0610236220472441
2 0.6683070866141733 0.5954724409448819 0.0610236220472441 0.15551181102362205
2 0.6683070866141733 0.3887795275590551 0.0610236220472441 0.15551181102362205
2 0.40846456692913385 0.594488188976378 0.06496062992125984 0.19291338582677164
2 0.40846456692913385 0.38976377952755903 0.06496062992125984 0.19291338582677164
2 0.2677165354330709 0.1171259842519685 0.0688976377952756 0.16338582677165353
4 0.21948818897637795 0.5964566929133859 0.07086614173228346 0.17519685039370078
4 0.21948818897637795 0.3887795275590551 0.07086614173228346 0.17519685039370078
4 0.656496062992126 0.7214566929133859 0.14960629921259844 0.0610236220472441
4 0.656496062992126 0.2578740157480315 0.14960629921259844 0.0610236220472441
4 0.3986220472440945 0.7214566929133859 0.14960629921259844 0.0610236220472441
4 0.3986220472440945 0.2578740157480315 0.14960629921259844 0.0610236220472441
4 0.19389763779527558 0.7214566929133859 0.12992125984251968 0.0610236220472441
4 0.19389763779527558 0.2578740157480315 0.12992125984251968 0.0610236220472441
4 0.031496062992125984 0.4911417322834646 0.0610236220472441 0.14566929133858267
5 0.8494094488188977 0.4911417322834646 0.06496062992125984 0.281496062992126
5 0.8100393700787402 0.12696850393700787 0.0610236220472441 0.14960629921259844
5 0.5127952755905512 0.843503937007874 0.06496062992125984 0.10236220472440945
5 0.5265748031496063 0.4911417322834646 0.0610236220472441 0.2795275590551181
5 0.08267716535433071 0.6948818897637795 0.0610236220472441 0.15551181102362205
5 0.031496062992125984 0.29429133858267714 0.0610236220472441 0.13976377952755906
5 0.031496062992125984 0.10137795275590551 0.0610236220472441 0.12401574803149606
3 0.8494094488188977 0.7667322834645669 0.007874015748031496 0.26968503937007876
3 0.5127952755905512 0.9192913385826772 0.007874015748031496 0.04921259842519685
3 0.7883858267716536 0.4911417322834646 0.05708661417322835 0.005905511811023622
3 0.7598425196850394 0.4911417322834646 0.007874015748031496 0.25984251968503935
3 0.7303149606299213 0.6210629921259843 0.0610236220472441 0.005905511811023622
3 0.7303149606299213 0.3612204724409449 0.0610236220472441 0.005905511811023622
3 0.6368110236220472 0.5954724409448819 0.02952755905511811 0.005905511811023622
3 0.6368110236220472 0.3887795275590551 0.02952755905511811 0.005905511811023622
3 0.6220472440944882 0.4921259842519685 0.007874015748031496 0.2125984251968504
3 0.5905511811023622 0.4921259842519685 0.06496062992125984 0.005905511811023622
3 0.49606299212598426 0.4911417322834646 0.02952755905511811 0.005905511811023622
3 0.4812992125984252 0.4911417322834646 0.007874015748031496 0.21456692913385828
3 0.46161417322834647 0.5984251968503937 0.03740157480314961 0.005905511811023622
3 0.46161417322834647 0.3838582677165354 0.03740157480314961 0.005905511811023622
3 0.37696850393700787 0.5964566929133859 0.2263779527559055 0.005905511811023622
3 0.37696850393700787 0.3887795275590551 0.02952755905511811 0.005905511811023622
3 0.36220472440944884 0.4891732283464567 0.007874015748031496 0.20669291338582677
3 0.26968503937007876 0.452755905511811 0.007874015748031496 0.5078740157480315
3 0.2549212598425197 0.5118110236220472 0.007874015748031496 0.09055118110236221
3 0.18405511811023623 0.4498031496062992 0.007874015748031496 0.20866141732283464
3 0.16929133858267717 0.5531496062992126 0.03740157480314961 0.005905511811023622
3 0.16929133858267717 0.3464566929133858 0.03740157480314961 0.005905511811023622
3 0.10826771653543307 0.5964566929133859 0.1515748031496063 0.005905511811023622
3 0.08267716535433071 0.8415354330708661 0.007874015748031496 0.1377952755905512
3 0.0688976377952756 0.29429133858267714 0.015748031496062992 0.005905511811023622
3 0.0688976377952756 0.10137795275590551 0.015748031496062992 0.005905511811023622
3 0.8100393700787402 0.20570866141732283 0.007874015748031496 0.007874015748031496
6 0.5 0.40255905511811024 1 0.8051181102362205
6 0.49311023622047245 0.4005905511811024 0.9035433070866141 0.7696850393700787
6 0.48031496062992124 0.4005905511811024 0.8405511811023622 0.7519685039370079
6 0.46653543307086615 0.39960629921259844 0.7775590551181102 0.734251968503937
6 0.562007874015748 0.5226377952755905 0.49606299212598426 0.24606299212598426
6 0.562007874015748 0.3494094488188976 0.49606299212598426 0.24606299212598426
6 0.281496062992126 0.1171259842519685 0.11220472440944881 0.17125984251968504
6 0.656496062992126 0.4921259842519685 0.14960629921259844 0.5334645669291339
6 0.3986220472440945 0.4921259842519685 0.14960629921259844 0.5334645669291339
6 0.21161417322834647 0.4921259842519685 0.16338582677165353 0.5334645669291339