0 0.05078125 0.19140625 0.087890625 0.068359375
0 0.04296875 0.46875 0.07421875 0.17578125
0 0.033203125 0.787109375 0.052734375 0.068359375
0 0.94921875 0.099609375 0.05078125 0.05078125
2 0.3125 0.37109375 0.134765625 0.060546875
2 0.482421875 0.37109375 0.134765625 0.060546875
2 0.30859375 0.6484375 0.1640625 0.064453125
2 0.4814453125 0.6484375 0.1640625 0.064453125
2 0.78125 0.62890625 0.125 0.220703125
4 0.94921875 0.3203125 0.068359375 0.0859375
4 0.78125 0.5498046875 0.150390625 0.400390625
5 0.3955078125 0.19140625 0.2421875 0.064453125
5 0.677734375 0.2314453125 0.130859375 0.060546875
5 0.138671875 0.46875 0.087890625 0.064453125
5 0.396484375 0.51171875 0.185546875 0.060546875
5 0.283203125 0.787109375 0.134765625 0.060546875
5 0.416015625 0.787109375 0.09765625 0.060546875
5 0.416015625 0.9384765625 0.138671875 0.060546875
5 0.5751953125 0.8876953125 0.125 0.060546875
5 0.8037109375 0.8876953125 0.125 0.060546875
3 0.1396484375 0.19140625 0.08984375 0.0078125
3 0.080078125 0.46875 0.029296875 0.0078125
3 0.1826171875 0.46875 0.01171875 0.0078125
3 0.396484375 0.2236328125 0.005859375 0.05078125
3 0.396484375 0.248046875 0.150390625 0.0078125
3 0.3212890625 0.298828125 0.005859375 0.0390625
3 0.470703125 0.298828125 0.005859375 0.0390625
3 0.3125 0.40234375 0.005859375 0.029296875
3 0.482421875 0.40234375 0.005859375 0.029296875
3 0.3974609375 0.4169921875 0.17578125 0.0078125
3 0.3974609375 0.4482421875 0.005859375 0.064453125
3 0.396484375 0.5419921875 0.005859375 0.029296875
3 0.396484375 0.556640625 0.169921875 0.0078125
3 0.3115234375 0.5859375 0.005859375 0.037109375
3 0.48046875 0.5859375 0.005859375 0.037109375
3 0.564453125 0.6376953125 0.0390625 0.0078125
3 0.603515625 0.2314453125 0.017578125 0.0078125
3 0.78125 0.2412109375 0.005859375 0.26953125
3 0.923828125 0.115234375 0.05078125 0.0078125
3 0.94921875 0.3798828125 0.005859375 0.119140625
3 0.900390625 0.51171875 0.099609375 0.0078125
3 0.1220703125 0.787109375 0.126953125 0.0078125
3 0.416015625 0.818359375 0.005859375 0.060546875
3 0.56640625 0.9384765625 0.162109375 0.0078125
3 0.6474609375 0.818359375 0.005859375 0.240234375
6 0.5380859375 0.5 0.697265625 0.970703125
6 0.94921875 0.5 0.091796875 0.970703125
6 0.396484375 0.5048828125 0.384765625 0.765625
6 0.396484375 0.517578125 0.369140625 0.7109375
6 0.396484375 0.53125 0.35546875 0.654296875
6 0.2998046875 0.49609375 0.1640625 0.470703125
6 0.4921875 0.49609375 0.1640625 0.470703125
6 0.396484375 0.3623046875 0.337890625 0.1484375
6 0.396484375 0.625 0.337890625 0.1484375
6 0.94921875 0.2900390625 0.080078125 0.220703125
6 0.94921875 0.6298828125 0.080078125 0.419921875