0 0.8055555555555556 0.9186507936507936 0.08134920634920635 0.061507936507936505
1 0.8134920634920635 0.7172619047619048 0.19642857142857142 0.18055555555555555
2 0.8025793650793651 0.5505952380952381 0.0873015873015873 0.06547619047619048
2 0.8025793650793651 0.40476190476190477 0.0873015873015873 0.06547619047619048
2 0.6686507936507936 0.4771825396825397 0.0873015873015873 0.06547619047619048
5 0.4623015873015873 0.9186507936507936 0.08134920634920635 0.06547619047619048
4 0.4503968253968254 0.5942460317460317 0.08134920634920635 0.06547619047619048
4 0.4503968253968254 0.4444444444444444 0.08134920634920635 0.06547619047619048
2 0.7906746031746031 0.20337301587301587 0.06547619047619048 0.07142857142857142
2 0.6527777777777778 0.20337301587301587 0.06547619047619048 0.07142857142857142
2 0.44543650793650796 0.20337301587301587 0.06547619047619048 0.07142857142857142
2 0.23214285714285715 0.20337301587301587 0.06547619047619048 0.07142857142857142
3 0.6299603174603174 0.9761904761904762 0.32936507936507936 0.005952380952380952
3 0.7926587301587301 0.8204365079365079 0.005952380952380952 0.13690476190476192
3 0.48115079365079366 0.7142857142857143 0.625 0.005952380952380952
3 0.23214285714285715 0.4781746031746032 0.005952380952380952 0.4623015873015873
3 0.7142857142857143 0.5466269841269841 0.09126984126984126 0.005952380952380952
3 0.5515873015873016 0.6319444444444444 0.005952380952380952 0.1765873015873016
3 0.6865079365079365 0.5327380952380952 0.14682539682539683 0.005952380952380952
3 0.7787698412698413 0.4652777777777778 0.005952380952380952 0.057539682539682536
3 0.5009920634920635 0.5942460317460317 0.02976190476190476 0.005952380952380952
3 0.6130952380952381 0.4771825396825397 0.025793650793650792 0.005952380952380952
3 0.6071428571428571 0.4444444444444444 0.24404761904761904 0.005952380952380952
3 0.7926587301587301 0.3115079365079365 0.005952380952380952 0.12103174603174603
3 0.7291666666666666 0.31646825396825395 0.005952380952380952 0.1527777777777778
3 0.6567460317460317 0.31646825396825395 0.005952380952380952 0.1527777777777778
3 0.6299603174603174 0.31646825396825395 0.005952380952380952 0.1527777777777778
3 0.7093253968253969 0.3898809523809524 0.16666666666666666 0.005952380952380952
3 0.7787698412698413 0.35912698412698413 0.14682539682539683 0.005952380952380952
3 0.5853174603174603 0.2638888888888889 0.005952380952380952 0.12103174603174603
3 0.4652777777777778 0.3253968253968254 0.23809523809523808 0.005952380952380952
3 0.42658730158730157 0.3253968253968254 0.005952380952380952 0.16666666666666666
3 0.376984126984127 0.435515873015873 0.005952380952380952 0.31746031746031744
3 0.39186507936507936 0.5942460317460317 0.023809523809523808 0.005952380952380952
6 0.6567460317460317 0.5734126984126984 0.6349206349206349 0.4880952380952381
6 0.7648809523809523 0.4751984126984127 0.29365079365079366 0.25992063492063494
6 0.498015873015873 0.5079365079365079 0.21428571428571427 0.3373015873015873