0 0.181 0.044 0.07 0.088
0 0.466 0.037 0.18 0.074
0 0.791 0.026 0.07 0.052
0 0.088 0.964 0.052 0.052
2 0.366 0.312 0.062 0.138
2 0.366 0.486 0.062 0.138
2 0.65 0.308 0.066 0.168
2 0.65 0.485 0.066 0.168
2 0.63 0.792 0.226 0.128
4 0.314 0.964 0.088 0.07
4 0.549 0.792 0.41 0.154
5 0.182 0.397 0.066 0.248
5 0.223 0.686 0.062 0.134
5 0.466 0.134 0.066 0.09
5 0.51 0.398 0.062 0.19
5 0.792 0.282 0.062 0.138
5 0.792 0.418 0.062 0.1
5 0.947 0.418 0.062 0.142
5 0.895 0.581 0.062 0.128
5 0.895 0.815 0.062 0.128
3 0.182 0.135 0.008 0.092
3 0.466 0.074 0.008 0.03
3 0.466 0.179 0.008 0.012
3 0.215 0.398 0.052 0.006
3 0.24 0.398 0.008 0.154
3 0.292 0.321 0.04 0.006
3 0.292 0.474 0.04 0.006
3 0.398 0.312 0.03 0.006
3 0.398 0.486 0.03 0.006
3 0.413 0.399 0.008 0.18
3 0.445 0.399 0.066 0.006
3 0.541 0.398 0.03 0.006
3 0.556 0.398 0.008 0.174
3 0.586 0.311 0.038 0.006
3 0.586 0.484 0.038 0.006
3 0.639 0.57 0.008 0.04
3 0.223 0.61 0.008 0.018
3 0.233 0.792 0.276 0.006
3 0.104 0.938 0.008 0.052
3 0.375 0.964 0.122 0.006
3 0.51 0.914 0.008 0.102
3 0.792 0.117 0.008 0.13
3 0.824 0.418 0.062 0.006
3 0.947 0.572 0.008 0.166
3 0.824 0.655 0.246 0.006
6 0.498 0.543 0.994 0.714
6 0.497 0.958 0.994 0.084
6 0.503 0.398 0.784 0.394
6 0.516 0.398 0.728 0.378
6 0.53 0.398 0.67 0.364
6 0.494 0.299 0.482 0.168
6 0.494 0.496 0.482 0.168
6 0.357 0.398 0.152 0.346
6 0.626 0.398 0.152 0.346
6 0.283 0.961 0.226 0.078
6 0.631 0.961 0.43 0.078