0 0.06198347107438017 0.1921487603305785 0.0640495867768595 0.08471074380165289
1 0.27169421487603307 0.18388429752066116 0.18801652892561985 0.20454545454545456
2 0.4452479338842975 0.1952479338842975 0.06818181818181818 0.09090909090909091
2 0.5971074380165289 0.1952479338842975 0.06818181818181818 0.09090909090909091
2 0.5216942148760331 0.3347107438016529 0.06818181818181818 0.09090909090909091
5 0.06198347107438017 0.5495867768595041 0.06818181818181818 0.08471074380165289
4 0.39979338842975204 0.5619834710743802 0.06818181818181818 0.08471074380165289
4 0.5557851239669421 0.5619834710743802 0.06818181818181818 0.08471074380165289
2 0.8068181818181818 0.20764462809917356 0.0743801652892562 0.06818181818181818
2 0.8068181818181818 0.3512396694214876 0.0743801652892562 0.06818181818181818
2 0.8068181818181818 0.5671487603305785 0.0743801652892562 0.06818181818181818
2 0.8068181818181818 0.7892561983471075 0.0743801652892562 0.06818181818181818
3 0.002066115702479339 0.3739669421487603 0.004132231404958678 0.34297520661157027
3 0.16425619834710745 0.20557851239669422 0.14256198347107438 0.006198347107438017
3 0.27479338842975204 0.5299586776859504 0.006198347107438017 0.6508264462809917
3 0.5206611570247934 0.7892561983471075 0.48140495867768596 0.006198347107438017
3 0.4493801652892562 0.2871900826446281 0.006198347107438017 0.09504132231404959
3 0.3605371900826446 0.45661157024793386 0.18388429752066116 0.006198347107438017
3 0.46384297520661155 0.31611570247933884 0.006198347107438017 0.15289256198347106
3 0.5340909090909091 0.22004132231404958 0.05991735537190083 0.006198347107438017
3 0.39979338842975204 0.5092975206611571 0.006198347107438017 0.030991735537190084
3 0.5216942148760331 0.3925619834710744 0.006198347107438017 0.026859504132231406
3 0.5557851239669421 0.3987603305785124 0.006198347107438017 0.25413223140495866
3 0.6942148760330579 0.20557851239669422 0.12603305785123967 0.006198347107438017
3 0.6890495867768595 0.27169421487603307 0.1590909090909091 0.006198347107438017
3 0.6890495867768595 0.34710743801652894 0.1590909090909091 0.006198347107438017
3 0.6890495867768595 0.375 0.1590909090909091 0.006198347107438017
3 0.612603305785124 0.29235537190082644 0.006198347107438017 0.17355371900826447
3 0.6446280991735537 0.22004132231404958 0.006198347107438017 0.15289256198347106
3 0.743801652892562 0.4214876033057851 0.12603305785123967 0.006198347107438017
3 0.6797520661157025 0.5464876033057852 0.006198347107438017 0.24793388429752067
3 0.6797520661157025 0.5867768595041323 0.17355371900826447 0.006198347107438017
3 0.5650826446280992 0.6384297520661157 0.3305785123966942 0.006198347107438017
3 0.39979338842975204 0.6229338842975206 0.006198347107438017 0.024793388429752067
6 0.4214876033057851 0.34710743801652894 0.5082644628099173 0.6611570247933884
6 0.5237603305785123 0.23450413223140495 0.2706611570247934 0.30578512396694213
6 0.4896694214876033 0.512396694214876 0.3512396694214876 0.2231404958677686