0 0.15059055118110237 0.9498031496062992 0.0688976377952756 0.10039370078740158
0 0.4862204724409449 0.9586614173228346 0.17716535433070865 0.08267716535433071
0 0.9153543307086615 0.9389763779527559 0.0688976377952756 0.0610236220472441
2 0.3316929133858268 0.593503937007874 0.0610236220472441 0.15551181102362205
2 0.3316929133858268 0.3868110236220472 0.0610236220472441 0.15551181102362205
2 0.5915354330708661 0.59251968503937 0.06496062992125984 0.19291338582677164
2 0.5915354330708661 0.38779527559055116 0.06496062992125984 0.19291338582677164
2 0.7322834645669292 0.11515748031496063 0.0688976377952756 0.16338582677165353
4 0.780511811023622 0.594488188976378 0.07086614173228346 0.17519685039370078
4 0.780511811023622 0.3868110236220472 0.07086614173228346 0.17519685039370078
4 0.343503937007874 0.719488188976378 0.14960629921259844 0.0610236220472441
4 0.343503937007874 0.2559055118110236 0.14960629921259844 0.0610236220472441
4 0.6013779527559056 0.719488188976378 0.14960629921259844 0.0610236220472441
4 0.6013779527559056 0.2559055118110236 0.14960629921259844 0.0610236220472441
4 0.8061023622047244 0.719488188976378 0.12992125984251968 0.0610236220472441
4 0.8061023622047244 0.2559055118110236 0.12992125984251968 0.0610236220472441
4 0.968503937007874 0.4891732283464567 0.0610236220472441 0.14566929133858267
5 0.15059055118110237 0.4891732283464567 0.06496062992125984 0.281496062992126
5 0.18996062992125984 0.125 0.0610236220472441 0.14960629921259844
5 0.48720472440944884 0.8415354330708661 0.06496062992125984 0.10236220472440945
5 0.4734251968503937 0.4891732283464567 0.0610236220472441 0.2795275590551181
5 0.9173228346456693 0.6929133858267716 0.0610236220472441 0.15551181102362205
5 0.968503937007874 0.29232283464566927 0.0610236220472441 0.13976377952755906
5 0.968503937007874 0.09940944881889764 0.0610236220472441 0.12401574803149606
3 0.15059055118110237 0.764763779527559 0.007874015748031496 0.26968503937007876
3 0.48720472440944884 0.9173228346456693 0.007874015748031496 0.04921259842519685
3 0.21161417322834647 0.4891732283464567 0.05708661417322835 0.005905511811023622
3 0.24015748031496062 0.4891732283464567 0.007874015748031496 0.25984251968503935
3 0.26968503937007876 0.6190944881889764 0.0610236220472441 0.005905511811023622
3 0.26968503937007876 0.359251968503937 0.0610236220472441 0.005905511811023622
3 0.3631889763779528 0.593503937007874 0.02952755905511811 0.005905511811023622
3 0.3631889763779528 0.3868110236220472 0.02952755905511811 0.005905511811023622
3 0.3779527559055118 0.49015748031496065 0.007874015748031496 0.2125984251968504
3 0.4094488188976378 0.49015748031496065 0.06496062992125984 0.005905511811023622
3 0.5039370078740157 0.4891732283464567 0.02952755905511811 0.005905511811023622
3 0.5187007874015748 0.4891732283464567 0.007874015748031496 0.21456692913385828
3 0.5383858267716536 0.5964566929133859 0.03740157480314961 0.005905511811023622
3 0.5383858267716536 0.38188976377952755 0.03740157480314961 0.005905511811023622
3 0.6230314960629921 0.594488188976378 0.2263779527559055 0.005905511811023622
3 0.6230314960629921 0.3868110236220472 0.02952755905511811 0.005905511811023622
3 0.6377952755905512 0.48720472440944884 0.007874015748031496 0.20669291338582677
3 0.7303149606299213 0.4507874015748031 0.007874015748031496 0.5078740157480315
3 0.7450787401574803 0.5098425196850394 0.007874015748031496 0.09055118110236221
3 0.8159448818897638 0.4478346456692913 0.007874015748031496 0.20866141732283464
3 0.8307086614173228 0.5511811023622047 0.03740157480314961 0.005905511811023622
3 0.8307086614173228 0.34448818897637795 0.03740157480314961 0.005905511811023622
3 0.8917322834645669 0.594488188976378 0.1515748031496063 0.005905511811023622
3 0.9173228346456693 0.8395669291338582 0.007874015748031496 0.1377952755905512
3 0.9311023622047244 0.29232283464566927 0.015748031496062992 0.005905511811023622
3 0.9311023622047244 0.09940944881889764 0.015748031496062992 0.005905511811023622
3 0.18996062992125984 0.20374015748031496 0.007874015748031496 0.007874015748031496
6 0.5 0.4015748031496063 1 0.8031496062992126
6 0.5068897637795275 0.3986220472440945 0.9035433070866141 0.7696850393700787
6 0.5196850393700787 0.3986220472440945 0.8405511811023622 0.7519685039370079
6 0.5334645669291339 0.39763779527559057 0.7775590551181102 0.734251968503937
6 0.43799212598425197 0.5206692913385826 0.49606299212598426 0.24606299212598426
6 0.43799212598425197 0.34744094488188976 0.49606299212598426 0.24606299212598426
6 0.718503937007874 0.11515748031496063 0.11220472440944881 0.17125984251968504
6 0.343503937007874 0.49015748031496065 0.14960629921259844 0.5334645669291339
6 0.6013779527559056 0.49015748031496065 0.14960629921259844 0.5334645669291339
6 0.7883858267716536 0.49015748031496065 0.16338582677165353 0.5334645669291339