0 0.0389344262295082 0.18135245901639344 0.0778688524590164 0.07172131147540983
0 0.031762295081967214 0.4733606557377049 0.06352459016393443 0.18442622950819673
0 0.020491803278688523 0.8063524590163934 0.040983606557377046 0.07172131147540983
0 0.9743852459016393 0.0860655737704918 0.05122950819672131 0.05327868852459016
2 0.3073770491803279 0.3709016393442623 0.1413934426229508 0.06352459016393443
2 0.48565573770491804 0.3709016393442623 0.1413934426229508 0.06352459016393443
2 0.30327868852459017 0.6618852459016393 0.1721311475409836 0.06762295081967214
2 0.48463114754098363 0.6618852459016393 0.1721311475409836 0.06762295081967214
2 0.7991803278688525 0.6413934426229508 0.13114754098360656 0.23155737704918034
4 0.9692622950819673 0.3176229508196721 0.06147540983606557 0.09016393442622951
4 0.7991803278688525 0.5584016393442623 0.15778688524590165 0.42008196721311475
5 0.3944672131147541 0.18237704918032788 0.2540983606557377 0.06762295081967214
5 0.6905737704918032 0.22438524590163936 0.13729508196721313 0.06352459016393443
5 0.125 0.4733606557377049 0.09221311475409837 0.06762295081967214
5 0.39549180327868855 0.5184426229508197 0.19467213114754098 0.06352459016393443
5 0.2766393442622951 0.8073770491803278 0.1413934426229508 0.06352459016393443
5 0.41598360655737704 0.8073770491803278 0.10245901639344263 0.06352459016393443
5 0.41598360655737704 0.9661885245901639 0.14549180327868852 0.06352459016393443
5 0.5829918032786885 0.9129098360655737 0.13114754098360656 0.06352459016393443
5 0.8227459016393442 0.9129098360655737 0.13114754098360656 0.06352459016393443
3 0.1260245901639344 0.18237704918032788 0.0942622950819672 0.00819672131147541
3 0.06352459016393443 0.4733606557377049 0.030737704918032786 0.00819672131147541
3 0.1711065573770492 0.4733606557377049 0.012295081967213115 0.00819672131147541
3 0.39549180327868855 0.21618852459016394 0.006147540983606557 0.05327868852459016
3 0.39549180327868855 0.24180327868852458 0.15778688524590165 0.00819672131147541
3 0.3165983606557377 0.29508196721311475 0.006147540983606557 0.040983606557377046
3 0.4733606557377049 0.29508196721311475 0.006147540983606557 0.040983606557377046
3 0.3073770491803279 0.4036885245901639 0.006147540983606557 0.030737704918032786
3 0.48565573770491804 0.4036885245901639 0.006147540983606557 0.030737704918032786
3 0.39651639344262296 0.41905737704918034 0.18442622950819673 0.00819672131147541
3 0.39651639344262296 0.45184426229508196 0.006147540983606557 0.06762295081967214
3 0.39549180327868855 0.5502049180327869 0.006147540983606557 0.030737704918032786
3 0.39549180327868855 0.5655737704918032 0.17827868852459017 0.00819672131147541
3 0.30635245901639346 0.5963114754098361 0.006147540983606557 0.0389344262295082
3 0.48360655737704916 0.5963114754098361 0.006147540983606557 0.0389344262295082
3 0.5717213114754098 0.6506147540983607 0.040983606557377046 0.00819672131147541
3 0.6127049180327869 0.22438524590163936 0.018442622950819672 0.00819672131147541
3 0.7991803278688525 0.2346311475409836 0.006147540983606557 0.2827868852459016
3 0.9487704918032787 0.10245901639344263 0.05327868852459016 0.00819672131147541
3 0.9754098360655737 0.3801229508196721 0.006147540983606557 0.125
3 0.9241803278688525 0.5184426229508197 0.10450819672131148 0.00819672131147541
3 0.10758196721311475 0.8073770491803278 0.13319672131147542 0.00819672131147541
3 0.41598360655737704 0.8401639344262295 0.006147540983606557 0.06352459016393443
3 0.5737704918032787 0.9661885245901639 0.17008196721311475 0.00819672131147541
3 0.6588114754098361 0.8401639344262295 0.006147540983606557 0.2520491803278688
6 0.5440573770491803 0.5 0.7315573770491803 1
6 0.9631147540983607 0.5 0.07377049180327869 1
6 0.39549180327868855 0.5112704918032787 0.4036885245901639 0.8032786885245902
6 0.39549180327868855 0.5245901639344263 0.38729508196721313 0.7459016393442623
6 0.39549180327868855 0.5389344262295082 0.3729508196721312 0.6864754098360656
6 0.29405737704918034 0.5020491803278688 0.1721311475409836 0.49385245901639346
6 0.4959016393442623 0.5020491803278688 0.1721311475409836 0.49385245901639346
6 0.39549180327868855 0.36168032786885246 0.35450819672131145 0.1557377049180328
6 0.39549180327868855 0.6372950819672131 0.35450819672131145 0.1557377049180328
6 0.9661885245901639 0.2858606557377049 0.06762295081967214 0.23155737704918034
6 0.9661885245901639 0.6424180327868853 0.06762295081967214 0.4405737704918033