0 0.038865546218487396 0.19642857142857142 0.07773109243697479 0.07352941176470588
0 0.031512605042016806 0.4957983193277311 0.06302521008403361 0.18907563025210083
0 0.01995798319327731 0.8371848739495799 0.03991596638655462 0.07352941176470588
0 0.9852941176470589 0.09873949579831932 0.029411764705882353 0.0546218487394958
2 0.3130252100840336 0.3907563025210084 0.14495798319327732 0.06512605042016807
2 0.4957983193277311 0.3907563025210084 0.14495798319327732 0.06512605042016807
2 0.3088235294117647 0.6890756302521008 0.17647058823529413 0.06932773109243698
2 0.4947478991596639 0.6890756302521008 0.17647058823529413 0.06932773109243698
2 0.8172268907563025 0.6680672268907563 0.13445378151260504 0.23739495798319327
4 0.9800420168067226 0.33613445378151263 0.03991596638655462 0.09243697478991597
4 0.8172268907563025 0.582983193277311 0.16176470588235295 0.43067226890756305
5 0.4023109243697479 0.19747899159663865 0.2605042016806723 0.06932773109243698
5 0.7058823529411765 0.24054621848739496 0.1407563025210084 0.06512605042016807
5 0.12605042016806722 0.4957983193277311 0.09453781512605042 0.06932773109243698
5 0.40336134453781514 0.542016806722689 0.19957983193277312 0.06512605042016807
5 0.2815126050420168 0.8382352941176471 0.14495798319327732 0.06512605042016807
5 0.42436974789915966 0.8382352941176471 0.10504201680672269 0.06512605042016807
5 0.42331932773109243 0.9842436974789915 0.14915966386554622 0.031512605042016806
5 0.5955882352941176 0.9464285714285714 0.13445378151260504 0.06512605042016807
5 0.8413865546218487 0.9464285714285714 0.13445378151260504 0.06512605042016807
3 0.12710084033613445 0.19747899159663865 0.09663865546218488 0.008403361344537815
3 0.06302521008403361 0.4957983193277311 0.031512605042016806 0.008403361344537815
3 0.17331932773109243 0.4957983193277311 0.012605042016806723 0.008403361344537815
3 0.40336134453781514 0.23214285714285715 0.0063025210084033615 0.0546218487394958
3 0.40336134453781514 0.25840336134453784 0.16176470588235295 0.008403361344537815
3 0.3224789915966387 0.3130252100840336 0.0063025210084033615 0.04201680672268908
3 0.4831932773109244 0.3130252100840336 0.0063025210084033615 0.04201680672268908
3 0.3130252100840336 0.42436974789915966 0.0063025210084033615 0.031512605042016806
3 0.4957983193277311 0.42436974789915966 0.0063025210084033615 0.031512605042016806
3 0.40441176470588236 0.44012605042016806 0.18907563025210083 0.008403361344537815
3 0.40441176470588236 0.4737394957983193 0.0063025210084033615 0.06932773109243698
3 0.40336134453781514 0.5745798319327731 0.0063025210084033615 0.031512605042016806
3 0.40336134453781514 0.5903361344537815 0.18277310924369747 0.008403361344537815
3 0.3119747899159664 0.6218487394957983 0.0063025210084033615 0.03991596638655462
3 0.49369747899159666 0.6218487394957983 0.0063025210084033615 0.03991596638655462
3 0.5840336134453782 0.6775210084033614 0.04201680672268908 0.008403361344537815
3 0.6260504201680672 0.24054621848739496 0.018907563025210083 0.008403361344537815
3 0.8172268907563025 0.2510504201680672 0.0063025210084033615 0.28991596638655465
3 0.9705882352941176 0.11554621848739496 0.0546218487394958 0.008403361344537815
3 0.9968487394957983 0.40021008403361347 0.0063025210084033615 0.12815126050420167
3 0.9453781512605042 0.542016806722689 0.10714285714285714 0.008403361344537815
3 0.10819327731092437 0.8382352941176471 0.13655462184873948 0.008403361344537815
3 0.42436974789915966 0.8718487394957983 0.0063025210084033615 0.06512605042016807
3 0.5850840336134454 0.9978991596638656 0.17436974789915966 0.004201680672268907
3 0.6733193277310925 0.8707983193277311 0.0063025210084033615 0.25840336134453784
6 0.555672268907563 0.5031512605042017 0.75 0.9936974789915967
6 0.9737394957983193 0.5031512605042017 0.052521008403361345 0.9936974789915967
6 0.40336134453781514 0.5346638655462185 0.41386554621848737 0.8235294117647058
6 0.40336134453781514 0.5483193277310925 0.39705882352941174 0.7647058823529411
6 0.40336134453781514 0.5630252100840336 0.38235294117647056 0.7037815126050421
6 0.29936974789915966 0.5252100840336135 0.17647058823529413 0.5063025210084033
6 0.5063025210084033 0.5252100840336135 0.17647058823529413 0.5063025210084033
6 0.40336134453781514 0.38130252100840334 0.3634453781512605 0.15966386554621848
6 0.40336134453781514 0.6638655462184874 0.3634453781512605 0.15966386554621848
6 0.976890756302521 0.30357142857142855 0.046218487394957986 0.23739495798319327
6 0.976890756302521 0.6691176470588235 0.046218487394957986 0.45168067226890757