0 0.0517578125 0.1513671875 0.103515625 0.068359375
0 0.04296875 0.4853515625 0.0859375 0.17578125
0 0.064453125 0.91015625 0.060546875 0.068359375
2 0.4072265625 0.3310546875 0.154296875 0.060546875
2 0.6123046875 0.3310546875 0.154296875 0.060546875
2 0.408203125 0.5888671875 0.19140625 0.064453125
2 0.611328125 0.5888671875 0.19140625 0.064453125
2 0.8818359375 0.728515625 0.162109375 0.068359375
4 0.40625 0.7763671875 0.173828125 0.0703125
4 0.6123046875 0.7763671875 0.173828125 0.0703125
4 0.2822265625 0.3427734375 0.060546875 0.1484375
4 0.7421875 0.3427734375 0.060546875 0.1484375
4 0.2822265625 0.5986328125 0.060546875 0.1484375
4 0.7421875 0.5986328125 0.060546875 0.1484375
4 0.2822265625 0.8017578125 0.060546875 0.12890625
4 0.7421875 0.8017578125 0.060546875 0.12890625
4 0.5107421875 0.962890625 0.14453125 0.060546875
5 0.5107421875 0.1513671875 0.279296875 0.064453125
5 0.8720703125 0.1904296875 0.1484375 0.060546875
5 0.1611328125 0.4853515625 0.1015625 0.064453125
5 0.5107421875 0.4716796875 0.27734375 0.060546875
5 0.30859375 0.912109375 0.154296875 0.060546875
5 0.7060546875 0.962890625 0.138671875 0.060546875
5 0.8974609375 0.962890625 0.123046875 0.060546875
3 0.2373046875 0.1513671875 0.267578125 0.0078125
3 0.0859375 0.4853515625 0.048828125 0.0078125
3 0.5107421875 0.2119140625 0.005859375 0.056640625
3 0.5107421875 0.240234375 0.2578125 0.0078125
3 0.3818359375 0.26953125 0.005859375 0.060546875
3 0.6396484375 0.26953125 0.005859375 0.060546875
3 0.4072265625 0.3623046875 0.005859375 0.029296875
3 0.6123046875 0.3623046875 0.005859375 0.029296875
3 0.509765625 0.376953125 0.2109375 0.0078125
3 0.509765625 0.408203125 0.005859375 0.064453125
3 0.5107421875 0.501953125 0.005859375 0.029296875
3 0.5107421875 0.5166015625 0.212890625 0.0078125
3 0.404296875 0.5361328125 0.005859375 0.037109375
3 0.6171875 0.5361328125 0.005859375 0.037109375
3 0.40625 0.6201171875 0.005859375 0.224609375
3 0.6123046875 0.6201171875 0.005859375 0.029296875
3 0.5126953125 0.634765625 0.205078125 0.0078125
3 0.548828125 0.7265625 0.50390625 0.0078125
3 0.490234375 0.7412109375 0.08984375 0.0078125
3 0.5517578125 0.8115234375 0.20703125 0.0078125
3 0.44921875 0.826171875 0.005859375 0.037109375
3 0.654296875 0.826171875 0.005859375 0.037109375
3 0.40625 0.88671875 0.005859375 0.150390625
3 0.00138671875 0.001732421875 0.0011835937499999998 0.000015625000000000014
3 0.1630859375 0.912109375 0.13671875 0.0078125
3 0.7060546875 0.92578125 0.005859375 0.015625
3 0.8974609375 0.92578125 0.005859375 0.015625
3 0.7939453125 0.1904296875 0.0078125 0.0078125
6 0.599609375 0.5 0.798828125 0.994140625
6 0.6005859375 0.5048828125 0.763671875 0.896484375
6 0.6005859375 0.517578125 0.74609375 0.833984375
6 0.6015625 0.53125 0.728515625 0.771484375
6 0.4794921875 0.4365234375 0.244140625 0.4921875
6 0.6513671875 0.4365234375 0.244140625 0.4921875
6 0.8818359375 0.71484375 0.169921875 0.111328125
6 0.509765625 0.3427734375 0.529296875 0.1484375
6 0.509765625 0.5986328125 0.529296875 0.1484375
6 0.509765625 0.7841796875 0.529296875 0.162109375