0 0.1984126984126984 0.9126984126984127 0.08134920634920635 0.061507936507936505
1 0.19047619047619047 0.7113095238095238 0.19642857142857142 0.18055555555555555
2 0.2013888888888889 0.5446428571428571 0.0873015873015873 0.06547619047619048
2 0.2013888888888889 0.39880952380952384 0.0873015873015873 0.06547619047619048
2 0.3353174603174603 0.4712301587301587 0.0873015873015873 0.06547619047619048
5 0.5416666666666666 0.9126984126984127 0.08134920634920635 0.06547619047619048
4 0.5535714285714286 0.5882936507936508 0.08134920634920635 0.06547619047619048
4 0.5535714285714286 0.4384920634920635 0.08134920634920635 0.06547619047619048
2 0.21329365079365079 0.1974206349206349 0.06547619047619048 0.07142857142857142
2 0.35119047619047616 0.1974206349206349 0.06547619047619048 0.07142857142857142
2 0.558531746031746 0.1974206349206349 0.06547619047619048 0.07142857142857142
2 0.7718253968253969 0.1974206349206349 0.06547619047619048 0.07142857142857142
3 0.3740079365079365 0.9702380952380952 0.32936507936507936 0.005952380952380952
3 0.2113095238095238 0.814484126984127 0.005952380952380952 0.13690476190476192
3 0.5228174603174603 0.7083333333333334 0.625 0.005952380952380952
3 0.7718253968253969 0.4722222222222222 0.005952380952380952 0.4623015873015873
3 0.2896825396825397 0.5406746031746031 0.09126984126984126 0.005952380952380952
3 0.4523809523809524 0.6259920634920635 0.005952380952380952 0.1765873015873016
3 0.31746031746031744 0.5267857142857143 0.14682539682539683 0.005952380952380952
3 0.2251984126984127 0.4593253968253968 0.005952380952380952 0.057539682539682536
3 0.5029761904761905 0.5882936507936508 0.02976190476190476 0.005952380952380952
3 0.39087301587301587 0.4712301587301587 0.025793650793650792 0.005952380952380952
3 0.3968253968253968 0.4384920634920635 0.24404761904761904 0.005952380952380952
3 0.2113095238095238 0.3055555555555556 0.005952380952380952 0.12103174603174603
3 0.2748015873015873 0.310515873015873 0.005952380952380952 0.1527777777777778
3 0.3472222222222222 0.310515873015873 0.005952380952380952 0.1527777777777778
3 0.3740079365079365 0.310515873015873 0.005952380952380952 0.1527777777777778
3 0.29464285714285715 0.38392857142857145 0.16666666666666666 0.005952380952380952
3 0.2251984126984127 0.3531746031746032 0.14682539682539683 0.005952380952380952
3 0.41865079365079366 0.25793650793650796 0.005952380952380952 0.12103174603174603
3 0.5386904761904762 0.3194444444444444 0.23809523809523808 0.005952380952380952
3 0.5773809523809523 0.3194444444444444 0.005952380952380952 0.16666666666666666
3 0.626984126984127 0.42956349206349204 0.005952380952380952 0.31746031746031744
3 0.6121031746031746 0.5882936507936508 0.023809523809523808 0.005952380952380952
6 0.3472222222222222 0.5674603174603174 0.6349206349206349 0.4880952380952381
6 0.2390873015873016 0.46924603174603174 0.29365079365079366 0.25992063492063494
6 0.5059523809523809 0.501984126984127 0.21428571428571427 0.3373015873015873