0 0.959 0.193 0.082 0.07
0 0.966 0.478 0.068 0.18
0 0.977 0.803 0.046 0.07
0 0.042 0.1 0.052 0.052
2 0.694 0.378 0.138 0.062
2 0.52 0.378 0.138 0.062
2 0.698 0.662 0.168 0.066
2 0.521 0.662 0.168 0.066
2 0.214 0.642 0.128 0.226
4 0.042 0.326 0.07 0.088
4 0.214 0.561 0.154 0.41
5 0.609 0.194 0.248 0.066
5 0.32 0.235 0.134 0.062
5 0.872 0.478 0.09 0.066
5 0.608 0.522 0.19 0.062
5 0.724 0.804 0.138 0.062
5 0.588 0.804 0.1 0.062
5 0.588 0.959 0.142 0.062
5 0.425 0.907 0.128 0.062
5 0.191 0.907 0.128 0.062
3 0.871 0.194 0.092 0.008
3 0.932 0.478 0.03 0.008
3 0.827 0.478 0.012 0.008
3 0.608 0.227 0.006 0.052
3 0.608 0.252 0.154 0.008
3 0.685 0.304 0.006 0.04
3 0.532 0.304 0.006 0.04
3 0.694 0.41 0.006 0.03
3 0.52 0.41 0.006 0.03
3 0.607 0.425 0.18 0.008
3 0.607 0.457 0.006 0.066
3 0.608 0.553 0.006 0.03
3 0.608 0.568 0.174 0.008
3 0.695 0.598 0.006 0.038
3 0.522 0.598 0.006 0.038
3 0.436 0.651 0.04 0.008
3 0.396 0.235 0.018 0.008
3 0.214 0.245 0.006 0.276
3 0.068 0.116 0.052 0.008
3 0.042 0.387 0.006 0.122
3 0.092 0.522 0.102 0.008
3 0.889 0.804 0.13 0.008
3 0.588 0.836 0.006 0.062
3 0.434 0.959 0.166 0.008
3 0.351 0.836 0.006 0.246
6 0.463 0.506 0.714 0.988
6 0.045 0.506 0.09 0.988
6 0.608 0.515 0.394 0.784
6 0.608 0.528 0.378 0.728
6 0.608 0.542 0.364 0.67
6 0.707 0.506 0.168 0.482
6 0.51 0.506 0.168 0.482
6 0.608 0.369 0.346 0.152
6 0.608 0.638 0.346 0.152
6 0.042 0.295 0.082 0.226
6 0.042 0.643 0.082 0.43