0 0.045454545454545456 0.19111570247933884 0.09090909090909091 0.07231404958677685
0 0.038223140495867766 0.4855371900826446 0.07644628099173553 0.1859504132231405
0 0.026859504132231406 0.8212809917355371 0.05371900826446281 0.07231404958677685
0 0.984504132231405 0.09504132231404959 0.030991735537190084 0.05371900826446281
2 0.32231404958677684 0.3822314049586777 0.14256198347107438 0.0640495867768595
2 0.5020661157024794 0.3822314049586777 0.14256198347107438 0.0640495867768595
2 0.3181818181818182 0.6756198347107438 0.17355371900826447 0.06818181818181818
2 0.5010330578512396 0.6756198347107438 0.17355371900826447 0.06818181818181818
2 0.8181818181818182 0.6549586776859504 0.1322314049586777 0.2334710743801653
4 0.9793388429752066 0.3285123966942149 0.04132231404958678 0.09090909090909091
4 0.8181818181818182 0.5712809917355371 0.1590909090909091 0.42355371900826444
5 0.41012396694214875 0.1921487603305785 0.256198347107438 0.06818181818181818
5 0.7086776859504132 0.23450413223140495 0.1384297520661157 0.0640495867768595
5 0.1384297520661157 0.4855371900826446 0.09297520661157024 0.06818181818181818
5 0.41115702479338845 0.53099173553719 0.1962809917355372 0.0640495867768595
5 0.29132231404958675 0.8223140495867769 0.14256198347107438 0.0640495867768595
5 0.4318181818181818 0.8223140495867769 0.10330578512396695 0.0640495867768595
5 0.43078512396694213 0.9752066115702479 0.14669421487603307 0.049586776859504134
5 0.6002066115702479 0.9287190082644629 0.1322314049586777 0.0640495867768595
5 0.8419421487603306 0.9287190082644629 0.1322314049586777 0.0640495867768595
3 0.13946280991735538 0.1921487603305785 0.09504132231404959 0.008264462809917356
3 0.07644628099173553 0.4855371900826446 0.030991735537190084 0.008264462809917356
3 0.18491735537190082 0.4855371900826446 0.012396694214876033 0.008264462809917356
3 0.41115702479338845 0.2262396694214876 0.006198347107438017 0.05371900826446281
3 0.41115702479338845 0.25206611570247933 0.1590909090909091 0.008264462809917356
3 0.33161157024793386 0.30578512396694213 0.006198347107438017 0.04132231404958678
3 0.4896694214876033 0.30578512396694213 0.006198347107438017 0.04132231404958678
3 0.32231404958677684 0.4152892561983471 0.006198347107438017 0.030991735537190084
3 0.5020661157024794 0.4152892561983471 0.006198347107438017 0.030991735537190084
3 0.4121900826446281 0.43078512396694213 0.1859504132231405 0.008264462809917356
3 0.4121900826446281 0.46384297520661155 0.006198347107438017 0.06818181818181818
3 0.41115702479338845 0.5630165289256198 0.006198347107438017 0.030991735537190084
3 0.41115702479338845 0.5785123966942148 0.1797520661157025 0.008264462809917356
3 0.3212809917355372 0.609504132231405 0.006198347107438017 0.03925619834710744
3 0.5 0.609504132231405 0.006198347107438017 0.03925619834710744
3 0.5888429752066116 0.6642561983471075 0.04132231404958678 0.008264462809917356
3 0.6301652892561983 0.23450413223140495 0.01859504132231405 0.008264462809917356
3 0.8181818181818182 0.24483471074380164 0.006198347107438017 0.28512396694214875
3 0.96900826446281 0.1115702479338843 0.05371900826446281 0.008264462809917356
3 0.9958677685950413 0.3915289256198347 0.006198347107438017 0.12603305785123967
3 0.9442148760330579 0.53099173553719 0.10537190082644628 0.008264462809917356
3 0.12086776859504132 0.8223140495867769 0.13429752066115702 0.008264462809917356
3 0.4318181818181818 0.8553719008264463 0.006198347107438017 0.0640495867768595
3 0.5909090909090909 0.9824380165289256 0.17148760330578514 0.008264462809917356
3 0.6766528925619835 0.8553719008264463 0.006198347107438017 0.25413223140495866
6 0.5609504132231405 0.5020661157024794 0.737603305785124 0.9958677685950413
6 0.9731404958677686 0.5020661157024794 0.05371900826446281 0.9958677685950413
6 0.41115702479338845 0.5237603305785123 0.40702479338842973 0.8099173553719008
6 0.41115702479338845 0.5371900826446281 0.390495867768595 0.7520661157024794
6 0.41115702479338845 0.5516528925619835 0.3760330578512397 0.6921487603305785
6 0.30888429752066116 0.5144628099173554 0.17355371900826447 0.49793388429752067
6 0.512396694214876 0.5144628099173554 0.17355371900826447 0.49793388429752067
6 0.41115702479338845 0.37293388429752067 0.3574380165289256 0.15702479338842976
6 0.41115702479338845 0.6508264462809917 0.3574380165289256 0.15702479338842976
6 0.9762396694214877 0.2964876033057851 0.047520661157024795 0.2334710743801653
6 0.9762396694214877 0.65599173553719 0.047520661157024795 0.44421487603305787