0 0.9306122448979591 0.17551020408163265 0.06326530612244897 0.0836734693877551
1 0.7234693877551021 0.1673469387755102 0.18571428571428572 0.20204081632653062
2 0.5520408163265306 0.17857142857142858 0.0673469387755102 0.08979591836734693
2 0.4020408163265306 0.17857142857142858 0.0673469387755102 0.08979591836734693
2 0.47653061224489796 0.3163265306122449 0.0673469387755102 0.08979591836734693
5 0.9306122448979591 0.5285714285714286 0.0673469387755102 0.0836734693877551
4 0.5969387755102041 0.5408163265306123 0.0673469387755102 0.0836734693877551
4 0.44285714285714284 0.5408163265306123 0.0673469387755102 0.0836734693877551
2 0.19489795918367347 0.19081632653061226 0.07346938775510205 0.0673469387755102
2 0.19489795918367347 0.3326530612244898 0.07346938775510205 0.0673469387755102
2 0.19489795918367347 0.5459183673469388 0.07346938775510205 0.0673469387755102
2 0.19489795918367347 0.7653061224489796 0.07346938775510205 0.0673469387755102
3 0.9897959183673469 0.35612244897959183 0.006122448979591836 0.33877551020408164
3 0.8295918367346938 0.18877551020408162 0.14081632653061224 0.006122448979591836
3 0.7204081632653061 0.5091836734693878 0.006122448979591836 0.6428571428571429
3 0.4775510204081633 0.7653061224489796 0.47551020408163264 0.006122448979591836
3 0.5479591836734694 0.2693877551020408 0.006122448979591836 0.09387755102040816
3 0.6357142857142857 0.43673469387755104 0.1816326530612245 0.006122448979591836
3 0.5336734693877551 0.2979591836734694 0.006122448979591836 0.1510204081632653
3 0.4642857142857143 0.2030612244897959 0.05918367346938776 0.006122448979591836
3 0.5969387755102041 0.4887755102040816 0.006122448979591836 0.030612244897959183
3 0.47653061224489796 0.373469387755102 0.006122448979591836 0.026530612244897958
3 0.44285714285714284 0.3795918367346939 0.006122448979591836 0.2510204081632653
3 0.30612244897959184 0.18877551020408162 0.12448979591836734 0.006122448979591836
3 0.3112244897959184 0.2540816326530612 0.15714285714285714 0.006122448979591836
3 0.3112244897959184 0.32857142857142857 0.15714285714285714 0.006122448979591836
3 0.3112244897959184 0.35612244897959183 0.15714285714285714 0.006122448979591836
3 0.386734693877551 0.27448979591836736 0.006122448979591836 0.17142857142857143
3 0.3551020408163265 0.2030612244897959 0.006122448979591836 0.1510204081632653
3 0.2571428571428571 0.4020408163265306 0.12448979591836734 0.006122448979591836
3 0.32040816326530613 0.5255102040816326 0.006122448979591836 0.24489795918367346
3 0.32040816326530613 0.5653061224489796 0.17142857142857143 0.006122448979591836
3 0.4336734693877551 0.6163265306122448 0.32653061224489793 0.006122448979591836
3 0.5969387755102041 0.6010204081632653 0.006122448979591836 0.024489795918367346
6 0.5755102040816327 0.32857142857142857 0.5020408163265306 0.6530612244897959
6 0.4744897959183674 0.2173469387755102 0.2673469387755102 0.3020408163265306
6 0.5081632653061224 0.49183673469387756 0.3469387755102041 0.22040816326530613