0 0.8639112903225806 0.04939516129032258 0.07056451612903226 0.09879032258064516
0 0.5201612903225806 0.04032258064516129 0.1814516129032258 0.08064516129032258
0 0.08064516129032258 0.05846774193548387 0.07056451612903226 0.0625
2 0.6784274193548387 0.4122983870967742 0.0625 0.1592741935483871
2 0.6784274193548387 0.623991935483871 0.0625 0.1592741935483871
2 0.4122983870967742 0.41330645161290325 0.06653225806451613 0.1975806451612903
2 0.4122983870967742 0.6229838709677419 0.06653225806451613 0.1975806451612903
2 0.26814516129032256 0.9022177419354839 0.07056451612903226 0.16733870967741934
4 0.21875 0.4112903225806452 0.07258064516129033 0.17943548387096775
4 0.21875 0.623991935483871 0.07258064516129033 0.17943548387096775
4 0.6663306451612904 0.28326612903225806 0.1532258064516129 0.0625
4 0.6663306451612904 0.7580645161290323 0.1532258064516129 0.0625
4 0.4022177419354839 0.28326612903225806 0.1532258064516129 0.0625
4 0.4022177419354839 0.7580645161290323 0.1532258064516129 0.0625
4 0.19254032258064516 0.28326612903225806 0.13306451612903225 0.0625
4 0.19254032258064516 0.7580645161290323 0.13306451612903225 0.0625
4 0.029233870967741934 0.5181451612903226 0.05846774193548387 0.14919354838709678
5 0.8639112903225806 0.5191532258064516 0.06653225806451613 0.28830645161290325
5 0.8235887096774194 0.8921370967741935 0.0625 0.1532258064516129
5 0.5191532258064516 0.15826612903225806 0.06653225806451613 0.10483870967741936
5 0.5332661290322581 0.5191532258064516 0.0625 0.2862903225806452
5 0.07862903225806452 0.31048387096774194 0.0625 0.1592741935483871
5 0.029233870967741934 0.7207661290322581 0.05846774193548387 0.1431451612903226
5 0.029233870967741934 0.9183467741935484 0.05846774193548387 0.12701612903225806
3 0.8639112903225806 0.2368951612903226 0.008064516129032258 0.2762096774193548
3 0.5191532258064516 0.08064516129032258 0.008064516129032258 0.05040322580645161
3 0.8014112903225806 0.5191532258064516 0.05846774193548387 0.006048387096774193
3 0.7721774193548387 0.5191532258064516 0.008064516129032258 0.2661290322580645
3 0.7419354838709677 0.3860887096774194 0.0625 0.006048387096774193
3 0.7419354838709677 0.6522177419354839 0.0625 0.006048387096774193
3 0.6461693548387096 0.4122983870967742 0.03024193548387097 0.006048387096774193
3 0.6461693548387096 0.623991935483871 0.03024193548387097 0.006048387096774193
3 0.6310483870967742 0.5181451612903226 0.008064516129032258 0.21774193548387097
3 0.5987903225806451 0.5181451612903226 0.06653225806451613 0.006048387096774193
3 0.5020161290322581 0.5191532258064516 0.03024193548387097 0.006048387096774193
3 0.48689516129032256 0.5191532258064516 0.008064516129032258 0.21975806451612903
3 0.46673387096774194 0.4092741935483871 0.038306451612903226 0.006048387096774193
3 0.46673387096774194 0.6290322580645161 0.038306451612903226 0.006048387096774193
3 0.3800403225806452 0.4112903225806452 0.2318548387096774 0.006048387096774193
3 0.3800403225806452 0.623991935483871 0.03024193548387097 0.006048387096774193
3 0.3649193548387097 0.5211693548387096 0.008064516129032258 0.21169354838709678
3 0.2701612903225806 0.5584677419354839 0.008064516129032258 0.5201612903225806
3 0.2550403225806452 0.49798387096774194 0.008064516129032258 0.09274193548387097
3 0.18245967741935484 0.561491935483871 0.008064516129032258 0.21370967741935484
3 0.16733870967741934 0.45564516129032256 0.038306451612903226 0.006048387096774193
3 0.16733870967741934 0.6673387096774194 0.038306451612903226 0.006048387096774193
3 0.10483870967741936 0.4112903225806452 0.15524193548387097 0.006048387096774193
3 0.07862903225806452 0.16028225806451613 0.008064516129032258 0.14112903225806453
3 0.06451612903225806 0.7207661290322581 0.016129032258064516 0.006048387096774193
3 0.06451612903225806 0.9183467741935484 0.016129032258064516 0.006048387096774193
3 0.8235887096774194 0.811491935483871 0.008064516129032258 0.008064516129032258
6 0.5 0.5987903225806451 1 0.8024193548387096
6 0.49899193548387094 0.6088709677419355 0.9254032258064516 0.782258064516129
6 0.48588709677419356 0.6118951612903226 0.8608870967741935 0.7701612903225806
6 0.4717741935483871 0.6129032258064516 0.7963709677419355 0.7520161290322581
6 0.5695564516129032 0.48689516129032256 0.5080645161290323 0.25201612903225806
6 0.5695564516129032 0.6643145161290323 0.5080645161290323 0.25201612903225806
6 0.28225806451612906 0.9022177419354839 0.11491935483870967 0.17540322580645162
6 0.6663306451612904 0.5181451612903226 0.1532258064516129 0.5463709677419355
6 0.4022177419354839 0.5181451612903226 0.1532258064516129 0.5463709677419355
6 0.21068548387096775 0.5181451612903226 0.16733870967741934 0.5463709677419355