0 0.9090909090909091 0.20041322314049587 0.0640495867768595 0.08471074380165289
1 0.6993801652892562 0.1921487603305785 0.18801652892561985 0.20454545454545456
2 0.5258264462809917 0.20351239669421486 0.06818181818181818 0.09090909090909091
2 0.3739669421487603 0.20351239669421486 0.06818181818181818 0.09090909090909091
2 0.4493801652892562 0.34297520661157027 0.06818181818181818 0.09090909090909091
5 0.9090909090909091 0.5578512396694215 0.06818181818181818 0.08471074380165289
4 0.5712809917355371 0.5702479338842975 0.06818181818181818 0.08471074380165289
4 0.4152892561983471 0.5702479338842975 0.06818181818181818 0.08471074380165289
2 0.16425619834710745 0.2159090909090909 0.0743801652892562 0.06818181818181818
2 0.16425619834710745 0.359504132231405 0.0743801652892562 0.06818181818181818
2 0.16425619834710745 0.5754132231404959 0.0743801652892562 0.06818181818181818
2 0.16425619834710745 0.7975206611570248 0.0743801652892562 0.06818181818181818
3 0.96900826446281 0.38326446280991733 0.006198347107438017 0.34297520661157027
3 0.8068181818181818 0.21384297520661158 0.14256198347107438 0.006198347107438017
3 0.6962809917355371 0.5382231404958677 0.006198347107438017 0.6508264462809917
3 0.45041322314049587 0.7975206611570248 0.48140495867768596 0.006198347107438017
3 0.5216942148760331 0.29545454545454547 0.006198347107438017 0.09504132231404959
3 0.6105371900826446 0.46487603305785125 0.18388429752066116 0.006198347107438017
3 0.5072314049586777 0.3243801652892562 0.006198347107438017 0.15289256198347106
3 0.4369834710743802 0.22830578512396693 0.05991735537190083 0.006198347107438017
3 0.5712809917355371 0.5175619834710744 0.006198347107438017 0.030991735537190084
3 0.4493801652892562 0.40082644628099173 0.006198347107438017 0.026859504132231406
3 0.4152892561983471 0.40702479338842973 0.006198347107438017 0.25413223140495866
3 0.2768595041322314 0.21384297520661158 0.12603305785123967 0.006198347107438017
3 0.28202479338842973 0.2799586776859504 0.1590909090909091 0.006198347107438017
3 0.28202479338842973 0.35537190082644626 0.1590909090909091 0.006198347107438017
3 0.28202479338842973 0.38326446280991733 0.1590909090909091 0.006198347107438017
3 0.3584710743801653 0.3006198347107438 0.006198347107438017 0.17355371900826447
3 0.32644628099173556 0.22830578512396693 0.006198347107438017 0.15289256198347106
3 0.22727272727272727 0.4297520661157025 0.12603305785123967 0.006198347107438017
3 0.29132231404958675 0.5547520661157025 0.006198347107438017 0.24793388429752067
3 0.29132231404958675 0.5950413223140496 0.17355371900826447 0.006198347107438017
3 0.4059917355371901 0.6466942148760331 0.3305785123966942 0.006198347107438017
3 0.5712809917355371 0.631198347107438 0.006198347107438017 0.024793388429752067
6 0.5495867768595041 0.35537190082644626 0.5082644628099173 0.6611570247933884
6 0.44731404958677684 0.2427685950413223 0.2706611570247934 0.30578512396694213
6 0.48140495867768596 0.5206611570247934 0.3512396694214876 0.2231404958677686