0 0.17721518987341772 0.9324894514767933 0.08649789029535865 0.06540084388185655
1 0.16877637130801687 0.7183544303797469 0.2088607594936709 0.19198312236286919
2 0.18037974683544303 0.5411392405063291 0.09282700421940929 0.06962025316455696
2 0.18037974683544303 0.3860759493670886 0.09282700421940929 0.06962025316455696
2 0.3227848101265823 0.4630801687763713 0.09282700421940929 0.06962025316455696
5 0.5421940928270043 0.9324894514767933 0.08649789029535865 0.06962025316455696
4 0.5548523206751055 0.5875527426160337 0.08649789029535865 0.06962025316455696
4 0.5548523206751055 0.4282700421940928 0.08649789029535865 0.06962025316455696
2 0.1930379746835443 0.1719409282700422 0.06962025316455696 0.0759493670886076
2 0.339662447257384 0.1719409282700422 0.06962025316455696 0.0759493670886076
2 0.560126582278481 0.1719409282700422 0.06962025316455696 0.0759493670886076
2 0.7869198312236287 0.1719409282700422 0.06962025316455696 0.0759493670886076
3 0.3639240506329114 0.9936708860759493 0.350210970464135 0.006329113924050633
3 0.1909282700421941 0.8280590717299579 0.006329113924050633 0.14556962025316456
3 0.5221518987341772 0.7151898734177216 0.6645569620253164 0.006329113924050633
3 0.7869198312236287 0.4641350210970464 0.006329113924050633 0.49156118143459915
3 0.2742616033755274 0.5369198312236287 0.0970464135021097 0.006329113924050633
3 0.4472573839662447 0.6276371308016878 0.006329113924050633 0.1877637130801688
3 0.3037974683544304 0.5221518987341772 0.15611814345991562 0.006329113924050633
3 0.20569620253164558 0.45042194092827004 0.006329113924050633 0.06118143459915612
3 0.5010548523206751 0.5875527426160337 0.03164556962025317 0.006329113924050633
3 0.3818565400843882 0.4630801687763713 0.027426160337552744 0.006329113924050633
3 0.3881856540084388 0.4282700421940928 0.25949367088607594 0.006329113924050633
3 0.1909282700421941 0.2869198312236287 0.006329113924050633 0.12869198312236288
3 0.25843881856540085 0.2921940928270042 0.006329113924050633 0.16244725738396623
3 0.33544303797468356 0.2921940928270042 0.006329113924050633 0.16244725738396623
3 0.3639240506329114 0.2921940928270042 0.006329113924050633 0.16244725738396623
3 0.2795358649789029 0.370253164556962 0.17721518987341772 0.006329113924050633
3 0.20569620253164558 0.33755274261603374 0.15611814345991562 0.006329113924050633
3 0.41139240506329117 0.23628691983122363 0.006329113924050633 0.12869198312236288
3 0.5390295358649789 0.30168776371308015 0.25316455696202533 0.006329113924050633
3 0.580168776371308 0.30168776371308015 0.006329113924050633 0.17721518987341772
3 0.6329113924050633 0.41877637130801687 0.006329113924050633 0.33755274261603374
3 0.6170886075949367 0.5875527426160337 0.02531645569620253 0.006329113924050633
6 0.33649789029535865 0.5654008438818565 0.6729957805907173 0.5189873417721519
6 0.22046413502109705 0.4609704641350211 0.31223628691983124 0.27637130801687765
6 0.5042194092827004 0.4957805907172996 0.22784810126582278 0.35864978902953587