0 0.9207317073170732 0.1991869918699187 0.06300813008130081 0.08333333333333333
1 0.7144308943089431 0.1910569105691057 0.18495934959349594 0.20121951219512196
2 0.5436991869918699 0.20223577235772358 0.06707317073170732 0.08943089430894309
2 0.3943089430894309 0.20223577235772358 0.06707317073170732 0.08943089430894309
2 0.4684959349593496 0.3394308943089431 0.06707317073170732 0.08943089430894309
5 0.9207317073170732 0.5508130081300813 0.06707317073170732 0.08333333333333333
4 0.5884146341463414 0.5630081300813008 0.06707317073170732 0.08333333333333333
4 0.4349593495934959 0.5630081300813008 0.06707317073170732 0.08333333333333333
2 0.18800813008130082 0.21443089430894308 0.07317073170731707 0.06707317073170732
2 0.18800813008130082 0.3556910569105691 0.07317073170731707 0.06707317073170732
2 0.18800813008130082 0.568089430894309 0.07317073170731707 0.06707317073170732
2 0.18800813008130082 0.7865853658536586 0.07317073170731707 0.06707317073170732
3 0.9796747967479674 0.3790650406504065 0.006097560975609756 0.33739837398373984
3 0.8201219512195121 0.21239837398373984 0.1402439024390244 0.006097560975609756
3 0.7113821138211383 0.5315040650406504 0.006097560975609756 0.6402439024390244
3 0.4695121951219512 0.7865853658536586 0.4735772357723577 0.006097560975609756
3 0.5396341463414634 0.2926829268292683 0.006097560975609756 0.09349593495934959
3 0.6270325203252033 0.45934959349593496 0.18089430894308944 0.006097560975609756
3 0.5254065040650406 0.32113821138211385 0.006097560975609756 0.15040650406504066
3 0.4563008130081301 0.2266260162601626 0.05894308943089431 0.006097560975609756
3 0.5884146341463414 0.5111788617886179 0.006097560975609756 0.03048780487804878
3 0.4684959349593496 0.39634146341463417 0.006097560975609756 0.026422764227642278
3 0.4349593495934959 0.4024390243902439 0.006097560975609756 0.25
3 0.29878048780487804 0.21239837398373984 0.12398373983739837 0.006097560975609756
3 0.30386178861788615 0.2774390243902439 0.1565040650406504 0.006097560975609756
3 0.30386178861788615 0.3516260162601626 0.1565040650406504 0.006097560975609756
3 0.30386178861788615 0.3790650406504065 0.1565040650406504 0.006097560975609756
3 0.3790650406504065 0.29776422764227645 0.006097560975609756 0.17073170731707318
3 0.3475609756097561 0.2266260162601626 0.006097560975609756 0.15040650406504066
3 0.25 0.4247967479674797 0.12398373983739837 0.006097560975609756
3 0.3130081300813008 0.5477642276422764 0.006097560975609756 0.24390243902439024
3 0.3130081300813008 0.5873983739837398 0.17073170731707318 0.006097560975609756
3 0.4258130081300813 0.6382113821138211 0.3252032520325203 0.006097560975609756
3 0.5884146341463414 0.6229674796747967 0.006097560975609756 0.024390243902439025
6 0.5670731707317073 0.3516260162601626 0.5 0.6504065040650406
6 0.46646341463414637 0.24085365853658536 0.266260162601626 0.3008130081300813
6 0.5 0.5142276422764228 0.34552845528455284 0.21951219512195122