0 0.043568464730290454 0.20228215767634855 0.08713692946058091 0.07261410788381743
0 0.03630705394190872 0.4979253112033195 0.07261410788381743 0.18672199170124482
0 0.024896265560165973 0.8350622406639004 0.04979253112033195 0.07261410788381743
0 0.9844398340248963 0.10580912863070539 0.03112033195020747 0.05394190871369295
2 0.31950207468879666 0.3941908713692946 0.14315352697095435 0.06431535269709543
2 0.5 0.3941908713692946 0.14315352697095435 0.06431535269709543
2 0.3153526970954357 0.6887966804979253 0.17427385892116182 0.06846473029045644
2 0.49896265560165975 0.6887966804979253 0.17427385892116182 0.06846473029045644
2 0.8174273858921162 0.6680497925311203 0.13278008298755187 0.23443983402489627
4 0.979253112033195 0.34024896265560167 0.04149377593360996 0.0912863070539419
4 0.8174273858921162 0.5840248962655602 0.15975103734439833 0.42531120331950206
5 0.40767634854771784 0.2033195020746888 0.2572614107883817 0.06846473029045644
5 0.7074688796680498 0.245850622406639 0.13900414937759337 0.06431535269709543
5 0.13485477178423236 0.4979253112033195 0.09336099585062241 0.06846473029045644
5 0.4087136929460581 0.5435684647302904 0.1970954356846473 0.06431535269709543
5 0.2883817427385892 0.8360995850622407 0.14315352697095435 0.06431535269709543
5 0.42946058091286304 0.8360995850622407 0.1037344398340249 0.06431535269709543
5 0.4284232365145228 0.9823651452282157 0.14730290456431536 0.035269709543568464
5 0.5985477178423236 0.9429460580912863 0.13278008298755187 0.06431535269709543
5 0.8412863070539419 0.9429460580912863 0.13278008298755187 0.06431535269709543
3 0.1358921161825726 0.2033195020746888 0.0954356846473029 0.008298755186721992
3 0.07261410788381743 0.4979253112033195 0.03112033195020747 0.008298755186721992
3 0.18153526970954356 0.4979253112033195 0.012448132780082987 0.008298755186721992
3 0.4087136929460581 0.237551867219917 0.006224066390041493 0.05394190871369295
3 0.4087136929460581 0.26348547717842324 0.15975103734439833 0.008298755186721992
3 0.3288381742738589 0.31742738589211617 0.006224066390041493 0.04149377593360996
3 0.487551867219917 0.31742738589211617 0.006224066390041493 0.04149377593360996
3 0.31950207468879666 0.42738589211618255 0.006224066390041493 0.03112033195020747
3 0.5 0.42738589211618255 0.006224066390041493 0.03112033195020747
3 0.40975103734439833 0.4429460580912863 0.18672199170124482 0.008298755186721992
3 0.40975103734439833 0.47614107883817425 0.006224066390041493 0.06846473029045644
3 0.4087136929460581 0.5757261410788381 0.006224066390041493 0.03112033195020747
3 0.4087136929460581 0.5912863070539419 0.18049792531120332 0.008298755186721992
3 0.3184647302904564 0.6224066390041494 0.006224066390041493 0.03941908713692946
3 0.4979253112033195 0.6224066390041494 0.006224066390041493 0.03941908713692946
3 0.5871369294605809 0.6773858921161826 0.04149377593360996 0.008298755186721992
3 0.6286307053941909 0.245850622406639 0.01867219917012448 0.008298755186721992
3 0.8174273858921162 0.25622406639004147 0.006224066390041493 0.2863070539419087
3 0.9688796680497925 0.12240663900414937 0.05394190871369295 0.008298755186721992
3 0.995850622406639 0.40352697095435686 0.006224066390041493 0.12655601659751037
3 0.9439834024896265 0.5435684647302904 0.10580912863070539 0.008298755186721992
3 0.11721991701244813 0.8360995850622407 0.13485477178423236 0.008298755186721992
3 0.42946058091286304 0.8692946058091287 0.006224066390041493 0.06431535269709543
3 0.5881742738589212 0.995850622406639 0.17219917012448133 0.008298755186721992
3 0.6753112033195021 0.8692946058091287 0.006224066390041493 0.2551867219917012
6 0.5591286307053942 0.5072614107883817 0.7406639004149378 0.9854771784232366
6 0.9730290456431535 0.5072614107883817 0.05394190871369295 0.9854771784232366
6 0.4087136929460581 0.5363070539419087 0.4087136929460581 0.8132780082987552
6 0.4087136929460581 0.549792531120332 0.3921161825726141 0.7551867219917012
6 0.4087136929460581 0.5643153526970954 0.3775933609958506 0.6950207468879668
6 0.30601659751037347 0.5269709543568465 0.17427385892116182 0.5
6 0.5103734439834025 0.5269709543568465 0.17427385892116182 0.5
6 0.4087136929460581 0.3848547717842324 0.35892116182572614 0.15767634854771784
6 0.4087136929460581 0.6639004149377593 0.35892116182572614 0.15767634854771784
6 0.9761410788381742 0.30809128630705396 0.04771784232365145 0.23443983402489627
6 0.9761410788381742 0.6690871369294605 0.04771784232365145 0.4460580912863071