0 0.087890625 0.205078125 0.060546875 0.080078125
1 0.2861328125 0.197265625 0.177734375 0.193359375
2 0.4501953125 0.2080078125 0.064453125 0.0859375
2 0.59375 0.2080078125 0.064453125 0.0859375
2 0.5224609375 0.33984375 0.064453125 0.0859375
5 0.087890625 0.54296875 0.064453125 0.080078125
4 0.4072265625 0.5546875 0.064453125 0.080078125
4 0.5546875 0.5546875 0.064453125 0.080078125
2 0.7919921875 0.2197265625 0.0703125 0.064453125
2 0.7919921875 0.35546875 0.0703125 0.064453125
2 0.7919921875 0.5595703125 0.0703125 0.064453125
2 0.7919921875 0.76953125 0.0703125 0.064453125
3 0.03125 0.3779296875 0.005859375 0.32421875
3 0.1845703125 0.2177734375 0.134765625 0.005859375
3 0.2890625 0.5244140625 0.005859375 0.615234375
3 0.521484375 0.76953125 0.455078125 0.005859375
3 0.4541015625 0.294921875 0.005859375 0.08984375
3 0.3701171875 0.455078125 0.173828125 0.005859375
3 0.4677734375 0.322265625 0.005859375 0.14453125
3 0.5341796875 0.2314453125 0.056640625 0.005859375
3 0.4072265625 0.5048828125 0.005859375 0.029296875
3 0.5224609375 0.39453125 0.005859375 0.025390625
3 0.5546875 0.400390625 0.005859375 0.240234375
3 0.685546875 0.2177734375 0.119140625 0.005859375
3 0.6806640625 0.2802734375 0.150390625 0.005859375
3 0.6806640625 0.3515625 0.150390625 0.005859375
3 0.6806640625 0.3779296875 0.150390625 0.005859375
3 0.6083984375 0.2998046875 0.005859375 0.1640625
3 0.638671875 0.2314453125 0.005859375 0.14453125
3 0.732421875 0.421875 0.119140625 0.005859375
3 0.671875 0.5400390625 0.005859375 0.234375
3 0.671875 0.578125 0.1640625 0.005859375
3 0.5634765625 0.626953125 0.3125 0.005859375
3 0.4072265625 0.6123046875 0.005859375 0.0234375
6 0.427734375 0.3515625 0.48046875 0.625
6 0.5244140625 0.2451171875 0.255859375 0.2890625
6 0.4921875 0.5078125 0.33203125 0.2109375