0 0.044 0.135 0.088 0.07
0 0.035 0.476 0.07 0.18
0 0.048 0.912 0.062 0.07
2 0.399 0.319 0.158 0.062
2 0.609 0.319 0.158 0.062
2 0.4 0.583 0.196 0.066
2 0.608 0.583 0.196 0.066
2 0.885 0.726 0.166 0.07
4 0.398 0.775 0.178 0.072
4 0.609 0.775 0.178 0.072
4 0.271 0.331 0.062 0.152
4 0.742 0.331 0.062 0.152
4 0.271 0.593 0.062 0.152
4 0.742 0.593 0.062 0.152
4 0.271 0.801 0.062 0.132
4 0.742 0.801 0.062 0.132
4 0.505 0.966 0.148 0.062
5 0.505 0.135 0.286 0.066
5 0.875 0.175 0.152 0.062
5 0.147 0.477 0.104 0.066
5 0.505 0.463 0.284 0.062
5 0.298 0.914 0.158 0.062
5 0.705 0.966 0.142 0.062
5 0.901 0.966 0.126 0.062
3 0.225 0.135 0.274 0.008
3 0.07 0.477 0.05 0.008
3 0.505 0.197 0.006 0.058
3 0.505 0.226 0.264 0.008
3 0.373 0.256 0.006 0.062
3 0.637 0.256 0.006 0.062
3 0.399 0.351 0.006 0.03
3 0.609 0.351 0.006 0.03
3 0.504 0.366 0.216 0.008
3 0.504 0.398 0.006 0.066
3 0.505 0.494 0.006 0.03
3 0.505 0.509 0.218 0.008
3 0.396 0.529 0.006 0.038
3 0.614 0.529 0.006 0.038
3 0.398 0.615 0.006 0.23
3 0.609 0.615 0.006 0.03
3 0.507 0.63 0.21 0.008
3 0.544 0.724 0.516 0.008
3 0.484 0.739 0.092 0.008
3 0.547 0.811 0.212 0.008
3 0.442 0.826 0.006 0.038
3 0.652 0.826 0.006 0.038
3 0.398 0.888 0.006 0.154
3 0.149 0.914 0.14 0.008
3 0.705 0.928 0.006 0.016
3 0.901 0.928 0.006 0.016
3 0.795 0.175 0.008 0.008
6 0.593 0.5 0.814 1
6 0.597 0.497 0.782 0.918
6 0.597 0.51 0.764 0.854
6 0.598 0.524 0.746 0.79
6 0.473 0.427 0.25 0.504
6 0.649 0.427 0.25 0.504
6 0.885 0.712 0.174 0.114
6 0.504 0.331 0.542 0.152
6 0.504 0.593 0.542 0.152
6 0.504 0.783 0.542 0.166