0 0.8353658536585366 0.9491869918699187 0.07113821138211382 0.09146341463414634
0 0.5467479674796748 0.9573170731707317 0.18292682926829268 0.07723577235772358
0 0.21544715447154472 0.967479674796748 0.07113821138211382 0.054878048780487805
0 0.9308943089430894 0.02032520325203252 0.052845528455284556 0.04065040650406504
2 0.6483739837398373 0.676829268292683 0.06300813008130081 0.1402439024390244
2 0.6483739837398373 0.5 0.06300813008130081 0.1402439024390244
2 0.3597560975609756 0.6808943089430894 0.06707317073170732 0.17073170731707318
2 0.3597560975609756 0.5010162601626016 0.06707317073170732 0.17073170731707318
2 0.3800813008130081 0.18902439024390244 0.22967479674796748 0.13008130081300814
4 0.7012195121951219 0.02540650406504065 0.08943089430894309 0.0508130081300813
4 0.46239837398373984 0.18902439024390244 0.4166666666666667 0.1565040650406504
5 0.8353658536585366 0.5904471544715447 0.06707317073170732 0.25203252032520324
5 0.7936991869918699 0.2967479674796748 0.06300813008130081 0.13617886178861788
5 0.5467479674796748 0.8577235772357723 0.06707317073170732 0.09146341463414634
5 0.5020325203252033 0.5894308943089431 0.06300813008130081 0.19308943089430894
5 0.21544715447154472 0.7073170731707317 0.06300813008130081 0.1402439024390244
5 0.21544715447154472 0.5691056910569106 0.06300813008130081 0.1016260162601626
5 0.057926829268292686 0.5691056910569106 0.06300813008130081 0.1443089430894309
5 0.11077235772357724 0.4034552845528455 0.06300813008130081 0.13008130081300814
5 0.11077235772357724 0.16565040650406504 0.06300813008130081 0.13008130081300814
3 0.8353658536585366 0.8567073170731707 0.008130081300813009 0.09349593495934959
3 0.5467479674796748 0.9186991869918699 0.008130081300813009 0.03048780487804878
3 0.5467479674796748 0.8119918699186992 0.008130081300813009 0.012195121951219513
3 0.801829268292683 0.5894308943089431 0.052845528455284556 0.006097560975609756
3 0.7764227642276422 0.5894308943089431 0.008130081300813009 0.1565040650406504
3 0.7235772357723578 0.6676829268292683 0.04065040650406504 0.006097560975609756
3 0.7235772357723578 0.5121951219512195 0.04065040650406504 0.006097560975609756
3 0.6158536585365854 0.676829268292683 0.03048780487804878 0.006097560975609756
3 0.6158536585365854 0.5 0.03048780487804878 0.006097560975609756
3 0.600609756097561 0.5884146341463414 0.008130081300813009 0.18292682926829268
3 0.568089430894309 0.5884146341463414 0.06707317073170732 0.006097560975609756
3 0.47052845528455284 0.5894308943089431 0.03048780487804878 0.006097560975609756
3 0.45528455284552843 0.5894308943089431 0.008130081300813009 0.17682926829268292
3 0.4247967479674797 0.6778455284552846 0.03861788617886179 0.006097560975609756
3 0.4247967479674797 0.5020325203252033 0.03861788617886179 0.006097560975609756
3 0.3709349593495935 0.4146341463414634 0.008130081300813009 0.04065040650406504
3 0.7936991869918699 0.37398373983739835 0.008130081300813009 0.018292682926829267
3 0.7835365853658537 0.18902439024390244 0.2804878048780488 0.006097560975609756
3 0.9146341463414634 0.04065040650406504 0.008130081300813009 0.052845528455284556
3 0.6392276422764228 0.014227642276422764 0.12398373983739837 0.006097560975609756
3 0.5020325203252033 0.06504065040650407 0.008130081300813009 0.10365853658536585
3 0.21544715447154472 0.875 0.008130081300813009 0.13211382113821138
3 0.18292682926829268 0.5691056910569106 0.06300813008130081 0.006097560975609756
3 0.057926829268292686 0.41260162601626016 0.008130081300813009 0.16869918699186992
3 0.18292682926829268 0.3282520325203252 0.25 0.006097560975609756
6 0.5050813008130082 0.4420731707317073 0.9898373983739838 0.725609756097561
6 0.5050813008130082 0.031504065040650404 0.9898373983739838 0.06300813008130081
6 0.5091463414634146 0.5894308943089431 0.7967479674796748 0.40040650406504064
6 0.4959349593495935 0.5894308943089431 0.7398373983739838 0.38414634146341464
6 0.4817073170731707 0.5894308943089431 0.6808943089430894 0.3699186991869919
6 0.5182926829268293 0.6900406504065041 0.4898373983739837 0.17073170731707318
6 0.5182926829268293 0.4898373983739837 0.4898373983739837 0.17073170731707318
6 0.657520325203252 0.5894308943089431 0.15447154471544716 0.3516260162601626
6 0.38414634146341464 0.5894308943089431 0.15447154471544716 0.3516260162601626
6 0.7327235772357723 0.028455284552845527 0.22967479674796748 0.056910569105691054
6 0.3790650406504065 0.028455284552845527 0.4369918699186992 0.056910569105691054