0 0.1875 0.07258064516129033 0.08266129032258064 0.0625
1 0.17943548387096775 0.2772177419354839 0.19959677419354838 0.18346774193548387
2 0.1905241935483871 0.4465725806451613 0.08870967741935484 0.06653225806451613
2 0.1905241935483871 0.594758064516129 0.08870967741935484 0.06653225806451613
2 0.32661290322580644 0.5211693548387096 0.08870967741935484 0.06653225806451613
5 0.5362903225806451 0.07258064516129033 0.08266129032258064 0.06653225806451613
4 0.5483870967741935 0.4022177419354839 0.08266129032258064 0.06653225806451613
4 0.5483870967741935 0.5544354838709677 0.08266129032258064 0.06653225806451613
2 0.20262096774193547 0.7993951612903226 0.06653225806451613 0.07258064516129033
2 0.34274193548387094 0.7993951612903226 0.06653225806451613 0.07258064516129033
2 0.5534274193548387 0.7993951612903226 0.06653225806451613 0.07258064516129033
2 0.7701612903225806 0.7993951612903226 0.06653225806451613 0.07258064516129033
3 0.3659274193548387 0.014112903225806451 0.3346774193548387 0.006048387096774193
3 0.2006048387096774 0.17237903225806453 0.006048387096774193 0.13911290322580644
3 0.5171370967741935 0.28024193548387094 0.6350806451612904 0.006048387096774193
3 0.7701612903225806 0.5201612903225806 0.006048387096774193 0.46975806451612906
3 0.28024193548387094 0.45060483870967744 0.09274193548387097 0.006048387096774193
3 0.44556451612903225 0.3639112903225806 0.006048387096774193 0.17943548387096775
3 0.3084677419354839 0.4647177419354839 0.14919354838709678 0.006048387096774193
3 0.21471774193548387 0.5332661290322581 0.006048387096774193 0.05846774193548387
3 0.4969758064516129 0.4022177419354839 0.03024193548387097 0.006048387096774193
3 0.38306451612903225 0.5211693548387096 0.02620967741935484 0.006048387096774193
3 0.38911290322580644 0.5544354838709677 0.24798387096774194 0.006048387096774193
3 0.2006048387096774 0.6895161290322581 0.006048387096774193 0.12298387096774194
3 0.2651209677419355 0.6844758064516129 0.006048387096774193 0.15524193548387097
3 0.3387096774193548 0.6844758064516129 0.006048387096774193 0.15524193548387097
3 0.3659274193548387 0.6844758064516129 0.006048387096774193 0.15524193548387097
3 0.2852822580645161 0.6098790322580645 0.1693548387096774 0.006048387096774193
3 0.21471774193548387 0.6411290322580645 0.14919354838709678 0.006048387096774193
3 0.4112903225806452 0.7379032258064516 0.006048387096774193 0.12298387096774194
3 0.5332661290322581 0.6754032258064516 0.24193548387096775 0.006048387096774193
3 0.5725806451612904 0.6754032258064516 0.006048387096774193 0.1693548387096774
3 0.6229838709677419 0.563508064516129 0.006048387096774193 0.3225806451612903
3 0.6078629032258065 0.4022177419354839 0.024193548387096774 0.006048387096774193
6 0.3387096774193548 0.42338709677419356 0.6451612903225806 0.4959677419354839
6 0.2288306451612903 0.5231854838709677 0.29838709677419356 0.26411290322580644
6 0.5 0.4899193548387097 0.21774193548387097 0.34274193548387094