0 0.04201680672268908 0.16281512605042017 0.08403361344537816 0.07352941176470588
0 0.03466386554621849 0.46218487394957986 0.06932773109243698 0.18907563025210083
0 0.023109243697478993 0.8035714285714286 0.046218487394957986 0.07352941176470588
0 0.9884453781512605 0.06512605042016807 0.023109243697478993 0.0546218487394958
2 0.31932773109243695 0.35714285714285715 0.14495798319327732 0.06512605042016807
2 0.5021008403361344 0.35714285714285715 0.14495798319327732 0.06512605042016807
2 0.31512605042016806 0.6554621848739496 0.17647058823529413 0.06932773109243698
2 0.5010504201680672 0.6554621848739496 0.17647058823529413 0.06932773109243698
2 0.8235294117647058 0.634453781512605 0.13445378151260504 0.23739495798319327
4 0.9831932773109243 0.3025210084033613 0.03361344537815126 0.09243697478991597
4 0.8235294117647058 0.5493697478991597 0.16176470588235295 0.43067226890756305
5 0.40861344537815125 0.1638655462184874 0.2605042016806723 0.06932773109243698
5 0.7121848739495799 0.20693277310924368 0.1407563025210084 0.06512605042016807
5 0.1323529411764706 0.46218487394957986 0.09453781512605042 0.06932773109243698
5 0.4096638655462185 0.5084033613445378 0.19957983193277312 0.06512605042016807
5 0.28781512605042014 0.8046218487394958 0.14495798319327732 0.06512605042016807
5 0.43067226890756305 0.8046218487394958 0.10504201680672269 0.06512605042016807
5 0.43067226890756305 0.967436974789916 0.14915966386554622 0.06512605042016807
5 0.601890756302521 0.9128151260504201 0.13445378151260504 0.06512605042016807
5 0.8476890756302521 0.9128151260504201 0.13445378151260504 0.06512605042016807
3 0.1334033613445378 0.1638655462184874 0.09663865546218488 0.008403361344537815
3 0.06932773109243698 0.46218487394957986 0.031512605042016806 0.008403361344537815
3 0.1796218487394958 0.46218487394957986 0.012605042016806723 0.008403361344537815
3 0.4096638655462185 0.19852941176470587 0.0063025210084033615 0.0546218487394958
3 0.4096638655462185 0.22478991596638656 0.16176470588235295 0.008403361344537815
3 0.328781512605042 0.27941176470588236 0.0063025210084033615 0.04201680672268908
3 0.4894957983193277 0.27941176470588236 0.0063025210084033615 0.04201680672268908
3 0.31932773109243695 0.3907563025210084 0.0063025210084033615 0.031512605042016806
3 0.5021008403361344 0.3907563025210084 0.0063025210084033615 0.031512605042016806
3 0.4107142857142857 0.4065126050420168 0.18907563025210083 0.008403361344537815
3 0.4107142857142857 0.44012605042016806 0.0063025210084033615 0.06932773109243698
3 0.4096638655462185 0.5409663865546218 0.0063025210084033615 0.031512605042016806
3 0.4096638655462185 0.5567226890756303 0.18277310924369747 0.008403361344537815
3 0.3182773109243697 0.5882352941176471 0.0063025210084033615 0.03991596638655462
3 0.5 0.5882352941176471 0.0063025210084033615 0.03991596638655462
3 0.5903361344537815 0.6439075630252101 0.04201680672268908 0.008403361344537815
3 0.6323529411764706 0.20693277310924368 0.018907563025210083 0.008403361344537815
3 0.8235294117647058 0.21743697478991597 0.0063025210084033615 0.28991596638655465
3 0.9747899159663865 0.0819327731092437 0.05042016806722689 0.008403361344537815
3 0.9485294117647058 0.5084033613445378 0.10294117647058823 0.008403361344537815
3 0.11449579831932773 0.8046218487394958 0.13655462184873948 0.008403361344537815
3 0.43067226890756305 0.8382352941176471 0.0063025210084033615 0.06512605042016807
3 0.592436974789916 0.967436974789916 0.17436974789915966 0.008403361344537815
3 0.6796218487394958 0.8382352941176471 0.0063025210084033615 0.25840336134453784
6 0.5619747899159664 0.5 0.75 1
6 0.976890756302521 0.5 0.046218487394957986 1
6 0.4096638655462185 0.5010504201680672 0.41386554621848737 0.8235294117647058
6 0.4096638655462185 0.5147058823529411 0.39705882352941174 0.7647058823529411
6 0.4096638655462185 0.5294117647058824 0.38235294117647056 0.7037815126050421
6 0.30567226890756305 0.49159663865546216 0.17647058823529413 0.5063025210084033
6 0.5126050420168067 0.49159663865546216 0.17647058823529413 0.5063025210084033
6 0.4096638655462185 0.3476890756302521 0.3634453781512605 0.15966386554621848
6 0.4096638655462185 0.6302521008403361 0.3634453781512605 0.15966386554621848
6 0.9800420168067226 0.2699579831932773 0.03991596638655462 0.23739495798319327
6 0.9800420168067226 0.6355042016806722 0.03991596638655462 0.45168067226890757