0 0.1275933609958506 0.9730290456431535 0.07261410788381743 0.05394190871369295
0 0.48132780082987553 0.9823651452282157 0.18672199170124482 0.035269709543568464
0 0.9325726141078838 0.9782157676348547 0.07261410788381743 0.043568464730290454
2 0.3184647302904564 0.6234439834024896 0.06431535269709543 0.16390041493775934
2 0.3184647302904564 0.40560165975103735 0.06431535269709543 0.16390041493775934
2 0.5923236514522822 0.6224066390041494 0.06846473029045644 0.2033195020746888
2 0.5923236514522822 0.4066390041493776 0.06846473029045644 0.2033195020746888
2 0.7406639004149378 0.11929460580912864 0.07261410788381743 0.17219917012448133
4 0.7914937759336099 0.6244813278008299 0.07468879668049792 0.18464730290456433
4 0.7914937759336099 0.40560165975103735 0.07468879668049792 0.18464730290456433
4 0.3309128630705394 0.7562240663900415 0.15767634854771784 0.06431535269709543
4 0.3309128630705394 0.2676348547717842 0.15767634854771784 0.06431535269709543
4 0.6026970954356846 0.7562240663900415 0.15767634854771784 0.06431535269709543
4 0.6026970954356846 0.2676348547717842 0.15767634854771784 0.06431535269709543
4 0.8184647302904564 0.7562240663900415 0.13692946058091288 0.06431535269709543
4 0.8184647302904564 0.2676348547717842 0.13692946058091288 0.06431535269709543
4 0.9782157676348547 0.5145228215767634 0.043568464730290454 0.15352697095435686
5 0.1275933609958506 0.5134854771784232 0.06846473029045644 0.2966804979253112
5 0.1690871369294606 0.12966804979253113 0.06431535269709543 0.15767634854771784
5 0.4823651452282158 0.8848547717842323 0.06846473029045644 0.1078838174273859
5 0.4678423236514523 0.5134854771784232 0.06431535269709543 0.2946058091286307
5 0.9356846473029046 0.7282157676348547 0.06431535269709543 0.16390041493775934
5 0.9782157676348547 0.30601659751037347 0.043568464730290454 0.14730290456431536
5 0.9782157676348547 0.10269709543568464 0.043568464730290454 0.13070539419087138
3 0.1275933609958506 0.803941908713693 0.008298755186721992 0.2842323651452282
3 0.4823651452282158 0.9647302904564315 0.008298755186721992 0.05186721991701245
3 0.19190871369294607 0.5134854771784232 0.06016597510373444 0.006224066390041493
3 0.22199170124481327 0.5134854771784232 0.008298755186721992 0.27385892116182575
3 0.25311203319502074 0.6504149377593361 0.06431535269709543 0.006224066390041493
3 0.25311203319502074 0.37655601659751037 0.06431535269709543 0.006224066390041493
3 0.3516597510373444 0.6234439834024896 0.03112033195020747 0.006224066390041493
3 0.3516597510373444 0.40560165975103735 0.03112033195020747 0.006224066390041493
3 0.36721991701244816 0.5145228215767634 0.008298755186721992 0.22406639004149378
3 0.4004149377593361 0.5145228215767634 0.06846473029045644 0.006224066390041493
3 0.5 0.5134854771784232 0.03112033195020747 0.006224066390041493
3 0.5155601659751037 0.5134854771784232 0.008298755186721992 0.22614107883817428
3 0.5363070539419087 0.6265560165975104 0.03941908713692946 0.006224066390041493
3 0.5363070539419087 0.4004149377593361 0.03941908713692946 0.006224066390041493
3 0.6255186721991701 0.6244813278008299 0.23858921161825727 0.006224066390041493
3 0.6255186721991701 0.40560165975103735 0.03112033195020747 0.006224066390041493
3 0.6410788381742739 0.5114107883817427 0.008298755186721992 0.21784232365145229
3 0.7385892116182573 0.4730290456431535 0.008298755186721992 0.5352697095435685
3 0.754149377593361 0.5352697095435685 0.008298755186721992 0.0954356846473029
3 0.828838174273859 0.4699170124481328 0.008298755186721992 0.21991701244813278
3 0.8443983402489627 0.578838174273859 0.03941908713692946 0.006224066390041493
3 0.8443983402489627 0.36099585062240663 0.03941908713692946 0.006224066390041493
3 0.9087136929460581 0.6244813278008299 0.15975103734439833 0.006224066390041493
3 0.9356846473029046 0.8827800829875518 0.008298755186721992 0.14522821576763487
3 0.950207468879668 0.30601659751037347 0.016597510373443983 0.006224066390041493
3 0.950207468879668 0.10269709543568464 0.016597510373443983 0.006224066390041493
3 0.1690871369294606 0.21265560165975103 0.008298755186721992 0.008298755186721992
6 0.5 0.4221991701244813 1 0.8443983402489627
6 0.5031120331950207 0.41804979253112035 0.9522821576763485 0.8112033195020747
6 0.516597510373444 0.41804979253112035 0.8858921161825726 0.7925311203319502
6 0.5311203319502075 0.4170124481327801 0.8195020746887967 0.7738589211618258
6 0.43049792531120334 0.5466804979253111 0.5228215767634855 0.25933609958506226
6 0.43049792531120334 0.36410788381742737 0.5228215767634855 0.25933609958506226
6 0.7261410788381742 0.11929460580912864 0.11825726141078838 0.18049792531120332
6 0.3309128630705394 0.5145228215767634 0.15767634854771784 0.5622406639004149
6 0.6026970954356846 0.5145228215767634 0.15767634854771784 0.5622406639004149
6 0.799792531120332 0.5145228215767634 0.17219917012448133 0.5622406639004149