0 0.029045643153526972 0.1545643153526971 0.058091286307053944 0.07261410788381743
0 0.01970954356846473 0.508298755186722 0.03941908713692946 0.18672199170124482
0 0.023858921161825725 0.9595435684647303 0.04771784232365145 0.07261410788381743
2 0.38070539419087135 0.3454356846473029 0.16390041493775934 0.06431535269709543
2 0.5985477178423236 0.3454356846473029 0.16390041493775934 0.06431535269709543
2 0.3817427385892116 0.6192946058091287 0.2033195020746888 0.06846473029045644
2 0.5975103734439834 0.6192946058091287 0.2033195020746888 0.06846473029045644
2 0.8848547717842323 0.7676348547717843 0.17219917012448133 0.07261410788381743
4 0.3796680497925311 0.8184647302904564 0.18464730290456433 0.07468879668049792
4 0.5985477178423236 0.8184647302904564 0.18464730290456433 0.07468879668049792
4 0.2479253112033195 0.3578838174273859 0.06431535269709543 0.15767634854771784
4 0.7365145228215768 0.3578838174273859 0.06431535269709543 0.15767634854771784
4 0.2479253112033195 0.6296680497925311 0.06431535269709543 0.15767634854771784
4 0.7365145228215768 0.6296680497925311 0.06431535269709543 0.15767634854771784
4 0.2479253112033195 0.8454356846473029 0.06431535269709543 0.13692946058091288
4 0.7365145228215768 0.8454356846473029 0.06431535269709543 0.13692946058091288
4 0.4896265560165975 0.991701244813278 0.15352697095435686 0.016597510373443983
5 0.49066390041493774 0.1545643153526971 0.2966804979253112 0.06846473029045644
5 0.8744813278008299 0.19605809128630705 0.15767634854771784 0.06431535269709543
5 0.11929460580912864 0.5093360995850622 0.1078838174273859 0.06846473029045644
5 0.49066390041493774 0.4948132780082988 0.2946058091286307 0.06431535269709543
5 0.27593360995850624 0.9626556016597511 0.16390041493775934 0.06431535269709543
5 0.6981327800829875 0.991701244813278 0.14730290456431536 0.016597510373443983
5 0.9014522821576764 0.991701244813278 0.13070539419087138 0.016597510373443983
3 0.20020746887966806 0.1545643153526971 0.2842323651452282 0.008298755186721992
3 0.03941908713692946 0.5093360995850622 0.05186721991701245 0.008298755186721992
3 0.49066390041493774 0.21887966804979253 0.006224066390041493 0.06016597510373444
3 0.49066390041493774 0.24896265560165975 0.27385892116182575 0.008298755186721992
3 0.3537344398340249 0.2800829875518672 0.006224066390041493 0.06431535269709543
3 0.6275933609958506 0.2800829875518672 0.006224066390041493 0.06431535269709543
3 0.38070539419087135 0.37863070539419086 0.006224066390041493 0.03112033195020747
3 0.5985477178423236 0.37863070539419086 0.006224066390041493 0.03112033195020747
3 0.4896265560165975 0.3941908713692946 0.22406639004149378 0.008298755186721992
3 0.4896265560165975 0.42738589211618255 0.006224066390041493 0.06846473029045644
3 0.49066390041493774 0.5269709543568465 0.006224066390041493 0.03112033195020747
3 0.49066390041493774 0.5425311203319502 0.22614107883817428 0.008298755186721992
3 0.3775933609958506 0.5632780082987552 0.006224066390041493 0.03941908713692946
3 0.6037344398340249 0.5632780082987552 0.006224066390041493 0.03941908713692946
3 0.3796680497925311 0.6524896265560166 0.006224066390041493 0.23858921161825727
3 0.5985477178423236 0.6524896265560166 0.006224066390041493 0.03112033195020747
3 0.4927385892116183 0.6680497925311203 0.21784232365145229 0.008298755186721992
3 0.5311203319502075 0.7655601659751037 0.5352697095435685 0.008298755186721992
3 0.46887966804979253 0.7811203319502075 0.0954356846473029 0.008298755186721992
3 0.5342323651452282 0.8558091286307054 0.21991701244813278 0.008298755186721992
3 0.42531120331950206 0.8713692946058091 0.006224066390041493 0.03941908713692946
3 0.6431535269709544 0.8713692946058091 0.006224066390041493 0.03941908713692946
3 0.37863070539419086 0.9273858921161826 0.006224066390041493 0.14522821576763487
3 0.12136929460580913 0.9626556016597511 0.14522821576763487 0.008298755186721992
3 0.6981327800829875 0.9771784232365145 0.006224066390041493 0.016597510373443983
3 0.9014522821576764 0.9771784232365145 0.006224066390041493 0.016597510373443983
3 0.7914937759336099 0.19605809128630705 0.008298755186721992 0.008298755186721992
6 0.5798755186721992 0.5 0.8402489626556017 1
6 0.5860995850622407 0.5269709543568465 0.8112033195020747 0.946058091286307
6 0.5860995850622407 0.5435684647302904 0.7925311203319502 0.8858921161825726
6 0.5871369294605809 0.558091286307054 0.7738589211618258 0.8195020746887967
6 0.4574688796680498 0.4574688796680498 0.25933609958506226 0.5228215767634855
6 0.6400414937759336 0.4574688796680498 0.25933609958506226 0.5228215767634855
6 0.8848547717842323 0.7531120331950207 0.18049792531120332 0.11825726141078838
6 0.4896265560165975 0.3578838174273859 0.5622406639004149 0.15767634854771784
6 0.4896265560165975 0.6296680497925311 0.5622406639004149 0.15767634854771784
6 0.4896265560165975 0.8267634854771784 0.5622406639004149 0.17219917012448133