0 0.20408163265306123 0.9163265306122449 0.0836734693877551 0.06326530612244897
1 0.19591836734693877 0.7091836734693877 0.20204081632653062 0.18571428571428572
2 0.20714285714285716 0.5377551020408163 0.08979591836734693 0.0673469387755102
2 0.20714285714285716 0.3877551020408163 0.08979591836734693 0.0673469387755102
2 0.3448979591836735 0.46224489795918366 0.08979591836734693 0.0673469387755102
5 0.5571428571428572 0.9163265306122449 0.0836734693877551 0.0673469387755102
4 0.5693877551020409 0.5826530612244898 0.0836734693877551 0.0673469387755102
4 0.5693877551020409 0.42857142857142855 0.0836734693877551 0.0673469387755102
2 0.2193877551020408 0.18061224489795918 0.0673469387755102 0.07346938775510205
2 0.36122448979591837 0.18061224489795918 0.0673469387755102 0.07346938775510205
2 0.5744897959183674 0.18061224489795918 0.0673469387755102 0.07346938775510205
2 0.7938775510204081 0.18061224489795918 0.0673469387755102 0.07346938775510205
3 0.3846938775510204 0.9755102040816327 0.33877551020408164 0.006122448979591836
3 0.2173469387755102 0.8153061224489796 0.006122448979591836 0.14081632653061224
3 0.5377551020408163 0.7061224489795919 0.6428571428571429 0.006122448979591836
3 0.7938775510204081 0.463265306122449 0.006122448979591836 0.47551020408163264
3 0.2979591836734694 0.5336734693877551 0.09387755102040816 0.006122448979591836
3 0.46530612244897956 0.6214285714285714 0.006122448979591836 0.1816326530612245
3 0.32653061224489793 0.5193877551020408 0.1510204081632653 0.006122448979591836
3 0.2316326530612245 0.45 0.006122448979591836 0.05918367346938776
3 0.5173469387755102 0.5826530612244898 0.030612244897959183 0.006122448979591836
3 0.4020408163265306 0.46224489795918366 0.026530612244897958 0.006122448979591836
3 0.40816326530612246 0.42857142857142855 0.2510204081632653 0.006122448979591836
3 0.2173469387755102 0.29183673469387755 0.006122448979591836 0.12448979591836734
3 0.2826530612244898 0.2969387755102041 0.006122448979591836 0.15714285714285714
3 0.35714285714285715 0.2969387755102041 0.006122448979591836 0.15714285714285714
3 0.3846938775510204 0.2969387755102041 0.006122448979591836 0.15714285714285714
3 0.30306122448979594 0.37244897959183676 0.17142857142857143 0.006122448979591836
3 0.2316326530612245 0.3408163265306122 0.1510204081632653 0.006122448979591836
3 0.4306122448979592 0.24285714285714285 0.006122448979591836 0.12448979591836734
3 0.5540816326530612 0.30612244897959184 0.24489795918367346 0.006122448979591836
3 0.5938775510204082 0.30612244897959184 0.006122448979591836 0.17142857142857143
3 0.6448979591836734 0.4193877551020408 0.006122448979591836 0.32653061224489793
3 0.6295918367346939 0.5826530612244898 0.024489795918367346 0.006122448979591836
6 0.35714285714285715 0.5612244897959183 0.6530612244897959 0.5020408163265306
6 0.24591836734693878 0.4602040816326531 0.3020408163265306 0.2673469387755102
6 0.5204081632653061 0.49387755102040815 0.22040816326530613 0.3469387755102041