0 0.853 0.949 0.07 0.102
0 0.512 0.958 0.18 0.084
0 0.076 0.938 0.07 0.062
2 0.669 0.587 0.062 0.158
2 0.669 0.377 0.062 0.158
2 0.405 0.586 0.066 0.196
2 0.405 0.378 0.066 0.196
2 0.262 0.101 0.07 0.166
4 0.213 0.588 0.072 0.178
4 0.213 0.377 0.072 0.178
4 0.657 0.715 0.152 0.062
4 0.657 0.244 0.152 0.062
4 0.395 0.715 0.152 0.062
4 0.395 0.244 0.152 0.062
4 0.187 0.715 0.132 0.062
4 0.187 0.244 0.132 0.062
4 0.027 0.482 0.054 0.148
5 0.853 0.481 0.066 0.286
5 0.813 0.111 0.062 0.152
5 0.511 0.839 0.066 0.104
5 0.525 0.481 0.062 0.284
5 0.074 0.688 0.062 0.158
5 0.027 0.281 0.054 0.142
5 0.027 0.085 0.054 0.126
3 0.853 0.761 0.008 0.274
3 0.511 0.916 0.008 0.05
3 0.791 0.481 0.058 0.006
3 0.762 0.481 0.008 0.264
3 0.732 0.613 0.062 0.006
3 0.732 0.349 0.062 0.006
3 0.637 0.587 0.03 0.006
3 0.637 0.377 0.03 0.006
3 0.622 0.482 0.008 0.216
3 0.59 0.482 0.066 0.006
3 0.494 0.481 0.03 0.006
3 0.479 0.481 0.008 0.218
3 0.459 0.59 0.038 0.006
3 0.459 0.372 0.038 0.006
3 0.373 0.588 0.23 0.006
3 0.373 0.377 0.03 0.006
3 0.358 0.479 0.008 0.21
3 0.264 0.442 0.008 0.516
3 0.249 0.502 0.008 0.092
3 0.177 0.439 0.008 0.212
3 0.162 0.544 0.038 0.006
3 0.162 0.334 0.038 0.006
3 0.1 0.588 0.154 0.006
3 0.074 0.837 0.008 0.14
3 0.06 0.281 0.016 0.006
3 0.06 0.085 0.016 0.006
3 0.813 0.191 0.008 0.008
6 0.5 0.4 1 0.8
6 0.491 0.39 0.918 0.78
6 0.478 0.389 0.854 0.764
6 0.464 0.388 0.79 0.746
6 0.561 0.513 0.504 0.25
6 0.561 0.337 0.504 0.25
6 0.276 0.101 0.114 0.174
6 0.657 0.482 0.152 0.542
6 0.395 0.482 0.152 0.542
6 0.205 0.482 0.166 0.542