0 0.20104166666666667 0.035416666666666666 0.07291666666666667 0.07083333333333333
0 0.4979166666666667 0.028125 0.1875 0.05625
0 0.8364583333333333 0.016666666666666666 0.07291666666666667 0.03333333333333333
0 0.10416666666666667 0.978125 0.05416666666666667 0.04375
2 0.39375 0.30416666666666664 0.06458333333333334 0.14375
2 0.39375 0.48541666666666666 0.06458333333333334 0.14375
2 0.6895833333333333 0.3 0.06875 0.175
2 0.6895833333333333 0.484375 0.06875 0.175
2 0.66875 0.8041666666666667 0.23541666666666666 0.13333333333333333
4 0.33958333333333335 0.9729166666666667 0.09166666666666666 0.05416666666666667
4 0.584375 0.8041666666666667 0.4270833333333333 0.16041666666666668
5 0.20208333333333334 0.3927083333333333 0.06875 0.25833333333333336
5 0.24479166666666666 0.69375 0.06458333333333334 0.13958333333333334
5 0.4979166666666667 0.11875 0.06875 0.09375
5 0.54375 0.39375 0.06458333333333334 0.19791666666666666
5 0.8375 0.27291666666666664 0.06458333333333334 0.14375
5 0.8375 0.41458333333333336 0.06458333333333334 0.10416666666666667
5 0.9833333333333333 0.41354166666666664 0.03333333333333333 0.14791666666666667
5 0.9447916666666667 0.584375 0.06458333333333334 0.13333333333333333
5 0.9447916666666667 0.828125 0.06458333333333334 0.13333333333333333
3 0.20208333333333334 0.11979166666666667 0.008333333333333333 0.09583333333333334
3 0.4979166666666667 0.05625 0.008333333333333333 0.03125
3 0.4979166666666667 0.165625 0.008333333333333333 0.0125
3 0.23645833333333333 0.39375 0.05416666666666667 0.00625
3 0.2625 0.39375 0.008333333333333333 0.16041666666666668
3 0.31666666666666665 0.31354166666666666 0.041666666666666664 0.00625
3 0.31666666666666665 0.47291666666666665 0.041666666666666664 0.00625
3 0.4270833333333333 0.30416666666666664 0.03125 0.00625
3 0.4270833333333333 0.48541666666666666 0.03125 0.00625
3 0.4427083333333333 0.39479166666666665 0.008333333333333333 0.1875
3 0.47604166666666664 0.39479166666666665 0.06875 0.00625
3 0.5760416666666667 0.39375 0.03125 0.00625
3 0.5916666666666667 0.39375 0.008333333333333333 0.18125
3 0.6229166666666667 0.303125 0.03958333333333333 0.00625
3 0.6229166666666667 0.48333333333333334 0.03958333333333333 0.00625
3 0.678125 0.5729166666666666 0.008333333333333333 0.041666666666666664
3 0.24479166666666666 0.6145833333333334 0.008333333333333333 0.01875
3 0.2552083333333333 0.8041666666666667 0.2875 0.00625
3 0.12083333333333333 0.95625 0.008333333333333333 0.05416666666666667
3 0.403125 0.9833333333333333 0.12708333333333333 0.00625
3 0.54375 0.93125 0.008333333333333333 0.10625
3 0.8375 0.10104166666666667 0.008333333333333333 0.13541666666666666
3 0.8708333333333333 0.41458333333333336 0.06458333333333334 0.00625
3 0.996875 0.5739583333333333 0.00625 0.17291666666666666
3 0.8708333333333333 0.6614583333333334 0.25625 0.00625
6 0.50625 0.5447916666666667 0.9875 0.74375
6 0.50625 0.9666666666666667 0.9875 0.06666666666666667
6 0.5364583333333334 0.39375 0.8166666666666667 0.41041666666666665
6 0.55 0.39375 0.7583333333333333 0.39375
6 0.5645833333333333 0.39375 0.6979166666666666 0.37916666666666665
6 0.5270833333333333 0.290625 0.5020833333333333 0.175
6 0.5270833333333333 0.49583333333333335 0.5020833333333333 0.175
6 0.384375 0.39375 0.15833333333333333 0.36041666666666666
6 0.6645833333333333 0.39375 0.15833333333333333 0.36041666666666666
6 0.3072916666666667 0.9697916666666667 0.23541666666666666 0.06041666666666667
6 0.6697916666666667 0.9697916666666667 0.4479166666666667 0.06041666666666667