6 0.5400390625 0.5 0.6953125 0.990234375
6 0.39794921875 0.47216796875 0.384765625 0.865234375
6 0.39794921875 0.490234375 0.3701171875 0.7724609375
6 0.30078125 0.4931640625 0.1650390625 0.474609375
6 0.494140625 0.4931640625 0.1650390625 0.474609375
6 0.39794921875 0.3720703125 0.349609375 0.1650390625
6 0.39794921875 0.625 0.349609375 0.1650390625
6 0.9501953125 0.5 0.08984375 0.98046875
6 0.7822265625 0.56494140625 0.1416015625 0.3798828125
6 0.78076171875 0.634765625 0.1298828125 0.23046875
6 0.9482421875 0.2880859375 0.08203125 0.2197265625
0 0.05078125 0.19189453125 0.087890625 0.0751953125
0 0.04296875 0.47021484375 0.080078125 0.2197265625
0 0.03076171875 0.78515625 0.0517578125 0.0751953125
5 0.13818359375 0.47021484375 0.087890625 0.115234375
1 0.39794921875 0.19189453125 0.275390625 0.0751953125
5 0.67822265625 0.23486328125 0.1318359375 0.0654296875
1 0.39794921875 0.5048828125 0.1845703125 0.0654296875
2 0.31103515625 0.3720703125 0.134765625 0.0751953125
2 0.48486328125 0.3720703125 0.134765625 0.0751953125
2 0.30810546875 0.64794921875 0.1650390625 0.0751953125
2 0.48193359375 0.64794921875 0.1650390625 0.0751953125
1 0.2822265625 0.7900390625 0.134765625 0.0654296875
5 0.4150390625 0.7900390625 0.1103515625 0.0654296875
1 0.5751953125 0.884765625 0.125 0.0654296875
1 0.4150390625 0.94189453125 0.1396484375 0.0654296875
2 0.7822265625 0.43994140625 0.134765625 0.1201171875
2 0.7822265625 0.634765625 0.125 0.23046875
5 0.9482421875 0.5078125 0.0283203125 0.0400390625
4 0.9482421875 0.31494140625 0.0517578125 0.0751953125
5 0.9482421875 0.76220703125 0.0283203125 0.0400390625
2 0.64794921875 0.76806640625 0.0283203125 0.0400390625
5 0.9482421875 0.115234375 0.0517578125 0.0751953125
3 0.10302734375 0.19189453125 0.10546875 0.0048828125
3 0.078125 0.47021484375 0.0048828125 0.0400390625
3 0.39794921875 0.251953125 0.0048828125 0.044921875
3 0.39794921875 0.42822265625 0.0048828125 0.0400390625
3 0.39794921875 0.5400390625 0.0048828125 0.0283203125
3 0.31103515625 0.41015625 0.0048828125 0.0146484375
3 0.48486328125 0.41015625 0.0048828125 0.0146484375
3 0.408203125 0.68505859375 0.0048828125 0.08984375
3 0.408203125 0.68505859375 0.16015625 0.0048828125
3 0.39794921875 0.43994140625 0.169921875 0.0048828125
3 0.4150390625 0.82177734375 0.0048828125 0.0498046875
3 0.5751953125 0.82177734375 0.0048828125 0.0546875
3 0.48486328125 0.94189453125 0.134765625 0.0048828125
3 0.64794921875 0.7880859375 0.0048828125 0.1552734375
3 0.087890625 0.78515625 0.115234375 0.0048828125
3 0.78076171875 0.2001953125 0.0048828125 0.169921875
3 0.78076171875 0.115234375 0.3349609375 0.0048828125
3 0.81201171875 0.5078125 0.134765625 0.0048828125
3 0.90185546875 0.56982421875 0.091796875 0.0048828125
3 0.9482421875 0.56982421875 0.0048828125 0.125
3 0.81201171875 0.76513671875 0.134765625 0.0048828125