0 0.8486328125 0.9482421875 0.068359375 0.103515625
0 0.5146484375 0.95703125 0.17578125 0.0859375
0 0.08984375 0.935546875 0.068359375 0.060546875
2 0.6689453125 0.5927734375 0.060546875 0.154296875
2 0.6689453125 0.3876953125 0.060546875 0.154296875
2 0.4111328125 0.591796875 0.064453125 0.19140625
2 0.4111328125 0.388671875 0.064453125 0.19140625
2 0.271484375 0.1181640625 0.068359375 0.162109375
4 0.2236328125 0.59375 0.0703125 0.173828125
4 0.2236328125 0.3876953125 0.0703125 0.173828125
4 0.6572265625 0.7177734375 0.1484375 0.060546875
4 0.6572265625 0.2578125 0.1484375 0.060546875
4 0.4013671875 0.7177734375 0.1484375 0.060546875
4 0.4013671875 0.2578125 0.1484375 0.060546875
4 0.1982421875 0.7177734375 0.12890625 0.060546875
4 0.1982421875 0.2578125 0.12890625 0.060546875
4 0.037109375 0.4892578125 0.060546875 0.14453125
5 0.8486328125 0.4892578125 0.064453125 0.279296875
5 0.8095703125 0.1279296875 0.060546875 0.1484375
5 0.5146484375 0.8388671875 0.064453125 0.1015625
5 0.5283203125 0.4892578125 0.060546875 0.27734375
5 0.087890625 0.69140625 0.060546875 0.154296875
5 0.037109375 0.2939453125 0.060546875 0.138671875
5 0.037109375 0.1025390625 0.060546875 0.123046875
3 0.8486328125 0.7626953125 0.0078125 0.267578125
3 0.5146484375 0.9140625 0.0078125 0.048828125
3 0.7880859375 0.4892578125 0.056640625 0.005859375
3 0.759765625 0.4892578125 0.0078125 0.2578125
3 0.73046875 0.6181640625 0.060546875 0.005859375
3 0.73046875 0.3603515625 0.060546875 0.005859375
3 0.6376953125 0.5927734375 0.029296875 0.005859375
3 0.6376953125 0.3876953125 0.029296875 0.005859375
3 0.623046875 0.490234375 0.0078125 0.2109375
3 0.591796875 0.490234375 0.064453125 0.005859375
3 0.498046875 0.4892578125 0.029296875 0.005859375
3 0.4833984375 0.4892578125 0.0078125 0.212890625
3 0.4638671875 0.595703125 0.037109375 0.005859375
3 0.4638671875 0.3828125 0.037109375 0.005859375
3 0.3798828125 0.59375 0.224609375 0.005859375
3 0.3798828125 0.3876953125 0.029296875 0.005859375
3 0.365234375 0.4873046875 0.0078125 0.205078125
3 0.2734375 0.451171875 0.0078125 0.50390625
3 0.2587890625 0.509765625 0.0078125 0.08984375
3 0.1884765625 0.4482421875 0.0078125 0.20703125
3 0.173828125 0.55078125 0.037109375 0.005859375
3 0.173828125 0.345703125 0.037109375 0.005859375
3 0.11328125 0.59375 0.150390625 0.005859375
3 0.087890625 0.8369140625 0.0078125 0.13671875
3 0.07421875 0.2939453125 0.015625 0.005859375
3 0.07421875 0.1025390625 0.015625 0.005859375
3 0.8095703125 0.2060546875 0.0078125 0.0078125
6 0.5 0.400390625 0.994140625 0.798828125
6 0.4951171875 0.3994140625 0.896484375 0.763671875
6 0.482421875 0.3994140625 0.833984375 0.74609375
6 0.46875 0.3984375 0.771484375 0.728515625
6 0.5634765625 0.5205078125 0.4921875 0.244140625
6 0.5634765625 0.3486328125 0.4921875 0.244140625
6 0.28515625 0.1181640625 0.111328125 0.169921875
6 0.6572265625 0.490234375 0.1484375 0.529296875
6 0.4013671875 0.490234375 0.1484375 0.529296875
6 0.2158203125 0.490234375 0.162109375 0.529296875