0 0.1466535433070866 0.05019685039370079 0.0688976377952756 0.10039370078740158
0 0.4822834645669291 0.04133858267716536 0.17716535433070865 0.08267716535433071
0 0.9114173228346457 0.0610236220472441 0.0688976377952756 0.0610236220472441
2 0.327755905511811 0.406496062992126 0.0610236220472441 0.15551181102362205
2 0.327755905511811 0.6131889763779528 0.0610236220472441 0.15551181102362205
2 0.5875984251968503 0.4074803149606299 0.06496062992125984 0.19291338582677164
2 0.5875984251968503 0.6122047244094488 0.06496062992125984 0.19291338582677164
2 0.7283464566929134 0.8848425196850394 0.0688976377952756 0.16338582677165353
4 0.7765748031496063 0.40551181102362205 0.07086614173228346 0.17519685039370078
4 0.7765748031496063 0.6131889763779528 0.07086614173228346 0.17519685039370078
4 0.3395669291338583 0.28051181102362205 0.14960629921259844 0.0610236220472441
4 0.3395669291338583 0.7440944881889764 0.14960629921259844 0.0610236220472441
4 0.5974409448818898 0.28051181102362205 0.14960629921259844 0.0610236220472441
4 0.5974409448818898 0.7440944881889764 0.14960629921259844 0.0610236220472441
4 0.8021653543307087 0.28051181102362205 0.12992125984251968 0.0610236220472441
4 0.8021653543307087 0.7440944881889764 0.12992125984251968 0.0610236220472441
4 0.9645669291338582 0.5108267716535433 0.0610236220472441 0.14566929133858267
5 0.1466535433070866 0.5108267716535433 0.06496062992125984 0.281496062992126
5 0.1860236220472441 0.875 0.0610236220472441 0.14960629921259844
5 0.48326771653543305 0.15846456692913385 0.06496062992125984 0.10236220472440945
5 0.46948818897637795 0.5108267716535433 0.0610236220472441 0.2795275590551181
5 0.9133858267716536 0.30708661417322836 0.0610236220472441 0.15551181102362205
5 0.9645669291338582 0.7076771653543307 0.0610236220472441 0.13976377952755906
5 0.9645669291338582 0.9005905511811023 0.0610236220472441 0.12401574803149606
3 0.1466535433070866 0.23523622047244094 0.007874015748031496 0.26968503937007876
3 0.48326771653543305 0.08267716535433071 0.007874015748031496 0.04921259842519685
3 0.2076771653543307 0.5108267716535433 0.05708661417322835 0.005905511811023622
3 0.23622047244094488 0.5108267716535433 0.007874015748031496 0.25984251968503935
3 0.265748031496063 0.3809055118110236 0.0610236220472441 0.005905511811023622
3 0.265748031496063 0.640748031496063 0.0610236220472441 0.005905511811023622
3 0.359251968503937 0.406496062992126 0.02952755905511811 0.005905511811023622
3 0.359251968503937 0.6131889763779528 0.02952755905511811 0.005905511811023622
3 0.37401574803149606 0.5098425196850394 0.007874015748031496 0.2125984251968504
3 0.40551181102362205 0.5098425196850394 0.06496062992125984 0.005905511811023622
3 0.5 0.5108267716535433 0.02952755905511811 0.005905511811023622
3 0.514763779527559 0.5108267716535433 0.007874015748031496 0.21456692913385828
3 0.5344488188976378 0.4035433070866142 0.03740157480314961 0.005905511811023622
3 0.5344488188976378 0.6181102362204725 0.03740157480314961 0.005905511811023622
3 0.6190944881889764 0.40551181102362205 0.2263779527559055 0.005905511811023622
3 0.6190944881889764 0.6131889763779528 0.02952755905511811 0.005905511811023622
3 0.6338582677165354 0.5127952755905512 0.007874015748031496 0.20669291338582677
3 0.7263779527559056 0.5492125984251969 0.007874015748031496 0.5078740157480315
3 0.7411417322834646 0.49015748031496065 0.007874015748031496 0.09055118110236221
3 0.812007874015748 0.5521653543307087 0.007874015748031496 0.20866141732283464
3 0.8267716535433071 0.44881889763779526 0.03740157480314961 0.005905511811023622
3 0.8267716535433071 0.655511811023622 0.03740157480314961 0.005905511811023622
3 0.8877952755905512 0.40551181102362205 0.1515748031496063 0.005905511811023622
3 0.9133858267716536 0.16043307086614172 0.007874015748031496 0.1377952755905512
3 0.9271653543307087 0.7076771653543307 0.015748031496062992 0.005905511811023622
3 0.9271653543307087 0.9005905511811023 0.015748031496062992 0.005905511811023622
3 0.1860236220472441 0.7962598425196851 0.007874015748031496 0.007874015748031496
6 0.49901574803149606 0.5984251968503937 0.9980314960629921 0.8031496062992126
6 0.5029527559055118 0.6013779527559056 0.9035433070866141 0.7696850393700787
6 0.515748031496063 0.6013779527559056 0.8405511811023622 0.7519685039370079
6 0.5295275590551181 0.6023622047244095 0.7775590551181102 0.734251968503937
6 0.4340551181102362 0.4793307086614173 0.49606299212598426 0.24606299212598426
6 0.4340551181102362 0.6525590551181102 0.49606299212598426 0.24606299212598426
6 0.7145669291338582 0.8848425196850394 0.11220472440944881 0.17125984251968504
6 0.3395669291338583 0.5098425196850394 0.14960629921259844 0.5334645669291339
6 0.5974409448818898 0.5098425196850394 0.14960629921259844 0.5334645669291339
6 0.7844488188976378 0.5098425196850394 0.16338582677165353 0.5334645669291339