0 0.8150406504065041 0.06910569105691057 0.08333333333333333 0.06300813008130081
1 0.823170731707317 0.27540650406504064 0.20121951219512196 0.18495934959349594
2 0.8119918699186992 0.44613821138211385 0.08943089430894309 0.06707317073170732
2 0.8119918699186992 0.5955284552845529 0.08943089430894309 0.06707317073170732
2 0.6747967479674797 0.5213414634146342 0.08943089430894309 0.06707317073170732
5 0.4634146341463415 0.06910569105691057 0.08333333333333333 0.06707317073170732
4 0.45121951219512196 0.4014227642276423 0.08333333333333333 0.06707317073170732
4 0.45121951219512196 0.5548780487804879 0.08333333333333333 0.06707317073170732
2 0.7997967479674797 0.801829268292683 0.06707317073170732 0.07317073170731707
2 0.6585365853658537 0.801829268292683 0.06707317073170732 0.07317073170731707
2 0.44613821138211385 0.801829268292683 0.06707317073170732 0.07317073170731707
2 0.22764227642276422 0.801829268292683 0.06707317073170732 0.07317073170731707
3 0.6351626016260162 0.01016260162601626 0.33739837398373984 0.006097560975609756
3 0.801829268292683 0.16971544715447154 0.006097560975609756 0.1402439024390244
3 0.48272357723577236 0.2784552845528455 0.6402439024390244 0.006097560975609756
3 0.22764227642276422 0.5203252032520326 0.006097560975609756 0.4735772357723577
3 0.7215447154471545 0.4502032520325203 0.09349593495934959 0.006097560975609756
3 0.5548780487804879 0.3628048780487805 0.006097560975609756 0.18089430894308944
3 0.693089430894309 0.4644308943089431 0.15040650406504066 0.006097560975609756
3 0.7876016260162602 0.5335365853658537 0.006097560975609756 0.05894308943089431
3 0.5030487804878049 0.4014227642276423 0.03048780487804878 0.006097560975609756
3 0.6178861788617886 0.5213414634146342 0.026422764227642278 0.006097560975609756
3 0.6117886178861789 0.5548780487804879 0.25 0.006097560975609756
3 0.801829268292683 0.6910569105691057 0.006097560975609756 0.12398373983739837
3 0.7367886178861789 0.6859756097560976 0.006097560975609756 0.1565040650406504
3 0.6626016260162602 0.6859756097560976 0.006097560975609756 0.1565040650406504
3 0.6351626016260162 0.6859756097560976 0.006097560975609756 0.1565040650406504
3 0.7164634146341463 0.6107723577235772 0.17073170731707318 0.006097560975609756
3 0.7876016260162602 0.6422764227642277 0.15040650406504066 0.006097560975609756
3 0.5894308943089431 0.7398373983739838 0.006097560975609756 0.12398373983739837
3 0.46646341463414637 0.676829268292683 0.24390243902439024 0.006097560975609756
3 0.4268292682926829 0.676829268292683 0.006097560975609756 0.17073170731707318
3 0.37601626016260165 0.5640243902439024 0.006097560975609756 0.3252032520325203
3 0.391260162601626 0.4014227642276423 0.024390243902439025 0.006097560975609756
6 0.6626016260162602 0.42276422764227645 0.6504065040650406 0.5
6 0.7733739837398373 0.5233739837398373 0.3008130081300813 0.266260162601626
6 0.5 0.4898373983739837 0.21951219512195122 0.34552845528455284