0 0.9523809523809523 0.15376984126984128 0.09523809523809523 0.06944444444444445
0 0.9613095238095238 0.49206349206349204 0.07738095238095238 0.17857142857142858
0 0.9444444444444444 0.9246031746031746 0.061507936507936505 0.06944444444444445
2 0.5962301587301587 0.33630952380952384 0.15674603174603174 0.061507936507936505
2 0.3878968253968254 0.33630952380952384 0.15674603174603174 0.061507936507936505
2 0.5952380952380952 0.5982142857142857 0.19444444444444445 0.06547619047619048
2 0.3888888888888889 0.5982142857142857 0.19444444444444445 0.06547619047619048
2 0.11408730158730158 0.7400793650793651 0.16468253968253968 0.06944444444444445
4 0.5972222222222222 0.7886904761904762 0.1765873015873016 0.07142857142857142
4 0.3878968253968254 0.7886904761904762 0.1765873015873016 0.07142857142857142
4 0.7232142857142857 0.3482142857142857 0.061507936507936505 0.15079365079365079
4 0.25595238095238093 0.3482142857142857 0.061507936507936505 0.15079365079365079
4 0.7232142857142857 0.6081349206349206 0.061507936507936505 0.15079365079365079
4 0.25595238095238093 0.6081349206349206 0.061507936507936505 0.15079365079365079
4 0.7232142857142857 0.814484126984127 0.061507936507936505 0.13095238095238096
4 0.25595238095238093 0.814484126984127 0.061507936507936505 0.13095238095238096
4 0.49206349206349204 0.9732142857142857 0.14682539682539683 0.05357142857142857
5 0.49107142857142855 0.15376984126984128 0.2837301587301587 0.06547619047619048
5 0.12400793650793651 0.19345238095238096 0.15079365079365079 0.061507936507936505
5 0.8462301587301587 0.4930555555555556 0.10317460317460317 0.06547619047619048
5 0.49107142857142855 0.4791666666666667 0.28174603174603174 0.061507936507936505
5 0.6964285714285714 0.9265873015873016 0.15674603174603174 0.061507936507936505
5 0.2926587301587302 0.9732142857142857 0.14087301587301587 0.05357142857142857
5 0.09821428571428571 0.9732142857142857 0.125 0.05357142857142857
3 0.7688492063492064 0.15376984126984128 0.2718253968253968 0.007936507936507936
3 0.9226190476190477 0.4930555555555556 0.0496031746031746 0.007936507936507936
3 0.49107142857142855 0.2152777777777778 0.005952380952380952 0.057539682539682536
3 0.49107142857142855 0.24404761904761904 0.2619047619047619 0.007936507936507936
3 0.6220238095238095 0.27380952380952384 0.005952380952380952 0.061507936507936505
3 0.3601190476190476 0.27380952380952384 0.005952380952380952 0.061507936507936505
3 0.5962301587301587 0.3680555555555556 0.005952380952380952 0.02976190476190476
3 0.3878968253968254 0.3680555555555556 0.005952380952380952 0.02976190476190476
3 0.49206349206349204 0.38293650793650796 0.21428571428571427 0.007936507936507936
3 0.49206349206349204 0.4146825396825397 0.005952380952380952 0.06547619047619048
3 0.49107142857142855 0.5099206349206349 0.005952380952380952 0.02976190476190476
3 0.49107142857142855 0.5248015873015873 0.21626984126984128 0.007936507936507936
3 0.5992063492063492 0.5446428571428571 0.005952380952380952 0.037698412698412696
3 0.38293650793650796 0.5446428571428571 0.005952380952380952 0.037698412698412696
3 0.5972222222222222 0.6299603174603174 0.005952380952380952 0.22817460317460317
3 0.3878968253968254 0.6299603174603174 0.005952380952380952 0.02976190476190476
3 0.48908730158730157 0.6448412698412699 0.20833333333333334 0.007936507936507936
3 0.4523809523809524 0.7380952380952381 0.5119047619047619 0.007936507936507936
3 0.5119047619047619 0.7529761904761905 0.09126984126984126 0.007936507936507936
3 0.4494047619047619 0.8244047619047619 0.21031746031746032 0.007936507936507936
3 0.5535714285714286 0.8392857142857143 0.005952380952380952 0.037698412698412696
3 0.34523809523809523 0.8392857142857143 0.005952380952380952 0.037698412698412696
3 0.5972222222222222 0.9007936507936508 0.005952380952380952 0.1527777777777778
3 0.8442460317460317 0.9265873015873016 0.1388888888888889 0.007936507936507936
3 0.2926587301587302 0.9404761904761905 0.005952380952380952 0.015873015873015872
3 0.09821428571428571 0.9404761904761905 0.005952380952380952 0.015873015873015872
3 0.20337301587301587 0.19345238095238096 0.007936507936507936 0.007936507936507936
6 0.4037698412698413 0.5009920634920635 0.8075396825396826 0.998015873015873
6 0.3998015873015873 0.5128968253968254 0.7757936507936508 0.9107142857142857
6 0.3998015873015873 0.5257936507936508 0.7579365079365079 0.8472222222222222
6 0.39880952380952384 0.5396825396825397 0.7400793650793651 0.7837301587301587
6 0.5228174603174603 0.44345238095238093 0.24801587301587302 0.5
6 0.3482142857142857 0.44345238095238093 0.24801587301587302 0.5
6 0.11408730158730158 0.7261904761904762 0.17261904761904762 0.1130952380952381
6 0.49206349206349204 0.3482142857142857 0.5376984126984127 0.15079365079365079
6 0.49206349206349204 0.6081349206349206 0.5376984126984127 0.15079365079365079
6 0.49206349206349204 0.7966269841269841 0.5376984126984127 0.16468253968253968