6 0.39990234375 0.5 0.7998046875 0.990234375
6 0.39501953125 0.5009765625 0.76953125 0.9296875
6 0.39013671875 0.501953125 0.75 0.865234375
6 0.62890625 0.28515625 0.2421875 0.2197265625
6 0.34912109375 0.28515625 0.2421875 0.2197265625
6 0.62890625 0.60498046875 0.2421875 0.2197265625
6 0.34912109375 0.60498046875 0.2421875 0.2197265625
6 0.490234375 0.341796875 0.5400390625 0.1552734375
6 0.490234375 0.59814453125 0.5400390625 0.1552734375
6 0.490234375 0.77978515625 0.5400390625 0.177734375
6 0.1181640625 0.7177734375 0.169921875 0.1103515625
0 0.94873046875 0.14990234375 0.1025390625 0.0751953125
0 0.95703125 0.48486328125 0.0859375 0.177734375
0 0.93505859375 0.91015625 0.0595703125 0.0751953125
5 0.8388671875 0.48486328125 0.1025390625 0.10546875
1 0.490234375 0.14990234375 0.2783203125 0.0654296875
5 0.126953125 0.18798828125 0.1484375 0.0615234375
1 0.490234375 0.47216796875 0.2783203125 0.0654296875
2 0.591796875 0.33203125 0.1552734375 0.0654296875
2 0.38720703125 0.33203125 0.1552734375 0.0654296875
2 0.591796875 0.587890625 0.1904296875 0.0654296875
2 0.38720703125 0.587890625 0.1904296875 0.0654296875
2 0.1181640625 0.72509765625 0.1552734375 0.0654296875
4 0.591796875 0.77587890625 0.1748046875 0.0654296875
4 0.38720703125 0.77587890625 0.1748046875 0.0654296875
1 0.69189453125 0.9150390625 0.158203125 0.0654296875
4 0.490234375 0.96484375 0.1435546875 0.0576171875
2 0.2900390625 0.96484375 0.1376953125 0.0576171875
2 0.091796875 0.96484375 0.1259765625 0.0576171875
4 0.7177734375 0.341796875 0.0576171875 0.115234375
4 0.26220703125 0.341796875 0.0576171875 0.115234375
4 0.7177734375 0.59814453125 0.0576171875 0.115234375
4 0.26220703125 0.59814453125 0.0576171875 0.115234375
4 0.7177734375 0.77978515625 0.0576171875 0.115234375
4 0.26220703125 0.77978515625 0.0576171875 0.115234375
3 0.89697265625 0.14990234375 0.1025390625 0.0048828125
3 0.9140625 0.48486328125 0.0048828125 0.0400390625
3 0.490234375 0.2080078125 0.0048828125 0.0517578125
3 0.490234375 0.39794921875 0.0048828125 0.0517578125
3 0.490234375 0.51220703125 0.0048828125 0.0283203125
3 0.591796875 0.365234375 0.0048828125 0.0146484375
3 0.38720703125 0.365234375 0.0048828125 0.0146484375
3 0.591796875 0.62109375 0.0048828125 0.08984375
3 0.38720703125 0.62109375 0.0048828125 0.0146484375
3 0.490234375 0.3798828125 0.205078125 0.0048828125
3 0.490234375 0.64794921875 0.205078125 0.0048828125
3 0.4482421875 0.81201171875 0.205078125 0.0048828125
3 0.591796875 0.841796875 0.0048828125 0.068359375
3 0.2900390625 0.93017578125 0.0048828125 0.0146484375
3 0.091796875 0.93017578125 0.0048828125 0.0146484375
3 0.8388671875 0.91015625 0.1298828125 0.0048828125
3 0.4638671875 0.72509765625 0.5361328125 0.0048828125