0 0.051829268292682924 0.12703252032520326 0.10365853658536585 0.07113821138211382
0 0.042682926829268296 0.4735772357723577 0.08536585365853659 0.18292682926829268
0 0.06300813008130081 0.9166666666666666 0.06300813008130081 0.07113821138211382
2 0.41971544715447157 0.31402439024390244 0.16056910569105692 0.06300813008130081
2 0.633130081300813 0.31402439024390244 0.16056910569105692 0.06300813008130081
2 0.42073170731707316 0.5823170731707317 0.1991869918699187 0.06707317073170732
2 0.6321138211382114 0.5823170731707317 0.1991869918699187 0.06707317073170732
2 0.9136178861788617 0.7276422764227642 0.16869918699186992 0.07113821138211382
4 0.4186991869918699 0.7774390243902439 0.18089430894308944 0.07317073170731707
4 0.633130081300813 0.7774390243902439 0.18089430894308944 0.07317073170731707
4 0.2896341463414634 0.32621951219512196 0.06300813008130081 0.15447154471544716
4 0.7682926829268293 0.32621951219512196 0.06300813008130081 0.15447154471544716
4 0.2896341463414634 0.592479674796748 0.06300813008130081 0.15447154471544716
4 0.7682926829268293 0.592479674796748 0.06300813008130081 0.15447154471544716
4 0.2896341463414634 0.8038617886178862 0.06300813008130081 0.13414634146341464
4 0.7682926829268293 0.8038617886178862 0.06300813008130081 0.13414634146341464
4 0.5264227642276422 0.9695121951219512 0.15040650406504066 0.06097560975609756
5 0.5274390243902439 0.12703252032520326 0.29065040650406504 0.06707317073170732
5 0.9034552845528455 0.1676829268292683 0.15447154471544716 0.06300813008130081
5 0.16361788617886178 0.47459349593495936 0.10569105691056911 0.06707317073170732
5 0.5274390243902439 0.4603658536585366 0.2886178861788618 0.06300813008130081
5 0.3170731707317073 0.9186991869918699 0.16056910569105692 0.06300813008130081
5 0.7306910569105691 0.9695121951219512 0.1443089430894309 0.06097560975609756
5 0.9298780487804879 0.9695121951219512 0.12804878048780488 0.06097560975609756
3 0.24288617886178862 0.12703252032520326 0.2784552845528455 0.008130081300813009
3 0.08536585365853659 0.47459349593495936 0.0508130081300813 0.008130081300813009
3 0.5274390243902439 0.19004065040650406 0.006097560975609756 0.05894308943089431
3 0.5274390243902439 0.21951219512195122 0.2682926829268293 0.008130081300813009
3 0.3932926829268293 0.25 0.006097560975609756 0.06300813008130081
3 0.6615853658536586 0.25 0.006097560975609756 0.06300813008130081
3 0.41971544715447157 0.3465447154471545 0.006097560975609756 0.03048780487804878
3 0.633130081300813 0.3465447154471545 0.006097560975609756 0.03048780487804878
3 0.5264227642276422 0.3617886178861789 0.21951219512195122 0.008130081300813009
3 0.5264227642276422 0.3943089430894309 0.006097560975609756 0.06707317073170732
3 0.5274390243902439 0.491869918699187 0.006097560975609756 0.03048780487804878
3 0.5274390243902439 0.5071138211382114 0.22154471544715448 0.008130081300813009
3 0.4166666666666667 0.5274390243902439 0.006097560975609756 0.03861788617886179
3 0.6382113821138211 0.5274390243902439 0.006097560975609756 0.03861788617886179
3 0.4186991869918699 0.6148373983739838 0.006097560975609756 0.23373983739837398
3 0.633130081300813 0.6148373983739838 0.006097560975609756 0.03048780487804878
3 0.5294715447154471 0.6300813008130082 0.21341463414634146 0.008130081300813009
3 0.5670731707317073 0.725609756097561 0.524390243902439 0.008130081300813009
3 0.5060975609756098 0.7408536585365854 0.09349593495934959 0.008130081300813009
3 0.5701219512195121 0.8140243902439024 0.21544715447154472 0.008130081300813009
3 0.4634146341463415 0.8292682926829268 0.006097560975609756 0.03861788617886179
3 0.676829268292683 0.8292682926829268 0.006097560975609756 0.03861788617886179
3 0.4186991869918699 0.8922764227642277 0.006097560975609756 0.1565040650406504
3 0.16565040650406504 0.9186991869918699 0.14227642276422764 0.008130081300813009
3 0.7306910569105691 0.9329268292682927 0.006097560975609756 0.016260162601626018
3 0.9298780487804879 0.9329268292682927 0.006097560975609756 0.016260162601626018
3 0.8221544715447154 0.1676829268292683 0.008130081300813009 0.008130081300813009
6 0.6016260162601627 0.5 0.7967479674796748 1
6 0.6117886178861789 0.4949186991869919 0.7764227642276422 0.9329268292682927
6 0.6158536585365854 0.5071138211382114 0.7682926829268293 0.8678861788617886
6 0.6209349593495935 0.5213414634146342 0.758130081300813 0.8028455284552846
6 0.4949186991869919 0.42378048780487804 0.2540650406504065 0.5121951219512195
6 0.6737804878048781 0.42378048780487804 0.2540650406504065 0.5121951219512195
6 0.9126016260162602 0.7123983739837398 0.17479674796747968 0.11585365853658537
6 0.5264227642276422 0.32621951219512196 0.5508130081300813 0.15447154471544716
6 0.5264227642276422 0.592479674796748 0.5508130081300813 0.15447154471544716
6 0.5264227642276422 0.7855691056910569 0.5508130081300813 0.16869918699186992