0 0.04564315352697095 0.18568464730290457 0.0912863070539419 0.07261410788381743
0 0.038381742738589214 0.48132780082987553 0.07676348547717843 0.18672199170124482
0 0.026970954356846474 0.8184647302904564 0.05394190871369295 0.07261410788381743
0 0.9865145228215768 0.08921161825726141 0.026970954356846474 0.05394190871369295
2 0.3236514522821577 0.3775933609958506 0.14315352697095435 0.06431535269709543
2 0.504149377593361 0.3775933609958506 0.14315352697095435 0.06431535269709543
2 0.31950207468879666 0.6721991701244814 0.17427385892116182 0.06846473029045644
2 0.5031120331950207 0.6721991701244814 0.17427385892116182 0.06846473029045644
2 0.8215767634854771 0.6514522821576764 0.13278008298755187 0.23443983402489627
4 0.9813278008298755 0.3236514522821577 0.03734439834024896 0.0912863070539419
4 0.8215767634854771 0.5674273858921162 0.15975103734439833 0.42531120331950206
5 0.4118257261410788 0.18672199170124482 0.2572614107883817 0.06846473029045644
5 0.7116182572614108 0.229253112033195 0.13900414937759337 0.06431535269709543
5 0.13900414937759337 0.48132780082987553 0.09336099585062241 0.06846473029045644
5 0.41286307053941906 0.5269709543568465 0.1970954356846473 0.06431535269709543
5 0.2925311203319502 0.8195020746887967 0.14315352697095435 0.06431535269709543
5 0.4336099585062241 0.8195020746887967 0.1037344398340249 0.06431535269709543
5 0.43257261410788383 0.9740663900414938 0.14730290456431536 0.05186721991701245
5 0.6026970954356846 0.9263485477178424 0.13278008298755187 0.06431535269709543
5 0.8454356846473029 0.9263485477178424 0.13278008298755187 0.06431535269709543
3 0.1400414937759336 0.18672199170124482 0.0954356846473029 0.008298755186721992
3 0.07676348547717843 0.48132780082987553 0.03112033195020747 0.008298755186721992
3 0.18568464730290457 0.48132780082987553 0.012448132780082987 0.008298755186721992
3 0.41286307053941906 0.22095435684647302 0.006224066390041493 0.05394190871369295
3 0.41286307053941906 0.24688796680497926 0.15975103734439833 0.008298755186721992
3 0.3329875518672199 0.3008298755186722 0.006224066390041493 0.04149377593360996
3 0.491701244813278 0.3008298755186722 0.006224066390041493 0.04149377593360996
3 0.3236514522821577 0.4107883817427386 0.006224066390041493 0.03112033195020747
3 0.504149377593361 0.4107883817427386 0.006224066390041493 0.03112033195020747
3 0.4139004149377593 0.4263485477178423 0.18672199170124482 0.008298755186721992
3 0.4139004149377593 0.45954356846473027 0.006224066390041493 0.06846473029045644
3 0.41286307053941906 0.5591286307053942 0.006224066390041493 0.03112033195020747
3 0.41286307053941906 0.5746887966804979 0.18049792531120332 0.008298755186721992
3 0.32261410788381745 0.6058091286307054 0.006224066390041493 0.03941908713692946
3 0.5020746887966805 0.6058091286307054 0.006224066390041493 0.03941908713692946
3 0.5912863070539419 0.6607883817427386 0.04149377593360996 0.008298755186721992
3 0.6327800829875518 0.229253112033195 0.01867219917012448 0.008298755186721992
3 0.8215767634854771 0.23962655601659752 0.006224066390041493 0.2863070539419087
3 0.9730290456431535 0.10580912863070539 0.05394190871369295 0.008298755186721992
3 0.9979253112033195 0.3869294605809129 0.004149377593360996 0.12655601659751037
3 0.9470954356846473 0.5269709543568465 0.10580912863070539 0.008298755186721992
3 0.12136929460580913 0.8195020746887967 0.13485477178423236 0.008298755186721992
3 0.4336099585062241 0.8526970954356846 0.006224066390041493 0.06431535269709543
3 0.5933609958506224 0.9802904564315352 0.17219917012448133 0.008298755186721992
3 0.6794605809128631 0.8526970954356846 0.006224066390041493 0.2551867219917012
6 0.5632780082987552 0.5 0.7406639004149378 1
6 0.975103734439834 0.5 0.04979253112033195 1
6 0.41286307053941906 0.5197095435684648 0.4087136929460581 0.8132780082987552
6 0.41286307053941906 0.533195020746888 0.3921161825726141 0.7551867219917012
6 0.41286307053941906 0.5477178423236515 0.3775933609958506 0.6950207468879668
6 0.31016597510373445 0.5103734439834025 0.17427385892116182 0.5
6 0.5145228215767634 0.5103734439834025 0.17427385892116182 0.5
6 0.41286307053941906 0.3682572614107884 0.35892116182572614 0.15767634854771784
6 0.41286307053941906 0.6473029045643154 0.35892116182572614 0.15767634854771784
6 0.9782157676348547 0.29149377593361 0.043568464730290454 0.23443983402489627
6 0.9782157676348547 0.6524896265560166 0.043568464730290454 0.4460580912863071