0 0.8125 0.05241935483870968 0.07056451612903226 0.0907258064516129
0 0.5262096774193549 0.04435483870967742 0.1814516129032258 0.07661290322580645
0 0.1975806451612903 0.034274193548387094 0.07056451612903226 0.05443548387096774
0 0.907258064516129 0.9768145161290323 0.05241935483870968 0.046370967741935484
2 0.6270161290322581 0.3225806451612903 0.0625 0.13911290322580644
2 0.6270161290322581 0.49798387096774194 0.0625 0.13911290322580644
2 0.3407258064516129 0.3185483870967742 0.06653225806451613 0.1693548387096774
2 0.3407258064516129 0.4969758064516129 0.06653225806451613 0.1693548387096774
2 0.36088709677419356 0.8064516129032258 0.22782258064516128 0.12903225806451613
4 0.6794354838709677 0.9717741935483871 0.08870967741935484 0.056451612903225805
4 0.4425403225806452 0.8064516129032258 0.41330645161290325 0.15524193548387097
5 0.8125 0.40826612903225806 0.06653225806451613 0.25
5 0.7711693548387096 0.6995967741935484 0.0625 0.1350806451612903
5 0.5262096774193549 0.1431451612903226 0.06653225806451613 0.0907258064516129
5 0.48185483870967744 0.4092741935483871 0.0625 0.19153225806451613
5 0.1975806451612903 0.2923387096774194 0.0625 0.13911290322580644
5 0.1975806451612903 0.42943548387096775 0.0625 0.10080645161290322
5 0.04133064516129032 0.42943548387096775 0.0625 0.1431451612903226
5 0.09375 0.59375 0.0625 0.12903225806451613
5 0.09375 0.8296370967741935 0.0625 0.12903225806451613
3 0.8125 0.14415322580645162 0.008064516129032258 0.09274193548387097
3 0.5262096774193549 0.08266129032258064 0.008064516129032258 0.03024193548387097
3 0.5262096774193549 0.18850806451612903 0.008064516129032258 0.012096774193548387
3 0.7792338709677419 0.4092741935483871 0.05241935483870968 0.006048387096774193
3 0.7540322580645161 0.4092741935483871 0.008064516129032258 0.15524193548387097
3 0.7016129032258065 0.3316532258064516 0.04032258064516129 0.006048387096774193
3 0.7016129032258065 0.48588709677419356 0.04032258064516129 0.006048387096774193
3 0.594758064516129 0.3225806451612903 0.03024193548387097 0.006048387096774193
3 0.594758064516129 0.49798387096774194 0.03024193548387097 0.006048387096774193
3 0.5796370967741935 0.4102822580645161 0.008064516129032258 0.1814516129032258
3 0.5473790322580645 0.4102822580645161 0.06653225806451613 0.006048387096774193
3 0.45060483870967744 0.4092741935483871 0.03024193548387097 0.006048387096774193
3 0.43548387096774194 0.4092741935483871 0.008064516129032258 0.17540322580645162
3 0.40524193548387094 0.3215725806451613 0.038306451612903226 0.006048387096774193
3 0.40524193548387094 0.4959677419354839 0.038306451612903226 0.006048387096774193
3 0.35181451612903225 0.5826612903225806 0.008064516129032258 0.04032258064516129
3 0.7711693548387096 0.6229838709677419 0.008064516129032258 0.018145161290322582
3 0.7610887096774194 0.8064516129032258 0.2782258064516129 0.006048387096774193
3 0.8911290322580645 0.9536290322580645 0.008064516129032258 0.05241935483870968
3 0.6179435483870968 0.9798387096774194 0.12298387096774194 0.006048387096774193
3 0.48185483870967744 0.9294354838709677 0.008064516129032258 0.1028225806451613
3 0.1975806451612903 0.12600806451612903 0.008064516129032258 0.1310483870967742
3 0.16532258064516128 0.42943548387096775 0.0625 0.006048387096774193
3 0.04133064516129032 0.5846774193548387 0.008064516129032258 0.16733870967741934
3 0.16532258064516128 0.6683467741935484 0.24798387096774194 0.006048387096774193
6 0.49798387096774194 0.5554435483870968 0.9959677419354839 0.719758064516129
6 0.49798387096774194 0.9657258064516129 0.9959677419354839 0.06854838709677419
6 0.4889112903225806 0.4092741935483871 0.7903225806451613 0.3971774193548387
6 0.47580645161290325 0.4092741935483871 0.7338709677419355 0.3810483870967742
6 0.46169354838709675 0.4092741935483871 0.6754032258064516 0.36693548387096775
6 0.49798387096774194 0.3094758064516129 0.48588709677419356 0.1693548387096774
6 0.49798387096774194 0.5080645161290323 0.48588709677419356 0.1693548387096774
6 0.6360887096774194 0.4092741935483871 0.1532258064516129 0.3487903225806452
6 0.3649193548387097 0.4092741935483871 0.1532258064516129 0.3487903225806452
6 0.7106854838709677 0.96875 0.22782258064516128 0.0625
6 0.3598790322580645 0.96875 0.4334677419354839 0.0625