0 0.912109375 0.205078125 0.060546875 0.080078125
1 0.7138671875 0.197265625 0.177734375 0.193359375
2 0.5498046875 0.2080078125 0.064453125 0.0859375
2 0.40625 0.2080078125 0.064453125 0.0859375
2 0.4775390625 0.33984375 0.064453125 0.0859375
5 0.912109375 0.54296875 0.064453125 0.080078125
4 0.5927734375 0.5546875 0.064453125 0.080078125
4 0.4453125 0.5546875 0.064453125 0.080078125
2 0.2080078125 0.2197265625 0.0703125 0.064453125
2 0.2080078125 0.35546875 0.0703125 0.064453125
2 0.2080078125 0.5595703125 0.0703125 0.064453125
2 0.2080078125 0.76953125 0.0703125 0.064453125
3 0.96875 0.3779296875 0.005859375 0.32421875
3 0.8154296875 0.2177734375 0.134765625 0.005859375
3 0.7109375 0.5244140625 0.005859375 0.615234375
3 0.478515625 0.76953125 0.455078125 0.005859375
3 0.5458984375 0.294921875 0.005859375 0.08984375
3 0.6298828125 0.455078125 0.173828125 0.005859375
3 0.5322265625 0.322265625 0.005859375 0.14453125
3 0.4658203125 0.2314453125 0.056640625 0.005859375
3 0.5927734375 0.5048828125 0.005859375 0.029296875
3 0.4775390625 0.39453125 0.005859375 0.025390625
3 0.4453125 0.400390625 0.005859375 0.240234375
3 0.314453125 0.2177734375 0.119140625 0.005859375
3 0.3193359375 0.2802734375 0.150390625 0.005859375
3 0.3193359375 0.3515625 0.150390625 0.005859375
3 0.3193359375 0.3779296875 0.150390625 0.005859375
3 0.3916015625 0.2998046875 0.005859375 0.1640625
3 0.361328125 0.2314453125 0.005859375 0.14453125
3 0.267578125 0.421875 0.119140625 0.005859375
3 0.328125 0.5400390625 0.005859375 0.234375
3 0.328125 0.578125 0.1640625 0.005859375
3 0.4365234375 0.626953125 0.3125 0.005859375
3 0.5927734375 0.6123046875 0.005859375 0.0234375
6 0.572265625 0.3515625 0.48046875 0.625
6 0.4755859375 0.2451171875 0.255859375 0.2890625
6 0.5078125 0.5078125 0.33203125 0.2109375