6 0.5068359375 0.5 0.6064453125 0.990234375
6 0.212890625 0.2880859375 0.42578125 0.3232421875
6 0.212890625 0.80517578125 0.42578125 0.3232421875
0 0.08984375 0.30810546875 0.16796875 0.2177734375
2 0.31884765625 0.2451171875 0.1845703125 0.087890625
1 0.31884765625 0.3779296875 0.1845703125 0.087890625
2 0.501953125 0.56494140625 0.16796875 0.087890625
4 0.7001953125 0.56494140625 0.1845703125 0.087890625
2 0.7001953125 0.3779296875 0.1845703125 0.087890625
0 0.08984375 0.8251953125 0.16796875 0.2177734375
4 0.31884765625 0.8251953125 0.1845703125 0.087890625
0 0.9140625 0.56494140625 0.16796875 0.2177734375
3 0.203125 0.2451171875 0.0458984375 0.0048828125
3 0.203125 0.3779296875 0.0458984375 0.0048828125
3 0.1982421875 0.8251953125 0.0380859375 0.0048828125
3 0.451171875 0.3779296875 0.08203125 0.0048828125
3 0.4921875 0.44384765625 0.0048828125 0.1357421875
3 0.4921875 0.68994140625 0.0048828125 0.1357421875
3 0.451171875 0.8251953125 0.08203125 0.0048828125
3 0.58984375 0.56494140625 0.03515625 0.0048828125
3 0.7001953125 0.47119140625 0.0048828125 0.09765625
3 0.81103515625 0.56494140625 0.0380859375 0.0048828125