6 0.4931640625 0.5 0.6064453125 0.990234375
6 0.787109375 0.2880859375 0.42578125 0.3232421875
6 0.787109375 0.80517578125 0.42578125 0.3232421875
0 0.91015625 0.30810546875 0.16796875 0.2177734375
2 0.68115234375 0.2451171875 0.1845703125 0.087890625
1 0.68115234375 0.3779296875 0.1845703125 0.087890625
2 0.498046875 0.56494140625 0.16796875 0.087890625
4 0.2998046875 0.56494140625 0.1845703125 0.087890625
2 0.2998046875 0.3779296875 0.1845703125 0.087890625
0 0.91015625 0.8251953125 0.16796875 0.2177734375
4 0.68115234375 0.8251953125 0.1845703125 0.087890625
0 0.0859375 0.56494140625 0.16796875 0.2177734375
3 0.796875 0.2451171875 0.0458984375 0.0048828125
3 0.796875 0.3779296875 0.0458984375 0.0048828125
3 0.8017578125 0.8251953125 0.0380859375 0.0048828125
3 0.548828125 0.3779296875 0.08203125 0.0048828125
3 0.5078125 0.44384765625 0.0048828125 0.1357421875
3 0.5078125 0.68994140625 0.0048828125 0.1357421875
3 0.548828125 0.8251953125 0.08203125 0.0048828125
3 0.41015625 0.56494140625 0.03515625 0.0048828125
3 0.2998046875 0.47119140625 0.0048828125 0.09765625
3 0.18896484375 0.56494140625 0.0380859375 0.0048828125