0 0.9501953125 0.169921875 0.099609375 0.140625
0 0.947265625 0.4404296875 0.10546875 0.109375
0 0.9501953125 0.91015625 0.099609375 0.109375
2 0.634765625 0.5048828125 0.169921875 0.2109375
2 0.3447265625 0.5048828125 0.169921875 0.2109375
2 0.1416015625 0.419921875 0.119140625 0.08984375
4 0.6396484375 0.91015625 0.2109375 0.099609375
4 0.3798828125 0.91015625 0.240234375 0.099609375
4 0.6396484375 0.669921875 0.130859375 0.08984375
4 0.3447265625 0.669921875 0.130859375 0.08984375
5 0.3876953125 0.1796875 0.220703125 0.099609375
3 0.7001953125 0.169921875 0.400390625 0.01953125
3 0.7001953125 0.2001953125 0.400390625 0.01953125
3 0.8447265625 0.4404296875 0.099609375 0.01953125
3 0.8251953125 0.91015625 0.150390625 0.01953125
3 0.384765625 0.3203125 0.009765625 0.16015625
3 0.365234375 0.3203125 0.009765625 0.16015625
3 0.419921875 0.3798828125 0.439453125 0.009765625
3 0.6396484375 0.39453125 0.009765625 0.01953125
3 0.3447265625 0.39453125 0.009765625 0.01953125
3 0.6396484375 0.7900390625 0.009765625 0.140625
3 0.5400390625 0.7900390625 0.099609375 0.140625
3 0.3447265625 0.7900390625 0.009765625 0.140625
6 0.400390625 0.5 0.80078125 1
6 0.400390625 0.51953125 0.740234375 0.919921875
6 0.400390625 0.4404296875 0.720703125 0.66015625
6 0.400390625 0.5 0.69921875 0.5
6 0.4873046875 0.525390625 0.509765625 0.419921875
6 0.1416015625 0.41015625 0.16015625 0.1796875