6 0.13623046875 0.1650390625 0.1162109375 0.099609375
6 0.30712890625 0.1650390625 0.1162109375 0.099609375
6 0.5927734375 0.1650390625 0.1162109375 0.099609375
6 0.76220703125 0.1650390625 0.1162109375 0.099609375
5 0.90576171875 0.14501953125 0.03515625 0.0498046875
5 0.23486328125 0.35498046875 0.0546875 0.0654296875
5 0.671875 0.35498046875 0.0546875 0.0654296875
0 0.06591796875 0.625 0.044921875 0.0595703125
0 0.173828125 0.615234375 0.0498046875 0.080078125
0 0.2880859375 0.615234375 0.0498046875 0.080078125
5 0.39501953125 0.625 0.044921875 0.0595703125
0 0.55419921875 0.615234375 0.0498046875 0.080078125
0 0.67822265625 0.615234375 0.0498046875 0.080078125
5 0.794921875 0.625 0.044921875 0.0595703125
0 0.89208984375 0.625 0.044921875 0.0595703125
3 0.18505859375 0.27197265625 0.0498046875 0.1103515625
3 0.28515625 0.27197265625 0.0498046875 0.1103515625
3 0.6201171875 0.27197265625 0.0498046875 0.1103515625
3 0.72021484375 0.27197265625 0.0498046875 0.1103515625
3 0.453125 0.34716796875 0.3798828125 0.009765625
3 0.14990234375 0.48486328125 0.1298828125 0.2197265625
3 0.205078125 0.48486328125 0.0400390625 0.2197265625
3 0.251953125 0.48486328125 0.0302734375 0.2197265625
3 0.31494140625 0.48486328125 0.1201171875 0.2197265625
3 0.61181640625 0.48486328125 0.08984375 0.2197265625
3 0.6650390625 0.48486328125 0.009765625 0.2197265625
3 0.72998046875 0.48486328125 0.08984375 0.2197265625
3 0.78515625 0.48486328125 0.1796875 0.2197265625