6 0.6220703125 0.48095703125 0.7158203125 0.841796875
6 0.14501953125 0.498046875 0.16015625 0.2197265625
6 0.3720703125 0.36181640625 0.1337890625 0.525390625
6 0.3681640625 0.18505859375 0.099609375 0.134765625
6 0.3681640625 0.35791015625 0.099609375 0.1298828125
6 0.3681640625 0.5361328125 0.099609375 0.1298828125
6 0.81396484375 0.22119140625 0.26953125 0.17578125
6 0.81396484375 0.22119140625 0.25 0.1357421875
6 0.81396484375 0.5048828125 0.26953125 0.17578125
6 0.81396484375 0.5048828125 0.25 0.1357421875
6 0.43505859375 0.77587890625 0.259765625 0.17578125
6 0.43505859375 0.77587890625 0.240234375 0.1357421875
6 0.81396484375 0.77587890625 0.259765625 0.17578125
6 0.81396484375 0.77587890625 0.240234375 0.1357421875
2 0.11083984375 0.462890625 0.0498046875 0.080078125
2 0.18310546875 0.462890625 0.0498046875 0.080078125
2 0.5390625 0.35009765625 0.0849609375 0.1396484375
2 0.73681640625 0.22119140625 0.044921875 0.080078125
2 0.81201171875 0.22119140625 0.044921875 0.080078125
2 0.88720703125 0.22119140625 0.044921875 0.080078125
2 0.73681640625 0.5048828125 0.044921875 0.080078125
2 0.81201171875 0.5048828125 0.044921875 0.080078125
2 0.88720703125 0.5048828125 0.044921875 0.080078125
2 0.35986328125 0.77587890625 0.044921875 0.080078125
2 0.43505859375 0.77587890625 0.044921875 0.080078125
2 0.509765625 0.77587890625 0.044921875 0.080078125
2 0.73681640625 0.77587890625 0.044921875 0.080078125
2 0.81201171875 0.77587890625 0.044921875 0.080078125
2 0.88720703125 0.77587890625 0.044921875 0.080078125
5 0.3681640625 0.18505859375 0.080078125 0.099609375
5 0.3681640625 0.35009765625 0.080078125 0.099609375
5 0.3681640625 0.5361328125 0.080078125 0.099609375
5 0.14697265625 0.55078125 0.03515625 0.0595703125
3 0.55810546875 0.14990234375 0.23046875 0.009765625
3 0.55810546875 0.5751953125 0.23046875 0.009765625
3 0.6220703125 0.77587890625 0.1220703125 0.009765625
3 0.203125 0.56201171875 0.080078125 0.009765625
3 0.625 0.64013671875 0.375 0.1103515625
3 0.47216796875 0.28515625 0.0654296875 0.0751953125
3 0.47216796875 0.4150390625 0.0654296875 0.0751953125
3 0.5361328125 0.2119140625 0.0048828125 0.1201171875
3 0.5361328125 0.48779296875 0.0048828125 0.1201171875