6 0.86376953125 0.1650390625 0.1162109375 0.099609375
6 0.69287109375 0.1650390625 0.1162109375 0.099609375
6 0.4072265625 0.1650390625 0.1162109375 0.099609375
6 0.23779296875 0.1650390625 0.1162109375 0.099609375
5 0.09423828125 0.14501953125 0.03515625 0.0498046875
5 0.76513671875 0.35498046875 0.0546875 0.0654296875
5 0.328125 0.35498046875 0.0546875 0.0654296875
0 0.93408203125 0.625 0.044921875 0.0595703125
0 0.826171875 0.615234375 0.0498046875 0.080078125
0 0.7119140625 0.615234375 0.0498046875 0.080078125
5 0.60498046875 0.625 0.044921875 0.0595703125
0 0.44580078125 0.615234375 0.0498046875 0.080078125
0 0.32177734375 0.615234375 0.0498046875 0.080078125
5 0.205078125 0.625 0.044921875 0.0595703125
0 0.10791015625 0.625 0.044921875 0.0595703125
3 0.81494140625 0.27197265625 0.0498046875 0.1103515625
3 0.71484375 0.27197265625 0.0498046875 0.1103515625
3 0.3798828125 0.27197265625 0.0498046875 0.1103515625
3 0.27978515625 0.27197265625 0.0498046875 0.1103515625
3 0.546875 0.34716796875 0.3798828125 0.009765625
3 0.85009765625 0.48486328125 0.1298828125 0.2197265625
3 0.794921875 0.48486328125 0.0400390625 0.2197265625
3 0.748046875 0.48486328125 0.0302734375 0.2197265625
3 0.68505859375 0.48486328125 0.1201171875 0.2197265625
3 0.38818359375 0.48486328125 0.08984375 0.2197265625
3 0.3349609375 0.48486328125 0.009765625 0.2197265625
3 0.27001953125 0.48486328125 0.08984375 0.2197265625
3 0.21484375 0.48486328125 0.1796875 0.2197265625