6 0.14453125 0.4951171875 0.16015625 0.28515625
3 0.3623046875 0.2080078125 0.052734375 0.052734375
3 0.3623046875 0.4052734375 0.052734375 0.052734375
3 0.3623046875 0.5146484375 0.052734375 0.052734375
3 0.5380859375 0.4052734375 0.052734375 0.052734375
3 0.3623046875 0.21484375 0.064453125 0.03515625
4 0.7353515625 0.3154296875 0.0390625 0.044921875
4 0.8115234375 0.3154296875 0.0390625 0.044921875
4 0.8876953125 0.3154296875 0.0390625 0.044921875
4 0.7353515625 0.5 0.0390625 0.044921875
4 0.8115234375 0.5 0.0390625 0.044921875
4 0.8876953125 0.5 0.0390625 0.044921875
4 0.3623046875 0.671875 0.0390625 0.044921875
4 0.4345703125 0.671875 0.0390625 0.044921875
4 0.51171875 0.671875 0.0390625 0.044921875
4 0.740234375 0.671875 0.0390625 0.044921875
4 0.8154296875 0.671875 0.0390625 0.044921875
4 0.8896484375 0.671875 0.0390625 0.044921875
1 0.2451171875 0.5380859375 0.044921875 0.009765625
1 0.294921875 0.2880859375 0.0390625 0.009765625
1 0.294921875 0.4052734375 0.0390625 0.009765625
1 0.294921875 0.5380859375 0.0390625 0.009765625
1 0.5517578125 0.2724609375 0.224609375 0.009765625
1 0.5517578125 0.5478515625 0.224609375 0.009765625
1 0.4541015625 0.2998046875 0.0390625 0.009765625
1 0.4541015625 0.3798828125 0.0390625 0.009765625
1 0.5380859375 0.3447265625 0.005859375 0.060546875
1 0.5380859375 0.4697265625 0.005859375 0.07421875
1 0.58984375 0.33203125 0.115234375 0.009765625
1 0.58984375 0.490234375 0.115234375 0.009765625
1 0.3623046875 0.5947265625 0.005859375 0.05078125
1 0.625 0.6123046875 0.2109375 0.009765625
1 0.625 0.677734375 0.0546875 0.009765625
6 0.6220703125 0.48828125 0.71484375 0.54296875
6 0.3720703125 0.408203125 0.134765625 0.3828125
6 0.8115234375 0.3203125 0.271484375 0.134765625
6 0.8115234375 0.5 0.271484375 0.134765625
6 0.4345703125 0.6748046875 0.265625 0.134765625
6 0.8154296875 0.6748046875 0.265625 0.134765625