2 0.9122448979591836 0.13979591836734695 0.053061224489795916 0.09387755102040816
2 0.7918367346938775 0.13979591836734695 0.053061224489795916 0.09387755102040816
5 0.48673469387755103 0.12959183673469388 0.06326530612244897 0.07346938775510205
2 0.3826530612244898 0.13979591836734695 0.053061224489795916 0.09387755102040816
2 0.06938775510204082 0.13979591836734695 0.053061224489795916 0.09387755102040816
5 0.4897959183673469 0.32857142857142857 0.06326530612244897 0.07346938775510205
4 0.4897959183673469 0.46938775510204084 0.053061224489795916 0.06326530612244897
2 0.7377551020408163 0.46938775510204084 0.053061224489795916 0.0836734693877551
2 0.22551020408163266 0.4479591836734694 0.04081632653061224 0.0836734693877551
2 0.4897959183673469 0.6836734693877551 0.06326530612244897 0.09387755102040816
0 0.8734693877551021 0.8295918367346938 0.06326530612244897 0.0836734693877551
0 0.7479591836734694 0.8295918367346938 0.06326530612244897 0.0836734693877551
0 0.2153061224489796 0.8295918367346938 0.06326530612244897 0.0836734693877551
0 0.08979591836734693 0.8295918367346938 0.06326530612244897 0.0836734693877551
5 0.36122448979591837 0.8142857142857143 0.04081632653061224 0.030612244897959183
3 0.8581632653061224 0.13163265306122449 0.053061224489795916 0.006122448979591836
3 0.7795918367346939 0.16122448979591836 0.02040816326530612 0.02040816326530612
3 0.6438775510204081 0.13163265306122449 0.24081632653061225 0.006122448979591836
3 0.6438775510204081 0.32346938775510203 0.24081632653061225 0.006122448979591836
3 0.7428571428571429 0.3653061224489796 0.006122448979591836 0.07755102040816327
3 0.3408163265306122 0.32346938775510203 0.24081632653061225 0.006122448979591836
3 0.23061224489795917 0.3653061224489796 0.006122448979591836 0.05714285714285714
3 0.6224489795918368 0.46938775510204084 0.17755102040816326 0.006122448979591836
3 0.3663265306122449 0.46938775510204084 0.23061224489795917 0.006122448979591836
3 0.4897959183673469 0.5948979591836735 0.006122448979591836 0.13673469387755102
3 0.8071428571428572 0.6418367346938776 0.006122448979591836 0.32448979591836735
3 0.7744897959183673 0.47959183673469385 0.06326530612244897 0.006122448979591836
3 0.15612244897959185 0.6316326530612245 0.006122448979591836 0.3448979591836735
3 0.17857142857142858 0.45918367346938777 0.053061224489795916 0.006122448979591836
6 0.8112244897959183 0.5010204081632653 0.3142857142857143 0.8734693877551021
6 0.4816326530612245 0.44081632653061226 0.29183673469387755 0.6693877551020408
6 0.15714285714285714 0.5 0.3142857142857143 0.8734693877551021