2 0.13681102362204725 0.9133858267716536 0.09055118110236221 0.051181102362204724
2 0.13681102362204725 0.797244094488189 0.09055118110236221 0.051181102362204724
5 0.12696850393700787 0.5029527559055118 0.07086614173228346 0.0610236220472441
2 0.13681102362204725 0.40255905511811024 0.09055118110236221 0.051181102362204724
2 0.13681102362204725 0.10039370078740158 0.09055118110236221 0.051181102362204724
5 0.3188976377952756 0.5059055118110236 0.07086614173228346 0.0610236220472441
4 0.4547244094488189 0.5059055118110236 0.0610236220472441 0.051181102362204724
2 0.4547244094488189 0.7450787401574803 0.08070866141732283 0.051181102362204724
2 0.4340551181102362 0.25098425196850394 0.08070866141732283 0.03937007874015748
2 0.6614173228346457 0.5059055118110236 0.09055118110236221 0.0610236220472441
0 0.8021653543307087 0.8759842519685039 0.08070866141732283 0.0610236220472441
0 0.8021653543307087 0.7549212598425197 0.08070866141732283 0.0610236220472441
0 0.8021653543307087 0.24114173228346455 0.08070866141732283 0.0610236220472441
0 0.8021653543307087 0.12007874015748031 0.08070866141732283 0.0610236220472441
5 0.7874015748031497 0.38188976377952755 0.02952755905511811 0.03937007874015748
3 0.12893700787401574 0.8612204724409449 0.005905511811023622 0.051181102362204724
3 0.15748031496062992 0.7854330708661418 0.01968503937007874 0.01968503937007874
3 0.12893700787401574 0.6545275590551181 0.005905511811023622 0.23228346456692914
3 0.3139763779527559 0.6545275590551181 0.005905511811023622 0.23228346456692914
3 0.3543307086614173 0.75 0.07480314960629922 0.005905511811023622
3 0.3139763779527559 0.36220472440944884 0.005905511811023622 0.23228346456692914
3 0.3543307086614173 0.2559055118110236 0.05511811023622047 0.005905511811023622
3 0.4547244094488189 0.6338582677165354 0.005905511811023622 0.17125984251968504
3 0.4547244094488189 0.3868110236220472 0.005905511811023622 0.22244094488188976
3 0.5757874015748031 0.5059055118110236 0.13188976377952755 0.005905511811023622
3 0.6210629921259843 0.812007874015748 0.31299212598425197 0.005905511811023622
3 0.4645669291338583 0.780511811023622 0.005905511811023622 0.0610236220472441
3 0.6112204724409449 0.18405511811023623 0.33267716535433073 0.005905511811023622
3 0.4448818897637795 0.20570866141732283 0.005905511811023622 0.051181102362204724
6 0.48523622047244097 0.8159448818897638 0.84251968503937 0.3031496062992126
6 0.4271653543307087 0.49803149606299213 0.6456692913385826 0.281496062992126
6 0.48523622047244097 0.18405511811023623 0.84251968503937 0.3031496062992126