2 0.9128151260504201 0.0861344537815126 0.09663865546218488 0.0546218487394958
2 0.9128151260504201 0.21008403361344538 0.09663865546218488 0.0546218487394958
5 0.9233193277310925 0.5241596638655462 0.07563025210084033 0.06512605042016807
2 0.9128151260504201 0.6313025210084033 0.09663865546218488 0.0546218487394958
2 0.9128151260504201 0.9537815126050421 0.09663865546218488 0.0546218487394958
5 0.7184873949579832 0.5210084033613446 0.07563025210084033 0.06512605042016807
4 0.5735294117647058 0.5210084033613446 0.06512605042016807 0.0546218487394958
2 0.5735294117647058 0.2657563025210084 0.0861344537815126 0.0546218487394958
2 0.5955882352941176 0.7930672268907563 0.0861344537815126 0.04201680672268908
2 0.35294117647058826 0.5210084033613446 0.09663865546218488 0.06512605042016807
0 0.2027310924369748 0.12605042016806722 0.0861344537815126 0.06512605042016807
0 0.2027310924369748 0.2552521008403361 0.0861344537815126 0.06512605042016807
0 0.2027310924369748 0.8035714285714286 0.0861344537815126 0.06512605042016807
0 0.2027310924369748 0.9327731092436975 0.0861344537815126 0.06512605042016807
5 0.2184873949579832 0.6533613445378151 0.031512605042016806 0.04201680672268908
3 0.9212184873949579 0.14180672268907563 0.0063025210084033615 0.0546218487394958
3 0.8907563025210085 0.22268907563025211 0.02100840336134454 0.02100840336134454
3 0.9212184873949579 0.36239495798319327 0.0063025210084033615 0.24789915966386555
3 0.7237394957983193 0.36239495798319327 0.0063025210084033615 0.24789915966386555
3 0.680672268907563 0.2605042016806723 0.07983193277310924 0.0063025210084033615
3 0.7237394957983193 0.6743697478991597 0.0063025210084033615 0.24789915966386555
3 0.680672268907563 0.7878151260504201 0.058823529411764705 0.0063025210084033615
3 0.5735294117647058 0.38445378151260506 0.0063025210084033615 0.18277310924369747
3 0.5735294117647058 0.648109243697479 0.0063025210084033615 0.23739495798319327
3 0.44432773109243695 0.5210084033613446 0.1407563025210084 0.0063025210084033615
3 0.3960084033613445 0.19432773109243698 0.33403361344537813 0.0063025210084033615
3 0.5630252100840336 0.22794117647058823 0.0063025210084033615 0.06512605042016807
3 0.4065126050420168 0.8644957983193278 0.3550420168067227 0.0063025210084033615
3 0.5840336134453782 0.8413865546218487 0.0063025210084033615 0.0546218487394958
6 0.5409663865546218 0.19012605042016806 0.8991596638655462 0.3235294117647059
6 0.6029411764705882 0.5294117647058824 0.6890756302521008 0.3004201680672269
6 0.542016806722689 0.8508403361344538 0.8991596638655462 0.29831932773109243