6 0.18310546875 0.48486328125 0.3017578125 0.8349609375
6 0.4990234375 0.42822265625 0.2822265625 0.6376953125
6 0.81201171875 0.48486328125 0.3017578125 0.8349609375
5 0.087890625 0.1650390625 0.0615234375 0.134765625
5 0.201171875 0.1650390625 0.0615234375 0.134765625
5 0.5048828125 0.134765625 0.0556640625 0.0751953125
5 0.59814453125 0.1650390625 0.0615234375 0.134765625
5 0.89794921875 0.1650390625 0.0615234375 0.134765625
5 0.4921875 0.31982421875 0.0703125 0.0751953125
4 0.4921875 0.455078125 0.0517578125 0.0546875
2 0.4951171875 0.658203125 0.08203125 0.10546875
2 0.25390625 0.455078125 0.0458984375 0.072265625
2 0.74609375 0.43505859375 0.0458984375 0.072265625
0 0.1318359375 0.7998046875 0.0615234375 0.08203125
0 0.25 0.7998046875 0.0615234375 0.08203125
0 0.759765625 0.7998046875 0.0615234375 0.08203125
0 0.8779296875 0.7998046875 0.0615234375 0.08203125
3 0.14404296875 0.1318359375 0.0517578125 0.0048828125
3 0.33984375 0.1318359375 0.2197265625 0.0048828125
3 0.35009765625 0.35400390625 0.2041015625 0.08984375
3 0.61181640625 0.34619140625 0.244140625 0.080078125
3 0.365234375 0.455078125 0.17578125 0.0048828125
3 0.61181640625 0.455078125 0.1884765625 0.0048828125
3 0.4951171875 0.5751953125 0.0048828125 0.0751953125
3 0.18701171875 0.6201171875 0.0048828125 0.3095703125
3 0.80908203125 0.60986328125 0.0048828125 0.330078125