2 0.9300847457627118 0.9777542372881356 0.09745762711864407 0.04449152542372881
2 0.9290254237288136 0.8580508474576272 0.09745762711864407 0.05508474576271186
5 0.9396186440677966 0.5413135593220338 0.07627118644067797 0.06567796610169492
2 0.9290254237288136 0.4332627118644068 0.09745762711864407 0.05508474576271186
2 0.9290254237288136 0.10805084745762712 0.09745762711864407 0.05508474576271186
5 0.7330508474576272 0.5444915254237288 0.07627118644067797 0.06567796610169492
4 0.586864406779661 0.5444915254237288 0.06567796610169492 0.05508474576271186
2 0.586864406779661 0.801906779661017 0.08686440677966102 0.05508474576271186
2 0.6091101694915254 0.2701271186440678 0.08686440677966102 0.0423728813559322
2 0.3644067796610169 0.5444915254237288 0.09745762711864407 0.06567796610169492
0 0.2129237288135593 0.9427966101694916 0.08686440677966102 0.06567796610169492
0 0.2129237288135593 0.8125 0.08686440677966102 0.06567796610169492
0 0.2129237288135593 0.2595338983050847 0.08686440677966102 0.06567796610169492
0 0.2129237288135593 0.1292372881355932 0.08686440677966102 0.06567796610169492
5 0.2288135593220339 0.4110169491525424 0.03177966101694915 0.0423728813559322
3 0.9375 0.926906779661017 0.006355932203389831 0.05508474576271186
3 0.9067796610169492 0.8453389830508474 0.0211864406779661 0.0211864406779661
3 0.9375 0.7044491525423728 0.006355932203389831 0.25
3 0.7383474576271186 0.7044491525423728 0.006355932203389831 0.25
3 0.6949152542372882 0.8072033898305084 0.08050847457627118 0.006355932203389831
3 0.7383474576271186 0.3898305084745763 0.006355932203389831 0.25
3 0.6949152542372882 0.2754237288135593 0.059322033898305086 0.006355932203389831
3 0.586864406779661 0.6822033898305084 0.006355932203389831 0.1843220338983051
3 0.586864406779661 0.4163135593220339 0.006355932203389831 0.23940677966101695
3 0.4565677966101695 0.5444915254237288 0.1419491525423729 0.006355932203389831
3 0.4078389830508475 0.8739406779661016 0.336864406779661 0.006355932203389831
3 0.576271186440678 0.840042372881356 0.006355932203389831 0.06567796610169492
3 0.4184322033898305 0.19809322033898305 0.3580508474576271 0.006355932203389831
3 0.597457627118644 0.22139830508474576 0.006355932203389831 0.05508474576271186
6 0.5508474576271186 0.8580508474576272 0.8983050847457628 0.2838983050847458
6 0.6165254237288136 0.5360169491525424 0.6949152542372882 0.3029661016949153
6 0.5508474576271186 0.19915254237288135 0.8983050847457628 0.326271186440678