2 0.912109375 0.1396484375 0.05078125 0.08984375
2 0.796875 0.1396484375 0.05078125 0.08984375
5 0.5048828125 0.1298828125 0.060546875 0.0703125
2 0.4052734375 0.1396484375 0.05078125 0.08984375
2 0.10546875 0.1396484375 0.05078125 0.08984375
5 0.5078125 0.3203125 0.060546875 0.0703125
4 0.5078125 0.455078125 0.05078125 0.060546875
2 0.7451171875 0.455078125 0.05078125 0.080078125
2 0.2548828125 0.4345703125 0.0390625 0.080078125
2 0.5078125 0.66015625 0.060546875 0.08984375
0 0.875 0.7998046875 0.060546875 0.080078125
0 0.7548828125 0.7998046875 0.060546875 0.080078125
0 0.2451171875 0.7998046875 0.060546875 0.080078125
0 0.125 0.7998046875 0.060546875 0.080078125
5 0.384765625 0.78515625 0.0390625 0.029296875
3 0.8603515625 0.1318359375 0.05078125 0.005859375
3 0.78515625 0.16015625 0.01953125 0.01953125
3 0.6552734375 0.1318359375 0.23046875 0.005859375
3 0.6552734375 0.3154296875 0.23046875 0.005859375
3 0.75 0.35546875 0.005859375 0.07421875
3 0.365234375 0.3154296875 0.23046875 0.005859375
3 0.259765625 0.35546875 0.005859375 0.0546875
3 0.634765625 0.455078125 0.169921875 0.005859375
3 0.3896484375 0.455078125 0.220703125 0.005859375
3 0.5078125 0.5751953125 0.005859375 0.130859375
3 0.8115234375 0.6201171875 0.005859375 0.310546875
3 0.7802734375 0.46484375 0.060546875 0.005859375
3 0.1884765625 0.6103515625 0.005859375 0.330078125
3 0.2099609375 0.4453125 0.05078125 0.005859375
6 0.8154296875 0.4853515625 0.30078125 0.8359375
6 0.5 0.427734375 0.279296875 0.640625
6 0.1884765625 0.4853515625 0.30078125 0.8359375