2 0.052521008403361345 0.0934873949579832 0.0546218487394958 0.09663865546218488
2 0.17647058823529413 0.0934873949579832 0.0546218487394958 0.09663865546218488
5 0.49054621848739494 0.08298319327731092 0.06512605042016807 0.07563025210084033
2 0.5976890756302521 0.0934873949579832 0.0546218487394958 0.09663865546218488
2 0.9201680672268907 0.0934873949579832 0.0546218487394958 0.09663865546218488
5 0.48739495798319327 0.28781512605042014 0.06512605042016807 0.07563025210084033
4 0.48739495798319327 0.4327731092436975 0.0546218487394958 0.06512605042016807
2 0.23214285714285715 0.4327731092436975 0.0546218487394958 0.0861344537815126
2 0.759453781512605 0.4107142857142857 0.04201680672268908 0.0861344537815126
2 0.48739495798319327 0.6533613445378151 0.06512605042016807 0.09663865546218488
0 0.09243697478991597 0.8035714285714286 0.06512605042016807 0.0861344537815126
0 0.22163865546218486 0.8035714285714286 0.06512605042016807 0.0861344537815126
0 0.7699579831932774 0.8035714285714286 0.06512605042016807 0.0861344537815126
0 0.8991596638655462 0.8035714285714286 0.06512605042016807 0.0861344537815126
5 0.6197478991596639 0.7878151260504201 0.04201680672268908 0.031512605042016806
3 0.10819327731092437 0.08508403361344538 0.0546218487394958 0.0063025210084033615
3 0.18907563025210083 0.11554621848739496 0.02100840336134454 0.02100840336134454
3 0.328781512605042 0.08508403361344538 0.24789915966386555 0.0063025210084033615
3 0.328781512605042 0.28256302521008403 0.24789915966386555 0.0063025210084033615
3 0.226890756302521 0.32563025210084034 0.0063025210084033615 0.07983193277310924
3 0.6407563025210085 0.28256302521008403 0.24789915966386555 0.0063025210084033615
3 0.7542016806722689 0.32563025210084034 0.0063025210084033615 0.058823529411764705
3 0.35084033613445376 0.4327731092436975 0.18277310924369747 0.0063025210084033615
3 0.6144957983193278 0.4327731092436975 0.23739495798319327 0.0063025210084033615
3 0.48739495798319327 0.5619747899159664 0.0063025210084033615 0.1407563025210084
3 0.16071428571428573 0.6102941176470589 0.0063025210084033615 0.33403361344537813
3 0.19432773109243698 0.4432773109243697 0.06512605042016807 0.0063025210084033615
3 0.8308823529411765 0.5997899159663865 0.0063025210084033615 0.3550420168067227
3 0.8077731092436975 0.4222689075630252 0.0546218487394958 0.0063025210084033615
6 0.15861344537815125 0.4642857142857143 0.3172268907563025 0.8991596638655462
6 0.4957983193277311 0.40336134453781514 0.3004201680672269 0.6890756302521008
6 0.8308823529411765 0.4653361344537815 0.3235294117647059 0.8991596638655462