2 0.08739837398373984 0.12296747967479675 0.052845528455284556 0.09349593495934959
2 0.2073170731707317 0.12296747967479675 0.052845528455284556 0.09349593495934959
5 0.5111788617886179 0.11280487804878049 0.06300813008130081 0.07317073170731707
2 0.6148373983739838 0.12296747967479675 0.052845528455284556 0.09349593495934959
2 0.926829268292683 0.12296747967479675 0.052845528455284556 0.09349593495934959
5 0.508130081300813 0.31097560975609756 0.06300813008130081 0.07317073170731707
4 0.508130081300813 0.45121951219512196 0.052845528455284556 0.06300813008130081
2 0.2611788617886179 0.45121951219512196 0.052845528455284556 0.08333333333333333
2 0.7713414634146342 0.4298780487804878 0.04065040650406504 0.08333333333333333
2 0.508130081300813 0.6646341463414634 0.06300813008130081 0.09349593495934959
0 0.12601626016260162 0.8099593495934959 0.06300813008130081 0.08333333333333333
0 0.25101626016260165 0.8099593495934959 0.06300813008130081 0.08333333333333333
0 0.7815040650406504 0.8099593495934959 0.06300813008130081 0.08333333333333333
0 0.9065040650406504 0.8099593495934959 0.06300813008130081 0.08333333333333333
5 0.6361788617886179 0.7947154471544715 0.04065040650406504 0.03048780487804878
3 0.14126016260162602 0.11483739837398374 0.052845528455284556 0.006097560975609756
3 0.21951219512195122 0.1443089430894309 0.02032520325203252 0.02032520325203252
3 0.3546747967479675 0.11483739837398374 0.23983739837398374 0.006097560975609756
3 0.3546747967479675 0.30589430894308944 0.23983739837398374 0.006097560975609756
3 0.25609756097560976 0.3475609756097561 0.006097560975609756 0.07723577235772358
3 0.6565040650406504 0.30589430894308944 0.23983739837398374 0.006097560975609756
3 0.766260162601626 0.3475609756097561 0.006097560975609756 0.056910569105691054
3 0.37601626016260165 0.45121951219512196 0.17682926829268292 0.006097560975609756
3 0.6310975609756098 0.45121951219512196 0.22967479674796748 0.006097560975609756
3 0.508130081300813 0.5762195121951219 0.006097560975609756 0.13617886178861788
3 0.19207317073170732 0.6229674796747967 0.006097560975609756 0.3231707317073171
3 0.22459349593495934 0.4613821138211382 0.06300813008130081 0.006097560975609756
3 0.8404471544715447 0.6128048780487805 0.006097560975609756 0.3434959349593496
3 0.818089430894309 0.4410569105691057 0.052845528455284556 0.006097560975609756
6 0.18800813008130082 0.48272357723577236 0.3130081300813008 0.8699186991869918
6 0.516260162601626 0.42276422764227645 0.29065040650406504 0.6666666666666666
6 0.8404471544715447 0.48272357723577236 0.3130081300813008 0.8699186991869918