2 0.11546610169491525 0.9279661016949152 0.09745762711864407 0.05508474576271186
2 0.11546610169491525 0.8029661016949152 0.09745762711864407 0.05508474576271186
5 0.1048728813559322 0.486228813559322 0.07627118644067797 0.06567796610169492
2 0.11546610169491525 0.3781779661016949 0.09745762711864407 0.05508474576271186
2 0.11546610169491525 0.05296610169491525 0.09745762711864407 0.05508474576271186
5 0.3114406779661017 0.4894067796610169 0.07627118644067797 0.06567796610169492
4 0.4576271186440678 0.4894067796610169 0.06567796610169492 0.05508474576271186
2 0.4576271186440678 0.746822033898305 0.08686440677966102 0.05508474576271186
2 0.4353813559322034 0.21504237288135594 0.08686440677966102 0.0423728813559322
2 0.6800847457627118 0.4894067796610169 0.09745762711864407 0.06567796610169492
0 0.8315677966101694 0.8877118644067796 0.08686440677966102 0.06567796610169492
0 0.8315677966101694 0.7574152542372882 0.08686440677966102 0.06567796610169492
0 0.8315677966101694 0.2044491525423729 0.08686440677966102 0.06567796610169492
0 0.8315677966101694 0.07415254237288135 0.08686440677966102 0.06567796610169492
5 0.815677966101695 0.3559322033898305 0.03177966101694915 0.0423728813559322
3 0.10699152542372882 0.871822033898305 0.006355932203389831 0.05508474576271186
3 0.13771186440677965 0.7902542372881356 0.0211864406779661 0.0211864406779661
3 0.10699152542372882 0.649364406779661 0.006355932203389831 0.25
3 0.3061440677966102 0.649364406779661 0.006355932203389831 0.25
3 0.3495762711864407 0.7521186440677966 0.08050847457627118 0.006355932203389831
3 0.3061440677966102 0.3347457627118644 0.006355932203389831 0.25
3 0.3495762711864407 0.22033898305084745 0.059322033898305086 0.006355932203389831
3 0.4576271186440678 0.6271186440677966 0.006355932203389831 0.1843220338983051
3 0.4576271186440678 0.361228813559322 0.006355932203389831 0.23940677966101695
3 0.5879237288135594 0.4894067796610169 0.1419491525423729 0.006355932203389831
3 0.6366525423728814 0.8188559322033898 0.336864406779661 0.006355932203389831
3 0.4682203389830508 0.784957627118644 0.006355932203389831 0.06567796610169492
3 0.6260593220338984 0.1430084745762712 0.3580508474576271 0.006355932203389831
3 0.4470338983050847 0.1663135593220339 0.006355932203389831 0.05508474576271186
6 0.4904661016949153 0.823093220338983 0.9067796610169492 0.326271186440678
6 0.4279661016949153 0.4809322033898305 0.6949152542372882 0.3029661016949153
6 0.4894067796610169 0.15360169491525424 0.9067796610169492 0.3072033898305085