2 0.9334677419354839 0.1381048387096774 0.05241935483870968 0.09274193548387097
2 0.8145161290322581 0.1381048387096774 0.05241935483870968 0.09274193548387097
5 0.5131048387096774 0.1280241935483871 0.0625 0.07258064516129033
2 0.4102822580645161 0.1381048387096774 0.05241935483870968 0.09274193548387097
2 0.10080645161290322 0.1381048387096774 0.05241935483870968 0.09274193548387097
5 0.5161290322580645 0.3245967741935484 0.0625 0.07258064516129033
4 0.5161290322580645 0.4637096774193548 0.05241935483870968 0.0625
2 0.7610887096774194 0.4637096774193548 0.05241935483870968 0.08266129032258064
2 0.2550403225806452 0.4425403225806452 0.04032258064516129 0.08266129032258064
2 0.5161290322580645 0.6754032258064516 0.0625 0.09274193548387097
0 0.8951612903225806 0.8195564516129032 0.0625 0.08266129032258064
0 0.7711693548387096 0.8195564516129032 0.0625 0.08266129032258064
0 0.24495967741935484 0.8195564516129032 0.0625 0.08266129032258064
0 0.12096774193548387 0.8195564516129032 0.0625 0.08266129032258064
5 0.38911290322580644 0.8044354838709677 0.04032258064516129 0.03024193548387097
3 0.8800403225806451 0.13004032258064516 0.05241935483870968 0.006048387096774193
3 0.8024193548387096 0.1592741935483871 0.020161290322580645 0.020161290322580645
3 0.6683467741935484 0.13004032258064516 0.23790322580645162 0.006048387096774193
3 0.6683467741935484 0.31955645161290325 0.23790322580645162 0.006048387096774193
3 0.7661290322580645 0.36088709677419356 0.006048387096774193 0.07661290322580645
3 0.3689516129032258 0.31955645161290325 0.23790322580645162 0.006048387096774193
3 0.2600806451612903 0.36088709677419356 0.006048387096774193 0.056451612903225805
3 0.6471774193548387 0.4637096774193548 0.17540322580645162 0.006048387096774193
3 0.3941532258064516 0.4637096774193548 0.22782258064516128 0.006048387096774193
3 0.5161290322580645 0.5877016129032258 0.006048387096774193 0.1350806451612903
3 0.8296370967741935 0.6340725806451613 0.006048387096774193 0.32056451612903225
3 0.7973790322580645 0.4737903225806452 0.0625 0.006048387096774193
3 0.18649193548387097 0.623991935483871 0.006048387096774193 0.3407258064516129
3 0.2086693548387097 0.4536290322580645 0.05241935483870968 0.006048387096774193
6 0.8336693548387096 0.4949596774193548 0.31048387096774194 0.8629032258064516
6 0.5080645161290323 0.43548387096774194 0.28830645161290325 0.6612903225806451
6 0.18649193548387097 0.4949596774193548 0.31048387096774194 0.8629032258064516