2 0.1355421686746988 0.0783132530120482 0.09236947791164658 0.05220883534136546
2 0.1355421686746988 0.19678714859437751 0.09236947791164658 0.05220883534136546
5 0.12550200803212852 0.49698795180722893 0.07228915662650602 0.06224899598393574
2 0.1355421686746988 0.5993975903614458 0.09236947791164658 0.05220883534136546
2 0.1355421686746988 0.9076305220883534 0.09236947791164658 0.05220883534136546
5 0.321285140562249 0.4939759036144578 0.07228915662650602 0.06224899598393574
4 0.4598393574297189 0.4939759036144578 0.06224899598393574 0.05220883534136546
2 0.4598393574297189 0.25 0.0823293172690763 0.05220883534136546
2 0.4387550200803213 0.7540160642570282 0.0823293172690763 0.040160642570281124
2 0.6706827309236948 0.4939759036144578 0.09236947791164658 0.06224899598393574
0 0.8142570281124498 0.11646586345381527 0.0823293172690763 0.06224899598393574
0 0.8142570281124498 0.2399598393574297 0.0823293172690763 0.06224899598393574
0 0.8142570281124498 0.7640562248995983 0.0823293172690763 0.06224899598393574
0 0.8142570281124498 0.8875502008032129 0.0823293172690763 0.06224899598393574
5 0.7991967871485943 0.6204819277108434 0.030120481927710843 0.040160642570281124
3 0.12751004016064257 0.13152610441767068 0.006024096385542169 0.05220883534136546
3 0.1566265060240964 0.20883534136546184 0.020080321285140562 0.020080321285140562
3 0.12751004016064257 0.34236947791164657 0.006024096385542169 0.23694779116465864
3 0.31626506024096385 0.34236947791164657 0.006024096385542169 0.23694779116465864
3 0.357429718875502 0.24497991967871485 0.07630522088353414 0.006024096385542169
3 0.31626506024096385 0.6405622489959839 0.006024096385542169 0.23694779116465864
3 0.357429718875502 0.748995983935743 0.05622489959839357 0.006024096385542169
3 0.4598393574297189 0.3634538152610442 0.006024096385542169 0.1746987951807229
3 0.4598393574297189 0.6154618473895582 0.006024096385542169 0.22690763052208834
3 0.5833333333333334 0.4939759036144578 0.13453815261044177 0.006024096385542169
3 0.6295180722891566 0.1817269076305221 0.3192771084337349 0.006024096385542169
3 0.46987951807228917 0.21385542168674698 0.006024096385542169 0.06224899598393574
3 0.6194779116465864 0.822289156626506 0.3393574297188755 0.006024096385542169
3 0.4497991967871486 0.8002008032128514 0.006024096385542169 0.05220883534136546
6 0.49096385542168675 0.17771084337349397 0.8594377510040161 0.3092369477911647
6 0.43172690763052207 0.5020080321285141 0.6586345381526104 0.28714859437751006
6 0.49096385542168675 0.822289156626506 0.8594377510040161 0.3092369477911647