2 0.06458333333333334 0.08854166666666667 0.05416666666666667 0.09583333333333334
2 0.1875 0.08854166666666667 0.05416666666666667 0.09583333333333334
5 0.49895833333333334 0.078125 0.06458333333333334 0.075
2 0.6052083333333333 0.08854166666666667 0.05416666666666667 0.09583333333333334
2 0.925 0.08854166666666667 0.05416666666666667 0.09583333333333334
5 0.49583333333333335 0.28125 0.06458333333333334 0.075
4 0.49583333333333335 0.425 0.05416666666666667 0.06458333333333334
2 0.24270833333333333 0.425 0.05416666666666667 0.08541666666666667
2 0.765625 0.403125 0.041666666666666664 0.08541666666666667
2 0.49583333333333335 0.64375 0.06458333333333334 0.09583333333333334
0 0.10416666666666667 0.7927083333333333 0.06458333333333334 0.08541666666666667
0 0.23229166666666667 0.7927083333333333 0.06458333333333334 0.08541666666666667
0 0.7760416666666666 0.7927083333333333 0.06458333333333334 0.08541666666666667
0 0.9041666666666667 0.7927083333333333 0.06458333333333334 0.08541666666666667
5 0.6270833333333333 0.7770833333333333 0.041666666666666664 0.03125
3 0.11979166666666667 0.08020833333333334 0.05416666666666667 0.00625
3 0.2 0.11041666666666666 0.020833333333333332 0.020833333333333332
3 0.3385416666666667 0.08020833333333334 0.24583333333333332 0.00625
3 0.3385416666666667 0.2760416666666667 0.24583333333333332 0.00625
3 0.2375 0.31875 0.00625 0.07916666666666666
3 0.6479166666666667 0.2760416666666667 0.24583333333333332 0.00625
3 0.7604166666666666 0.31875 0.00625 0.058333333333333334
3 0.36041666666666666 0.425 0.18125 0.00625
3 0.621875 0.425 0.23541666666666666 0.00625
3 0.49583333333333335 0.553125 0.00625 0.13958333333333334
3 0.171875 0.6010416666666667 0.00625 0.33125
3 0.20520833333333333 0.4354166666666667 0.06458333333333334 0.00625
3 0.8364583333333333 0.590625 0.00625 0.35208333333333336
3 0.8135416666666667 0.41458333333333336 0.05416666666666667 0.00625
6 0.16770833333333332 0.45729166666666665 0.32083333333333336 0.8916666666666667
6 0.5041666666666667 0.3958333333333333 0.29791666666666666 0.6833333333333333
6 0.8364583333333333 0.45729166666666665 0.32083333333333336 0.8916666666666667