2 0.0873015873015873 0.1378968253968254 0.051587301587301584 0.09126984126984126
2 0.20436507936507936 0.1378968253968254 0.051587301587301584 0.09126984126984126
5 0.5009920634920635 0.12797619047619047 0.061507936507936505 0.07142857142857142
2 0.6021825396825397 0.1378968253968254 0.051587301587301584 0.09126984126984126
2 0.9067460317460317 0.1378968253968254 0.051587301587301584 0.09126984126984126
5 0.498015873015873 0.32142857142857145 0.061507936507936505 0.07142857142857142
4 0.498015873015873 0.4583333333333333 0.051587301587301584 0.061507936507936505
2 0.2569444444444444 0.4583333333333333 0.051587301587301584 0.08134920634920635
2 0.7549603174603174 0.4375 0.03968253968253968 0.08134920634920635
2 0.498015873015873 0.6666666666666666 0.061507936507936505 0.09126984126984126
0 0.125 0.808531746031746 0.061507936507936505 0.08134920634920635
0 0.24702380952380953 0.808531746031746 0.061507936507936505 0.08134920634920635
0 0.7648809523809523 0.808531746031746 0.061507936507936505 0.08134920634920635
0 0.8869047619047619 0.808531746031746 0.061507936507936505 0.08134920634920635
5 0.623015873015873 0.7936507936507936 0.03968253968253968 0.02976190476190476
3 0.13988095238095238 0.12996031746031747 0.051587301587301584 0.005952380952380952
3 0.21626984126984128 0.15873015873015872 0.01984126984126984 0.01984126984126984
3 0.3482142857142857 0.12996031746031747 0.23412698412698413 0.005952380952380952
3 0.3482142857142857 0.31646825396825395 0.23412698412698413 0.005952380952380952
3 0.251984126984127 0.35714285714285715 0.005952380952380952 0.07539682539682539
3 0.6428571428571429 0.31646825396825395 0.23412698412698413 0.005952380952380952
3 0.75 0.35714285714285715 0.005952380952380952 0.05555555555555555
3 0.36904761904761907 0.4583333333333333 0.17261904761904762 0.005952380952380952
3 0.6180555555555556 0.4583333333333333 0.22420634920634921 0.005952380952380952
3 0.498015873015873 0.5803571428571429 0.005952380952380952 0.13293650793650794
3 0.18948412698412698 0.6259920634920635 0.005952380952380952 0.31547619047619047
3 0.22123015873015872 0.46825396825396826 0.061507936507936505 0.005952380952380952
3 0.8224206349206349 0.6160714285714286 0.005952380952380952 0.3353174603174603
3 0.8005952380952381 0.44841269841269843 0.051587301587301584 0.005952380952380952
6 0.18551587301587302 0.48908730158730157 0.3055555555555556 0.8492063492063492
6 0.5059523809523809 0.4305555555555556 0.2837301587301587 0.6507936507936508
6 0.8224206349206349 0.48908730158730157 0.3055555555555556 0.8492063492063492