0 0.072 0.164 0.144 0.092
2 0.569 0.16 0.052 0.072
2 0.466 0.16 0.052 0.072
2 0.2 0.155 0.052 0.072
2 0.166 0.319 0.052 0.072
2 0.166 0.421 0.052 0.072
2 0.166 0.518 0.052 0.072
2 0.166 0.595 0.052 0.072
2 0.166 0.687 0.052 0.072
2 0.166 0.774 0.052 0.072
2 0.472 0.764 0.052 0.072
2 0.374 0.764 0.052 0.072
4 0.313 0.155 0.052 0.072
4 0.574 0.324 0.052 0.072
4 0.441 0.539 0.154 0.154
5 0.725 0.36 0.052 0.072
5 0.725 0.472 0.052 0.072
5 0.725 0.554 0.052 0.072
5 0.472 0.324 0.052 0.072
5 0.349 0.324 0.052 0.072
3 0.818 0.493 0.03 0.008
3 0.715 0.206 0.006 0.122
3 0.666 0.144 0.102 0.008
3 0.415 0.155 0.052 0.008
3 0.275 0.155 0.052 0.008
3 0.159 0.155 0.04 0.008
3 0.379 0.114 0.006 0.082
3 0.425 0.354 0.006 0.082
3 0.379 0.4 0.082 0.008
3 0.41 0.324 0.072 0.008
3 0.277 0.324 0.092 0.008
3 0.41 0.5 0.134 0.008
3 0.587 0.457 0.006 0.184
3 0.548 0.508 0.082 0.008
3 0.625 0.539 0.082 0.008
3 0.441 0.662 0.006 0.102
3 0.103 0.513 0.008 0.256
3 0.118 0.385 0.03 0.008
3 0.118 0.646 0.03 0.008
6 0.889 0.418 0.148 0.594
6 0.722 0.462 0.134 0.358
6 0.518 0.155 0.204 0.154
6 0.425 0.774 0.204 0.154
6 0.166 0.528 0.128 0.614