0 0.15376984126984128 0.08035714285714286 0.09126984126984126 0.1527777777777778
2 0.1488095238095238 0.5783730158730159 0.07142857142857142 0.051587301587301584
2 0.1488095238095238 0.47619047619047616 0.07142857142857142 0.051587301587301584
2 0.14384920634920634 0.2123015873015873 0.07142857142857142 0.051587301587301584
2 0.30654761904761907 0.17857142857142858 0.07142857142857142 0.051587301587301584
2 0.40773809523809523 0.17857142857142858 0.07142857142857142 0.051587301587301584
2 0.503968253968254 0.17857142857142858 0.07142857142857142 0.051587301587301584
2 0.5803571428571429 0.17857142857142858 0.07142857142857142 0.051587301587301584
2 0.6716269841269841 0.17857142857142858 0.07142857142857142 0.051587301587301584
2 0.7579365079365079 0.17857142857142858 0.07142857142857142 0.051587301587301584
2 0.748015873015873 0.48214285714285715 0.07142857142857142 0.051587301587301584
2 0.748015873015873 0.38492063492063494 0.07142857142857142 0.051587301587301584
4 0.14384920634920634 0.3244047619047619 0.07142857142857142 0.051587301587301584
4 0.3115079365079365 0.5833333333333334 0.07142857142857142 0.051587301587301584
4 0.5248015873015873 0.4513888888888889 0.1527777777777778 0.1527777777777778
5 0.3472222222222222 0.7331349206349206 0.07142857142857142 0.051587301587301584
5 0.4583333333333333 0.7331349206349206 0.07142857142857142 0.051587301587301584
5 0.5396825396825397 0.7331349206349206 0.07142857142857142 0.051587301587301584
5 0.3115079365079365 0.48214285714285715 0.07142857142857142 0.051587301587301584
5 0.3115079365079365 0.3601190476190476 0.07142857142857142 0.051587301587301584
3 0.4791666666666667 0.8253968253968254 0.007936507936507936 0.02976190476190476
3 0.19444444444444445 0.7232142857142857 0.12103174603174603 0.005952380952380952
3 0.13293650793650794 0.6746031746031746 0.007936507936507936 0.10119047619047619
3 0.14384920634920634 0.4255952380952381 0.007936507936507936 0.051587301587301584
3 0.14384920634920634 0.2867063492063492 0.007936507936507936 0.051587301587301584
3 0.14384920634920634 0.17162698412698413 0.007936507936507936 0.03968253968253968
3 0.10317460317460317 0.3898809523809524 0.08134920634920635 0.005952380952380952
3 0.3412698412698413 0.435515873015873 0.08134920634920635 0.005952380952380952
3 0.3869047619047619 0.3898809523809524 0.007936507936507936 0.08134920634920635
3 0.3115079365079365 0.42063492063492064 0.007936507936507936 0.07142857142857142
3 0.3115079365079365 0.28869047619047616 0.007936507936507936 0.09126984126984126
3 0.4861111111111111 0.42063492063492064 0.007936507936507936 0.13293650793650794
3 0.44345238095238093 0.5962301587301587 0.18253968253968253 0.005952380952380952
3 0.49404761904761907 0.5575396825396826 0.007936507936507936 0.08134920634920635
3 0.5248015873015873 0.6339285714285714 0.007936507936507936 0.08134920634920635
3 0.6468253968253969 0.4513888888888889 0.10119047619047619 0.005952380952380952
3 0.4990079365079365 0.11607142857142858 0.25396825396825395 0.007936507936507936
3 0.37202380952380953 0.13095238095238096 0.007936507936507936 0.02976190476190476
3 0.6309523809523809 0.13095238095238096 0.007936507936507936 0.02976190476190476
6 0.40476190476190477 0.8958333333333334 0.5892857142857143 0.14682539682539683
6 0.44841269841269843 0.7301587301587301 0.3551587301587302 0.13293650793650794
6 0.14384920634920634 0.5277777777777778 0.1527777777777778 0.20238095238095238
6 0.7579365079365079 0.435515873015873 0.1527777777777778 0.20238095238095238
6 0.5138888888888888 0.17857142857142858 0.6091269841269841 0.12698412698412698