0 0.8453815261044176 0.07429718875502007 0.09236947791164658 0.14859437751004015
2 0.8493975903614458 0.5753012048192772 0.07228915662650602 0.05220883534136546
2 0.8493975903614458 0.4718875502008032 0.07228915662650602 0.05220883534136546
2 0.8544176706827309 0.20481927710843373 0.07228915662650602 0.05220883534136546
2 0.6897590361445783 0.1706827309236948 0.07228915662650602 0.05220883534136546
2 0.5873493975903614 0.1706827309236948 0.07228915662650602 0.05220883534136546
2 0.4899598393574297 0.1706827309236948 0.07228915662650602 0.05220883534136546
2 0.4126506024096386 0.1706827309236948 0.07228915662650602 0.05220883534136546
2 0.32028112449799195 0.1706827309236948 0.07228915662650602 0.05220883534136546
2 0.23293172690763053 0.1706827309236948 0.07228915662650602 0.05220883534136546
2 0.2429718875502008 0.4779116465863454 0.07228915662650602 0.05220883534136546
2 0.2429718875502008 0.3795180722891566 0.07228915662650602 0.05220883534136546
4 0.8544176706827309 0.31827309236947793 0.07228915662650602 0.05220883534136546
4 0.6847389558232931 0.5803212851405622 0.07228915662650602 0.05220883534136546
4 0.46887550200803213 0.4467871485943775 0.15461847389558234 0.15461847389558234
5 0.6485943775100401 0.7319277108433735 0.07228915662650602 0.05220883534136546
5 0.536144578313253 0.7319277108433735 0.07228915662650602 0.05220883534136546
5 0.4538152610441767 0.7319277108433735 0.07228915662650602 0.05220883534136546
5 0.6847389558232931 0.4779116465863454 0.07228915662650602 0.05220883534136546
5 0.6847389558232931 0.35441767068273095 0.07228915662650602 0.05220883534136546
3 0.5150602409638554 0.8253012048192772 0.008032128514056224 0.030120481927710843
3 0.8032128514056225 0.7218875502008032 0.12248995983935743 0.006024096385542169
3 0.8654618473895582 0.6726907630522089 0.008032128514056224 0.10240963855421686
3 0.8544176706827309 0.4206827309236948 0.008032128514056224 0.05220883534136546
3 0.8544176706827309 0.28012048192771083 0.008032128514056224 0.05220883534136546
3 0.8544176706827309 0.1636546184738956 0.008032128514056224 0.040160642570281124
3 0.8955823293172691 0.3845381526104418 0.0823293172690763 0.006024096385542169
3 0.6546184738955824 0.4307228915662651 0.0823293172690763 0.006024096385542169
3 0.608433734939759 0.3845381526104418 0.008032128514056224 0.0823293172690763
3 0.6847389558232931 0.41566265060240964 0.008032128514056224 0.07228915662650602
3 0.6847389558232931 0.2821285140562249 0.008032128514056224 0.09236947791164658
3 0.5080321285140562 0.41566265060240964 0.008032128514056224 0.13453815261044177
3 0.5512048192771084 0.5933734939759037 0.18473895582329317 0.006024096385542169
3 0.5 0.5542168674698795 0.008032128514056224 0.0823293172690763
3 0.46887550200803213 0.6315261044176707 0.008032128514056224 0.0823293172690763
3 0.3453815261044177 0.4467871485943775 0.10240963855421686 0.006024096385542169
3 0.49497991967871485 0.10742971887550201 0.2570281124497992 0.008032128514056224
3 0.6234939759036144 0.12248995983935743 0.008032128514056224 0.030120481927710843
3 0.3614457831325301 0.12248995983935743 0.008032128514056224 0.030120481927710843
6 0.5903614457831325 0.8965863453815262 0.5963855421686747 0.14859437751004015
6 0.5461847389558233 0.7289156626506024 0.35943775100401604 0.13453815261044177
6 0.8544176706827309 0.5240963855421686 0.15461847389558234 0.20481927710843373
6 0.23293172690763053 0.4307228915662651 0.15461847389558234 0.20481927710843373
6 0.4799196787148594 0.1706827309236948 0.6164658634538153 0.1285140562248996