6 0.88623046875 0.4150390625 0.1416015625 0.490234375
6 0.52392578125 0.15087890625 0.1962890625 0.1513671875
6 0.72607421875 0.455078125 0.1220703125 0.33984375
6 0.43310546875 0.7578125 0.1982421875 0.1494140625
6 0.18310546875 0.51806640625 0.1220703125 0.58984375
0 0.88623046875 0.25390625 0.0615234375 0.0615234375
0 0.88623046875 0.3798828125 0.0615234375 0.0615234375
0 0.88623046875 0.4912109375 0.0615234375 0.0615234375
0 0.10205078125 0.15087890625 0.0615234375 0.0615234375
2 0.580078125 0.15087890625 0.0458984375 0.076171875
2 0.46923828125 0.15087890625 0.0458984375 0.076171875
2 0.72607421875 0.35400390625 0.0458984375 0.076171875
1 0.72607421875 0.46484375 0.0458984375 0.076171875
1 0.72607421875 0.544921875 0.0458984375 0.076171875
4 0.580078125 0.31982421875 0.0458984375 0.076171875
1 0.48779296875 0.31982421875 0.0458984375 0.076171875
2 0.365234375 0.31982421875 0.0458984375 0.076171875
4 0.44677734375 0.5361328125 0.1416015625 0.169921875
4 0.32177734375 0.15087890625 0.0458984375 0.076171875
2 0.21923828125 0.15087890625 0.0458984375 0.076171875
2 0.18310546875 0.3017578125 0.0458984375 0.076171875
4 0.18310546875 0.39501953125 0.0458984375 0.076171875
2 0.18310546875 0.5048828125 0.0458984375 0.076171875
2 0.18310546875 0.5849609375 0.0458984375 0.076171875
2 0.18310546875 0.669921875 0.0458984375 0.076171875
2 0.18310546875 0.7548828125 0.0458984375 0.076171875
2 0.48193359375 0.7509765625 0.0458984375 0.076171875
2 0.384765625 0.7509765625 0.0458984375 0.076171875
3 0.81494140625 0.48193359375 0.0380859375 0.0048828125
3 0.68505859375 0.14501953125 0.0654296875 0.08984375
3 0.416015625 0.6650390625 0.0048828125 0.08984375
3 0.55419921875 0.490234375 0.08203125 0.115234375
3 0.55419921875 0.51513671875 0.1376953125 0.115234375
3 0.43505859375 0.31982421875 0.0595703125 0.0048828125
3 0.4921875 0.3701171875 0.0048828125 0.08984375
3 0.34619140625 0.51513671875 0.2001953125 0.115234375
3 0.4248046875 0.7548828125 0.0048828125 0.0595703125
3 0.38818359375 0.15087890625 0.08203125 0.0048828125
3 0.27001953125 0.15087890625 0.0517578125 0.0048828125
3 0.18310546875 0.15087890625 0.0615234375 0.099609375