0 0.12603305785123967 0.060950413223140494 0.09504132231404959 0.12190082644628099
2 0.12190082644628099 0.5609504132231405 0.0743801652892562 0.05371900826446281
2 0.12190082644628099 0.45454545454545453 0.0743801652892562 0.05371900826446281
2 0.11673553719008264 0.1797520661157025 0.0743801652892562 0.05371900826446281
2 0.28615702479338845 0.1446280991735537 0.0743801652892562 0.05371900826446281
2 0.3915289256198347 0.1446280991735537 0.0743801652892562 0.05371900826446281
2 0.49173553719008267 0.1446280991735537 0.0743801652892562 0.05371900826446281
2 0.5712809917355371 0.1446280991735537 0.0743801652892562 0.05371900826446281
2 0.6663223140495868 0.1446280991735537 0.0743801652892562 0.05371900826446281
2 0.756198347107438 0.1446280991735537 0.0743801652892562 0.05371900826446281
2 0.7458677685950413 0.4607438016528926 0.0743801652892562 0.05371900826446281
2 0.7458677685950413 0.359504132231405 0.0743801652892562 0.05371900826446281
4 0.11673553719008264 0.2964876033057851 0.0743801652892562 0.05371900826446281
4 0.29132231404958675 0.5661157024793388 0.0743801652892562 0.05371900826446281
4 0.5134297520661157 0.4287190082644628 0.1590909090909091 0.1590909090909091
5 0.3285123966942149 0.7221074380165289 0.0743801652892562 0.05371900826446281
5 0.44421487603305787 0.7221074380165289 0.0743801652892562 0.05371900826446281
5 0.5289256198347108 0.7221074380165289 0.0743801652892562 0.05371900826446281
5 0.29132231404958675 0.4607438016528926 0.0743801652892562 0.05371900826446281
5 0.29132231404958675 0.33367768595041325 0.0743801652892562 0.05371900826446281
3 0.4659090909090909 0.8181818181818182 0.008264462809917356 0.030991735537190084
3 0.16942148760330578 0.7117768595041323 0.12603305785123967 0.006198347107438017
3 0.10537190082644628 0.6611570247933884 0.008264462809917356 0.10537190082644628
3 0.11673553719008264 0.4018595041322314 0.008264462809917356 0.05371900826446281
3 0.11673553719008264 0.2572314049586777 0.008264462809917356 0.05371900826446281
3 0.11673553719008264 0.13739669421487602 0.008264462809917356 0.04132231404958678
3 0.0743801652892562 0.3646694214876033 0.08471074380165289 0.006198347107438017
3 0.32231404958677684 0.4121900826446281 0.08471074380165289 0.006198347107438017
3 0.36983471074380164 0.3646694214876033 0.008264462809917356 0.08471074380165289
3 0.29132231404958675 0.39669421487603307 0.008264462809917356 0.0743801652892562
3 0.29132231404958675 0.259297520661157 0.008264462809917356 0.09504132231404959
3 0.4731404958677686 0.39669421487603307 0.008264462809917356 0.1384297520661157
3 0.4287190082644628 0.5795454545454546 0.19008264462809918 0.006198347107438017
3 0.48140495867768596 0.5392561983471075 0.008264462809917356 0.08471074380165289
3 0.5134297520661157 0.618801652892562 0.008264462809917356 0.08471074380165289
3 0.640495867768595 0.4287190082644628 0.10537190082644628 0.006198347107438017
3 0.4865702479338843 0.07954545454545454 0.2644628099173554 0.008264462809917356
3 0.3543388429752066 0.09504132231404959 0.008264462809917356 0.030991735537190084
3 0.6239669421487604 0.09504132231404959 0.008264462809917356 0.030991735537190084
6 0.3884297520661157 0.8915289256198347 0.6136363636363636 0.15289256198347106
6 0.43388429752066116 0.71900826446281 0.36983471074380164 0.1384297520661157
6 0.11673553719008264 0.5082644628099173 0.1590909090909091 0.21074380165289255
6 0.756198347107438 0.4121900826446281 0.1590909090909091 0.21074380165289255
6 0.5020661157024794 0.1446280991735537 0.6342975206611571 0.1322314049586777