0 0.9272151898734177 0.1308016877637131 0.14556962025316456 0.0970464135021097
2 0.4061181434599156 0.12658227848101267 0.05485232067510549 0.0759493670886076
2 0.5147679324894515 0.12658227848101267 0.05485232067510549 0.0759493670886076
2 0.7953586497890295 0.12130801687763713 0.05485232067510549 0.0759493670886076
2 0.8312236286919831 0.29430379746835444 0.05485232067510549 0.0759493670886076
2 0.8312236286919831 0.40189873417721517 0.05485232067510549 0.0759493670886076
2 0.8312236286919831 0.5042194092827004 0.05485232067510549 0.0759493670886076
2 0.8312236286919831 0.5854430379746836 0.05485232067510549 0.0759493670886076
2 0.8312236286919831 0.6824894514767933 0.05485232067510549 0.0759493670886076
2 0.8312236286919831 0.7742616033755274 0.05485232067510549 0.0759493670886076
2 0.5084388185654009 0.7637130801687764 0.05485232067510549 0.0759493670886076
2 0.6118143459915611 0.7637130801687764 0.05485232067510549 0.0759493670886076
4 0.6761603375527426 0.12130801687763713 0.05485232067510549 0.0759493670886076
4 0.4008438818565401 0.29957805907172996 0.05485232067510549 0.0759493670886076
4 0.5411392405063291 0.5263713080168776 0.16244725738396623 0.16244725738396623
5 0.24156118143459915 0.33755274261603374 0.05485232067510549 0.0759493670886076
5 0.24156118143459915 0.45569620253164556 0.05485232067510549 0.0759493670886076
5 0.24156118143459915 0.5421940928270043 0.05485232067510549 0.0759493670886076
5 0.5084388185654009 0.29957805907172996 0.05485232067510549 0.0759493670886076
5 0.6381856540084389 0.29957805907172996 0.05485232067510549 0.0759493670886076
3 0.14345991561181434 0.4778481012658228 0.03164556962025317 0.008438818565400843
3 0.2521097046413502 0.1751054852320675 0.006329113924050633 0.12869198312236288
3 0.3037974683544304 0.10970464135021098 0.10759493670886076 0.008438818565400843
3 0.5685654008438819 0.12130801687763713 0.05485232067510549 0.008438818565400843
3 0.7162447257383966 0.12130801687763713 0.05485232067510549 0.008438818565400843
3 0.8386075949367089 0.12130801687763713 0.04219409282700422 0.008438818565400843
3 0.6065400843881856 0.07805907172995781 0.006329113924050633 0.08649789029535865
3 0.5580168776371308 0.33122362869198313 0.006329113924050633 0.08649789029535865
3 0.6065400843881856 0.379746835443038 0.08649789029535865 0.008438818565400843
3 0.5738396624472574 0.29957805907172996 0.0759493670886076 0.008438818565400843
3 0.7141350210970464 0.29957805907172996 0.0970464135021097 0.008438818565400843
3 0.5738396624472574 0.48523206751054854 0.14135021097046413 0.008438818565400843
3 0.3871308016877637 0.439873417721519 0.006329113924050633 0.1940928270042194
3 0.4282700421940928 0.4936708860759494 0.08649789029535865 0.008438818565400843
3 0.3470464135021097 0.5263713080168776 0.08649789029535865 0.008438818565400843
3 0.5411392405063291 0.6561181434599156 0.006329113924050633 0.10759493670886076
3 0.8976793248945147 0.4989451476793249 0.008438818565400843 0.270042194092827
3 0.8818565400843882 0.3639240506329114 0.03164556962025317 0.008438818565400843
3 0.8818565400843882 0.6392405063291139 0.03164556962025317 0.008438818565400843
6 0.07278481012658228 0.39767932489451474 0.14556962025316456 0.6265822784810127
6 0.24472573839662448 0.4451476793248945 0.14135021097046413 0.37763713080168776
6 0.459915611814346 0.12130801687763713 0.21518987341772153 0.16244725738396623
6 0.5580168776371308 0.7742616033755274 0.21518987341772153 0.16244725738396623
6 0.8312236286919831 0.5147679324894515 0.1350210970464135 0.6476793248945147