0 0.06714876033057851 0.1384297520661157 0.13429752066115702 0.09504132231404959
2 0.5733471074380165 0.13429752066115702 0.05371900826446281 0.0743801652892562
2 0.4669421487603306 0.13429752066115702 0.05371900826446281 0.0743801652892562
2 0.1921487603305785 0.12913223140495866 0.05371900826446281 0.0743801652892562
2 0.15702479338842976 0.29855371900826444 0.05371900826446281 0.0743801652892562
2 0.15702479338842976 0.40392561983471076 0.05371900826446281 0.0743801652892562
2 0.15702479338842976 0.5041322314049587 0.05371900826446281 0.0743801652892562
2 0.15702479338842976 0.5836776859504132 0.05371900826446281 0.0743801652892562
2 0.15702479338842976 0.6787190082644629 0.05371900826446281 0.0743801652892562
2 0.15702479338842976 0.768595041322314 0.05371900826446281 0.0743801652892562
2 0.4731404958677686 0.7582644628099173 0.05371900826446281 0.0743801652892562
2 0.371900826446281 0.7582644628099173 0.05371900826446281 0.0743801652892562
4 0.30888429752066116 0.12913223140495866 0.05371900826446281 0.0743801652892562
4 0.5785123966942148 0.3037190082644628 0.05371900826446281 0.0743801652892562
4 0.44111570247933884 0.5258264462809917 0.1590909090909091 0.1590909090909091
5 0.734504132231405 0.3409090909090909 0.05371900826446281 0.0743801652892562
5 0.734504132231405 0.45661157024793386 0.05371900826446281 0.0743801652892562
5 0.734504132231405 0.5413223140495868 0.05371900826446281 0.0743801652892562
5 0.4731404958677686 0.3037190082644628 0.05371900826446281 0.0743801652892562
5 0.34607438016528924 0.3037190082644628 0.05371900826446281 0.0743801652892562
3 0.8305785123966942 0.47830578512396693 0.030991735537190084 0.008264462809917356
3 0.7241735537190083 0.18181818181818182 0.006198347107438017 0.12603305785123967
3 0.6735537190082644 0.11776859504132231 0.10537190082644628 0.008264462809917356
3 0.4142561983471074 0.12913223140495866 0.05371900826446281 0.008264462809917356
3 0.26962809917355374 0.12913223140495866 0.05371900826446281 0.008264462809917356
3 0.14979338842975207 0.12913223140495866 0.04132231404958678 0.008264462809917356
3 0.37706611570247933 0.08677685950413223 0.006198347107438017 0.08471074380165289
3 0.42458677685950413 0.3347107438016529 0.006198347107438017 0.08471074380165289
3 0.37706611570247933 0.3822314049586777 0.08471074380165289 0.008264462809917356
3 0.4090909090909091 0.3037190082644628 0.0743801652892562 0.008264462809917356
3 0.27169421487603307 0.3037190082644628 0.09504132231404959 0.008264462809917356
3 0.4090909090909091 0.4855371900826446 0.1384297520661157 0.008264462809917356
3 0.5919421487603306 0.44111570247933884 0.006198347107438017 0.19008264462809918
3 0.5516528925619835 0.493801652892562 0.08471074380165289 0.008264462809917356
3 0.631198347107438 0.5258264462809917 0.08471074380165289 0.008264462809917356
3 0.44111570247933884 0.6528925619834711 0.006198347107438017 0.10537190082644628
3 0.09194214876033058 0.4989669421487603 0.008264462809917356 0.2644628099173554
3 0.10743801652892562 0.36673553719008267 0.030991735537190084 0.008264462809917356
3 0.10743801652892562 0.6363636363636364 0.030991735537190084 0.008264462809917356
6 0.9039256198347108 0.40082644628099173 0.15289256198347106 0.6136363636363636
6 0.731404958677686 0.4462809917355372 0.1384297520661157 0.36983471074380164
6 0.5206611570247934 0.12913223140495866 0.21074380165289255 0.1590909090909091
6 0.42458677685950413 0.768595041322314 0.21074380165289255 0.1590909090909091
6 0.15702479338842976 0.5144628099173554 0.1322314049586777 0.6342975206611571