0 0.8677685950413223 0.06714876033057851 0.09504132231404959 0.13429752066115702
2 0.871900826446281 0.5733471074380165 0.0743801652892562 0.05371900826446281
2 0.871900826446281 0.4669421487603306 0.0743801652892562 0.05371900826446281
2 0.8770661157024794 0.1921487603305785 0.0743801652892562 0.05371900826446281
2 0.7076446280991735 0.15702479338842976 0.0743801652892562 0.05371900826446281
2 0.6022727272727273 0.15702479338842976 0.0743801652892562 0.05371900826446281
2 0.5020661157024794 0.15702479338842976 0.0743801652892562 0.05371900826446281
2 0.4225206611570248 0.15702479338842976 0.0743801652892562 0.05371900826446281
2 0.3274793388429752 0.15702479338842976 0.0743801652892562 0.05371900826446281
2 0.23760330578512398 0.15702479338842976 0.0743801652892562 0.05371900826446281
2 0.24793388429752067 0.4731404958677686 0.0743801652892562 0.05371900826446281
2 0.24793388429752067 0.371900826446281 0.0743801652892562 0.05371900826446281
4 0.8770661157024794 0.30888429752066116 0.0743801652892562 0.05371900826446281
4 0.7024793388429752 0.5785123966942148 0.0743801652892562 0.05371900826446281
4 0.48037190082644626 0.44111570247933884 0.1590909090909091 0.1590909090909091
5 0.6652892561983471 0.734504132231405 0.0743801652892562 0.05371900826446281
5 0.5495867768595041 0.734504132231405 0.0743801652892562 0.05371900826446281
5 0.46487603305785125 0.734504132231405 0.0743801652892562 0.05371900826446281
5 0.7024793388429752 0.4731404958677686 0.0743801652892562 0.05371900826446281
5 0.7024793388429752 0.34607438016528924 0.0743801652892562 0.05371900826446281
3 0.5278925619834711 0.8305785123966942 0.008264462809917356 0.030991735537190084
3 0.8243801652892562 0.7241735537190083 0.12603305785123967 0.006198347107438017
3 0.8884297520661157 0.6735537190082644 0.008264462809917356 0.10537190082644628
3 0.8770661157024794 0.4142561983471074 0.008264462809917356 0.05371900826446281
3 0.8770661157024794 0.26962809917355374 0.008264462809917356 0.05371900826446281
3 0.8770661157024794 0.14979338842975207 0.008264462809917356 0.04132231404958678
3 0.9194214876033058 0.37706611570247933 0.08471074380165289 0.006198347107438017
3 0.6714876033057852 0.42458677685950413 0.08471074380165289 0.006198347107438017
3 0.6239669421487604 0.37706611570247933 0.008264462809917356 0.08471074380165289
3 0.7024793388429752 0.4090909090909091 0.008264462809917356 0.0743801652892562
3 0.7024793388429752 0.27169421487603307 0.008264462809917356 0.09504132231404959
3 0.5206611570247934 0.4090909090909091 0.008264462809917356 0.1384297520661157
3 0.5650826446280992 0.5919421487603306 0.19008264462809918 0.006198347107438017
3 0.512396694214876 0.5516528925619835 0.008264462809917356 0.08471074380165289
3 0.48037190082644626 0.631198347107438 0.008264462809917356 0.08471074380165289
3 0.35330578512396693 0.44111570247933884 0.10537190082644628 0.006198347107438017
3 0.5072314049586777 0.09194214876033058 0.2644628099173554 0.008264462809917356
3 0.6394628099173554 0.10743801652892562 0.008264462809917356 0.030991735537190084
3 0.36983471074380164 0.10743801652892562 0.008264462809917356 0.030991735537190084
6 0.6053719008264463 0.9039256198347108 0.6136363636363636 0.15289256198347106
6 0.5599173553719008 0.731404958677686 0.36983471074380164 0.1384297520661157
6 0.8770661157024794 0.5206611570247934 0.1590909090909091 0.21074380165289255
6 0.23760330578512398 0.42458677685950413 0.1590909090909091 0.21074380165289255
6 0.49173553719008267 0.15702479338842976 0.6342975206611571 0.1322314049586777