0 0.9308943089430894 0.1483739837398374 0.13821138211382114 0.09349593495934959
2 0.4298780487804878 0.1443089430894309 0.052845528455284556 0.07317073170731707
2 0.5345528455284553 0.1443089430894309 0.052845528455284556 0.07317073170731707
2 0.8048780487804879 0.13922764227642276 0.052845528455284556 0.07317073170731707
2 0.8394308943089431 0.30589430894308944 0.052845528455284556 0.07317073170731707
2 0.8394308943089431 0.4095528455284553 0.052845528455284556 0.07317073170731707
2 0.8394308943089431 0.508130081300813 0.052845528455284556 0.07317073170731707
2 0.8394308943089431 0.5863821138211383 0.052845528455284556 0.07317073170731707
2 0.8394308943089431 0.6798780487804879 0.052845528455284556 0.07317073170731707
2 0.8394308943089431 0.7682926829268293 0.052845528455284556 0.07317073170731707
2 0.5284552845528455 0.758130081300813 0.052845528455284556 0.07317073170731707
2 0.6280487804878049 0.758130081300813 0.052845528455284556 0.07317073170731707
4 0.6900406504065041 0.13922764227642276 0.052845528455284556 0.07317073170731707
4 0.4247967479674797 0.31097560975609756 0.052845528455284556 0.07317073170731707
4 0.5599593495934959 0.5294715447154471 0.1565040650406504 0.1565040650406504
5 0.27134146341463417 0.3475609756097561 0.052845528455284556 0.07317073170731707
5 0.27134146341463417 0.4613821138211382 0.052845528455284556 0.07317073170731707
5 0.27134146341463417 0.5447154471544715 0.052845528455284556 0.07317073170731707
5 0.5284552845528455 0.31097560975609756 0.052845528455284556 0.07317073170731707
5 0.6534552845528455 0.31097560975609756 0.052845528455284556 0.07317073170731707
3 0.17682926829268292 0.48272357723577236 0.03048780487804878 0.008130081300813009
3 0.2815040650406504 0.1910569105691057 0.006097560975609756 0.12398373983739837
3 0.3313008130081301 0.12804878048780488 0.10365853658536585 0.008130081300813009
3 0.5863821138211383 0.13922764227642276 0.052845528455284556 0.008130081300813009
3 0.7286585365853658 0.13922764227642276 0.052845528455284556 0.008130081300813009
3 0.8465447154471545 0.13922764227642276 0.04065040650406504 0.008130081300813009
3 0.6229674796747967 0.0975609756097561 0.006097560975609756 0.08333333333333333
3 0.5762195121951219 0.34146341463414637 0.006097560975609756 0.08333333333333333
3 0.6229674796747967 0.3882113821138211 0.08333333333333333 0.008130081300813009
3 0.5914634146341463 0.31097560975609756 0.07317073170731707 0.008130081300813009
3 0.7266260162601627 0.31097560975609756 0.09349593495934959 0.008130081300813009
3 0.5914634146341463 0.4898373983739837 0.13617886178861788 0.008130081300813009
3 0.4115853658536585 0.44613821138211385 0.006097560975609756 0.18699186991869918
3 0.45121951219512196 0.49796747967479676 0.08333333333333333 0.008130081300813009
3 0.37296747967479676 0.5294715447154471 0.08333333333333333 0.008130081300813009
3 0.5599593495934959 0.6544715447154471 0.006097560975609756 0.10365853658536585
3 0.9034552845528455 0.5030487804878049 0.008130081300813009 0.2601626016260163
3 0.8882113821138211 0.37296747967479676 0.03048780487804878 0.008130081300813009
3 0.8882113821138211 0.6382113821138211 0.03048780487804878 0.008130081300813009
6 0.10467479674796748 0.4065040650406504 0.15040650406504066 0.6036585365853658
6 0.27439024390243905 0.45121951219512196 0.13617886178861788 0.3638211382113821
6 0.4817073170731707 0.13922764227642276 0.2073170731707317 0.1565040650406504
6 0.5762195121951219 0.7682926829268293 0.2073170731707317 0.1565040650406504
6 0.8394308943089431 0.5182926829268293 0.13008130081300814 0.6239837398373984