0 0.0849609375 0.1650390625 0.150390625 0.08984375
2 0.5751953125 0.16015625 0.05078125 0.0703125
2 0.474609375 0.16015625 0.05078125 0.0703125
2 0.21484375 0.1552734375 0.05078125 0.0703125
2 0.181640625 0.3154296875 0.05078125 0.0703125
2 0.181640625 0.4150390625 0.05078125 0.0703125
2 0.181640625 0.509765625 0.05078125 0.0703125
2 0.181640625 0.5849609375 0.05078125 0.0703125
2 0.181640625 0.6748046875 0.05078125 0.0703125
2 0.181640625 0.759765625 0.05078125 0.0703125
2 0.48046875 0.75 0.05078125 0.0703125
2 0.384765625 0.75 0.05078125 0.0703125
4 0.3251953125 0.1552734375 0.05078125 0.0703125
4 0.580078125 0.3203125 0.05078125 0.0703125
4 0.4501953125 0.5302734375 0.150390625 0.150390625
5 0.7275390625 0.35546875 0.05078125 0.0703125
5 0.7275390625 0.46484375 0.05078125 0.0703125
5 0.7275390625 0.544921875 0.05078125 0.0703125
5 0.48046875 0.3203125 0.05078125 0.0703125
5 0.3603515625 0.3203125 0.05078125 0.0703125
3 0.818359375 0.4853515625 0.029296875 0.0078125
3 0.7177734375 0.205078125 0.005859375 0.119140625
3 0.669921875 0.14453125 0.099609375 0.0078125
3 0.4248046875 0.1552734375 0.05078125 0.0078125
3 0.2880859375 0.1552734375 0.05078125 0.0078125
3 0.1748046875 0.1552734375 0.0390625 0.0078125
3 0.3896484375 0.115234375 0.005859375 0.080078125
3 0.4345703125 0.349609375 0.005859375 0.080078125
3 0.3896484375 0.39453125 0.080078125 0.0078125
3 0.419921875 0.3203125 0.0703125 0.0078125
3 0.2900390625 0.3203125 0.08984375 0.0078125
3 0.419921875 0.4921875 0.130859375 0.0078125
3 0.5927734375 0.4501953125 0.005859375 0.1796875
3 0.5546875 0.5 0.080078125 0.0078125
3 0.6298828125 0.5302734375 0.080078125 0.0078125
3 0.4501953125 0.650390625 0.005859375 0.099609375
3 0.1201171875 0.5048828125 0.0078125 0.25
3 0.134765625 0.3798828125 0.029296875 0.0078125
3 0.134765625 0.634765625 0.029296875 0.0078125
6 0.8876953125 0.412109375 0.14453125 0.580078125
6 0.724609375 0.455078125 0.130859375 0.349609375
6 0.525390625 0.1552734375 0.19921875 0.150390625
6 0.4345703125 0.759765625 0.19921875 0.150390625
6 0.181640625 0.51953125 0.125 0.599609375