0 0.07244897959183673 0.1489795918367347 0.14489795918367346 0.09387755102040816
2 0.5785714285714286 0.14489795918367346 0.053061224489795916 0.07346938775510205
2 0.47346938775510206 0.14489795918367346 0.053061224489795916 0.07346938775510205
2 0.20204081632653062 0.13979591836734695 0.053061224489795916 0.07346938775510205
2 0.1673469387755102 0.30714285714285716 0.053061224489795916 0.07346938775510205
2 0.1673469387755102 0.41122448979591836 0.053061224489795916 0.07346938775510205
2 0.1673469387755102 0.5102040816326531 0.053061224489795916 0.07346938775510205
2 0.1673469387755102 0.5887755102040816 0.053061224489795916 0.07346938775510205
2 0.1673469387755102 0.6826530612244898 0.053061224489795916 0.07346938775510205
2 0.1673469387755102 0.7714285714285715 0.053061224489795916 0.07346938775510205
2 0.47959183673469385 0.7612244897959184 0.053061224489795916 0.07346938775510205
2 0.3795918367346939 0.7612244897959184 0.053061224489795916 0.07346938775510205
4 0.3173469387755102 0.13979591836734695 0.053061224489795916 0.07346938775510205
4 0.5836734693877551 0.3122448979591837 0.053061224489795916 0.07346938775510205
4 0.4479591836734694 0.5316326530612245 0.15714285714285714 0.15714285714285714
5 0.7377551020408163 0.3489795918367347 0.053061224489795916 0.07346938775510205
5 0.7377551020408163 0.463265306122449 0.053061224489795916 0.07346938775510205
5 0.7377551020408163 0.5469387755102041 0.053061224489795916 0.07346938775510205
5 0.47959183673469385 0.3122448979591837 0.053061224489795916 0.07346938775510205
5 0.35408163265306125 0.3122448979591837 0.053061224489795916 0.07346938775510205
3 0.8326530612244898 0.4846938775510204 0.030612244897959183 0.00816326530612245
3 0.7275510204081632 0.19183673469387755 0.006122448979591836 0.12448979591836734
3 0.6775510204081633 0.12857142857142856 0.10408163265306122 0.00816326530612245
3 0.42142857142857143 0.13979591836734695 0.053061224489795916 0.00816326530612245
3 0.2785714285714286 0.13979591836734695 0.053061224489795916 0.00816326530612245
3 0.16020408163265307 0.13979591836734695 0.04081632653061224 0.00816326530612245
3 0.3846938775510204 0.09795918367346938 0.006122448979591836 0.0836734693877551
3 0.4316326530612245 0.34285714285714286 0.006122448979591836 0.0836734693877551
3 0.3846938775510204 0.38979591836734695 0.0836734693877551 0.00816326530612245
3 0.4163265306122449 0.3122448979591837 0.07346938775510205 0.00816326530612245
3 0.28061224489795916 0.3122448979591837 0.09387755102040816 0.00816326530612245
3 0.4163265306122449 0.49183673469387756 0.13673469387755102 0.00816326530612245
3 0.5969387755102041 0.4479591836734694 0.006122448979591836 0.18775510204081633
3 0.5571428571428572 0.5 0.0836734693877551 0.00816326530612245
3 0.6357142857142857 0.5316326530612245 0.0836734693877551 0.00816326530612245
3 0.4479591836734694 0.6571428571428571 0.006122448979591836 0.10408163265306122
3 0.10306122448979592 0.5051020408163265 0.00816326530612245 0.2612244897959184
3 0.11836734693877551 0.37448979591836734 0.030612244897959183 0.00816326530612245
3 0.11836734693877551 0.6408163265306123 0.030612244897959183 0.00816326530612245
6 0.9051020408163265 0.40816326530612246 0.1510204081632653 0.6061224489795919
6 0.7346938775510204 0.4530612244897959 0.13673469387755102 0.3653061224489796
6 0.5265306122448979 0.13979591836734695 0.20816326530612245 0.15714285714285714
6 0.4316326530612245 0.7714285714285715 0.20816326530612245 0.15714285714285714
6 0.1673469387755102 0.5204081632653061 0.1306122448979592 0.6265306122448979