0 0.9170081967213115 0.14241803278688525 0.15778688524590165 0.0942622950819672
2 0.4026639344262295 0.13729508196721313 0.05327868852459016 0.07377049180327869
2 0.5081967213114754 0.13729508196721313 0.05327868852459016 0.07377049180327869
2 0.7807377049180327 0.13217213114754098 0.05327868852459016 0.07377049180327869
2 0.8155737704918032 0.30020491803278687 0.05327868852459016 0.07377049180327869
2 0.8155737704918032 0.4047131147540984 0.05327868852459016 0.07377049180327869
2 0.8155737704918032 0.5040983606557377 0.05327868852459016 0.07377049180327869
2 0.8155737704918032 0.5829918032786885 0.05327868852459016 0.07377049180327869
2 0.8155737704918032 0.6772540983606558 0.05327868852459016 0.07377049180327869
2 0.8155737704918032 0.7663934426229508 0.05327868852459016 0.07377049180327869
2 0.5020491803278688 0.7561475409836066 0.05327868852459016 0.07377049180327869
2 0.6024590163934426 0.7561475409836066 0.05327868852459016 0.07377049180327869
4 0.6649590163934426 0.13217213114754098 0.05327868852459016 0.07377049180327869
4 0.3975409836065574 0.305327868852459 0.05327868852459016 0.07377049180327869
4 0.5338114754098361 0.5256147540983607 0.15778688524590165 0.15778688524590165
5 0.24282786885245902 0.3422131147540984 0.05327868852459016 0.07377049180327869
5 0.24282786885245902 0.4569672131147541 0.05327868852459016 0.07377049180327869
5 0.24282786885245902 0.5409836065573771 0.05327868852459016 0.07377049180327869
5 0.5020491803278688 0.305327868852459 0.05327868852459016 0.07377049180327869
5 0.6280737704918032 0.305327868852459 0.05327868852459016 0.07377049180327869
3 0.14754098360655737 0.47848360655737704 0.030737704918032786 0.00819672131147541
3 0.2530737704918033 0.18442622950819673 0.006147540983606557 0.125
3 0.30327868852459017 0.12090163934426229 0.10450819672131148 0.00819672131147541
3 0.5604508196721312 0.13217213114754098 0.05327868852459016 0.00819672131147541
3 0.7038934426229508 0.13217213114754098 0.05327868852459016 0.00819672131147541
3 0.8227459016393442 0.13217213114754098 0.040983606557377046 0.00819672131147541
3 0.5973360655737705 0.09016393442622951 0.006147540983606557 0.08401639344262295
3 0.5502049180327869 0.3360655737704918 0.006147540983606557 0.08401639344262295
3 0.5973360655737705 0.3831967213114754 0.08401639344262295 0.00819672131147541
3 0.5655737704918032 0.305327868852459 0.07377049180327869 0.00819672131147541
3 0.701844262295082 0.305327868852459 0.0942622950819672 0.00819672131147541
3 0.5655737704918032 0.48565573770491804 0.13729508196721313 0.00819672131147541
3 0.38422131147540983 0.4415983606557377 0.006147540983606557 0.1885245901639344
3 0.42418032786885246 0.49385245901639346 0.08401639344262295 0.00819672131147541
3 0.3452868852459016 0.5256147540983607 0.08401639344262295 0.00819672131147541
3 0.5338114754098361 0.6516393442622951 0.006147540983606557 0.10450819672131148
3 0.8801229508196722 0.4989754098360656 0.00819672131147541 0.26229508196721313
3 0.8647540983606558 0.367827868852459 0.030737704918032786 0.00819672131147541
3 0.8647540983606558 0.6352459016393442 0.030737704918032786 0.00819672131147541
6 0.07479508196721311 0.40061475409836067 0.14959016393442623 0.6086065573770492
6 0.2459016393442623 0.44672131147540983 0.13729508196721313 0.3668032786885246
6 0.45491803278688525 0.13217213114754098 0.20901639344262296 0.15778688524590165
6 0.5502049180327869 0.7663934426229508 0.20901639344262296 0.15778688524590165
6 0.8155737704918032 0.514344262295082 0.13114754098360656 0.6290983606557377