0 0.9150390625 0.1650390625 0.150390625 0.08984375
2 0.4248046875 0.16015625 0.05078125 0.0703125
2 0.525390625 0.16015625 0.05078125 0.0703125
2 0.78515625 0.1552734375 0.05078125 0.0703125
2 0.818359375 0.3154296875 0.05078125 0.0703125
2 0.818359375 0.4150390625 0.05078125 0.0703125
2 0.818359375 0.509765625 0.05078125 0.0703125
2 0.818359375 0.5849609375 0.05078125 0.0703125
2 0.818359375 0.6748046875 0.05078125 0.0703125
2 0.818359375 0.759765625 0.05078125 0.0703125
2 0.51953125 0.75 0.05078125 0.0703125
2 0.615234375 0.75 0.05078125 0.0703125
4 0.6748046875 0.1552734375 0.05078125 0.0703125
4 0.419921875 0.3203125 0.05078125 0.0703125
4 0.5498046875 0.5302734375 0.150390625 0.150390625
5 0.2724609375 0.35546875 0.05078125 0.0703125
5 0.2724609375 0.46484375 0.05078125 0.0703125
5 0.2724609375 0.544921875 0.05078125 0.0703125
5 0.51953125 0.3203125 0.05078125 0.0703125
5 0.6396484375 0.3203125 0.05078125 0.0703125
3 0.181640625 0.4853515625 0.029296875 0.0078125
3 0.2822265625 0.205078125 0.005859375 0.119140625
3 0.330078125 0.14453125 0.099609375 0.0078125
3 0.5751953125 0.1552734375 0.05078125 0.0078125
3 0.7119140625 0.1552734375 0.05078125 0.0078125
3 0.8251953125 0.1552734375 0.0390625 0.0078125
3 0.6103515625 0.115234375 0.005859375 0.080078125
3 0.5654296875 0.349609375 0.005859375 0.080078125
3 0.6103515625 0.39453125 0.080078125 0.0078125
3 0.580078125 0.3203125 0.0703125 0.0078125
3 0.7099609375 0.3203125 0.08984375 0.0078125
3 0.580078125 0.4921875 0.130859375 0.0078125
3 0.4072265625 0.4501953125 0.005859375 0.1796875
3 0.4453125 0.5 0.080078125 0.0078125
3 0.3701171875 0.5302734375 0.080078125 0.0078125
3 0.5498046875 0.650390625 0.005859375 0.099609375
3 0.8798828125 0.5048828125 0.0078125 0.25
3 0.865234375 0.3798828125 0.029296875 0.0078125
3 0.865234375 0.634765625 0.029296875 0.0078125
6 0.1123046875 0.412109375 0.14453125 0.580078125
6 0.275390625 0.455078125 0.130859375 0.349609375
6 0.474609375 0.1552734375 0.19921875 0.150390625
6 0.5654296875 0.759765625 0.19921875 0.150390625
6 0.818359375 0.51953125 0.125 0.599609375