0 0.8591836734693877 0.07448979591836735 0.09387755102040816 0.1489795918367347
2 0.863265306122449 0.5826530612244898 0.07346938775510205 0.053061224489795916
2 0.863265306122449 0.4775510204081633 0.07346938775510205 0.053061224489795916
2 0.8683673469387755 0.20612244897959184 0.07346938775510205 0.053061224489795916
2 0.7010204081632653 0.17142857142857143 0.07346938775510205 0.053061224489795916
2 0.5969387755102041 0.17142857142857143 0.07346938775510205 0.053061224489795916
2 0.49795918367346936 0.17142857142857143 0.07346938775510205 0.053061224489795916
2 0.4193877551020408 0.17142857142857143 0.07346938775510205 0.053061224489795916
2 0.32551020408163267 0.17142857142857143 0.07346938775510205 0.053061224489795916
2 0.23673469387755103 0.17142857142857143 0.07346938775510205 0.053061224489795916
2 0.24693877551020407 0.48367346938775513 0.07346938775510205 0.053061224489795916
2 0.24693877551020407 0.3836734693877551 0.07346938775510205 0.053061224489795916
4 0.8683673469387755 0.32142857142857145 0.07346938775510205 0.053061224489795916
4 0.6959183673469388 0.5877551020408164 0.07346938775510205 0.053061224489795916
4 0.47653061224489796 0.4520408163265306 0.15714285714285714 0.15714285714285714
5 0.6591836734693878 0.7418367346938776 0.07346938775510205 0.053061224489795916
5 0.5448979591836735 0.7418367346938776 0.07346938775510205 0.053061224489795916
5 0.46122448979591835 0.7418367346938776 0.07346938775510205 0.053061224489795916
5 0.6959183673469388 0.48367346938775513 0.07346938775510205 0.053061224489795916
5 0.6959183673469388 0.35816326530612247 0.07346938775510205 0.053061224489795916
3 0.523469387755102 0.8367346938775511 0.00816326530612245 0.030612244897959183
3 0.8163265306122449 0.7316326530612245 0.12448979591836734 0.006122448979591836
3 0.8795918367346939 0.6816326530612244 0.00816326530612245 0.10408163265306122
3 0.8683673469387755 0.42551020408163265 0.00816326530612245 0.053061224489795916
3 0.8683673469387755 0.2826530612244898 0.00816326530612245 0.053061224489795916
3 0.8683673469387755 0.16428571428571428 0.00816326530612245 0.04081632653061224
3 0.9102040816326531 0.38877551020408163 0.0836734693877551 0.006122448979591836
3 0.6653061224489796 0.4357142857142857 0.0836734693877551 0.006122448979591836
3 0.6183673469387755 0.38877551020408163 0.00816326530612245 0.0836734693877551
3 0.6959183673469388 0.4204081632653061 0.00816326530612245 0.07346938775510205
3 0.6959183673469388 0.28469387755102044 0.00816326530612245 0.09387755102040816
3 0.5163265306122449 0.4204081632653061 0.00816326530612245 0.13673469387755102
3 0.560204081632653 0.6010204081632653 0.18775510204081633 0.006122448979591836
3 0.5081632653061224 0.5612244897959183 0.00816326530612245 0.0836734693877551
3 0.47653061224489796 0.639795918367347 0.00816326530612245 0.0836734693877551
3 0.3510204081632653 0.4520408163265306 0.10408163265306122 0.006122448979591836
3 0.503061224489796 0.10714285714285714 0.2612244897959184 0.00816326530612245
3 0.6336734693877552 0.12244897959183673 0.00816326530612245 0.030612244897959183
3 0.3673469387755102 0.12244897959183673 0.00816326530612245 0.030612244897959183
6 0.6 0.9091836734693878 0.6061224489795919 0.1510204081632653
6 0.5551020408163265 0.7387755102040816 0.3653061224489796 0.13673469387755102
6 0.8683673469387755 0.5306122448979592 0.15714285714285714 0.20816326530612245
6 0.23673469387755103 0.4357142857142857 0.15714285714285714 0.20816326530612245
6 0.48775510204081635 0.17142857142857143 0.6265306122448979 0.1306122448979592