6 0.56982421875 0.5 0.6796875 0.98046875
6 0.10302734375 0.5 0.203125 0.98046875
6 0.10302734375 0.337890625 0.1826171875 0.427734375
6 0.4677734375 0.41015625 0.42578125 0.427734375
6 0.576171875 0.11376953125 0.658203125 0.1416015625
6 0.80419921875 0.41015625 0.1943359375 0.4599609375
6 0.576171875 0.81787109375 0.658203125 0.3115234375
6 0.43603515625 0.8349609375 0.2353515625 0.23828125
6 0.73193359375 0.8349609375 0.3056640625 0.23828125
0 0.962890625 0.22802734375 0.0517578125 0.087890625
2 0.11181640625 0.251953125 0.0458984375 0.076171875
2 0.11181640625 0.4501953125 0.0458984375 0.076171875
2 0.31884765625 0.4921875 0.0458984375 0.076171875
2 0.5078125 0.5048828125 0.0576171875 0.095703125
2 0.76220703125 0.31201171875 0.0458984375 0.076171875
2 0.84619140625 0.31201171875 0.0458984375 0.076171875
2 0.78515625 0.4921875 0.0849609375 0.0859375
2 0.43603515625 0.755859375 0.0458984375 0.076171875
2 0.43603515625 0.85205078125 0.0458984375 0.076171875
2 0.701171875 0.8349609375 0.0458984375 0.076171875
2 0.8408203125 0.8349609375 0.0458984375 0.076171875
4 0.06201171875 0.794921875 0.0419921875 0.08203125
2 0.14990234375 0.794921875 0.0458984375 0.076171875
4 0.43115234375 0.31787109375 0.0458984375 0.076171875
5 0.58984375 0.31787109375 0.0458984375 0.076171875
4 0.6240234375 0.8349609375 0.0458984375 0.076171875
4 0.77099609375 0.8349609375 0.0458984375 0.076171875
3 0.11181640625 0.63818359375 0.005859375 0.23828125
3 0.06201171875 0.72021484375 0.087890625 0.005859375
3 0.14990234375 0.72021484375 0.076171875 0.005859375
3 0.11181640625 0.36181640625 0.005859375 0.0419921875
3 0.17822265625 0.2578125 0.0849609375 0.005859375
3 0.1650390625 0.5048828125 0.162109375 0.005859375
3 0.23193359375 0.3798828125 0.005859375 0.2548828125
3 0.31884765625 0.591796875 0.005859375 0.1123046875
3 0.3779296875 0.658203125 0.1162109375 0.005859375
3 0.4140625 0.5048828125 0.1318359375 0.005859375
3 0.5078125 0.43505859375 0.005859375 0.0419921875
3 0.46923828125 0.43505859375 0.076171875 0.005859375
3 0.5478515625 0.43505859375 0.076171875 0.005859375
3 0.662109375 0.41015625 0.087890625 0.005859375
3 0.6220703125 0.4560546875 0.005859375 0.099609375
3 0.6220703125 0.5048828125 0.169921875 0.005859375
3 0.59814453125 0.52783203125 0.005859375 0.2998046875
3 0.93115234375 0.41015625 0.0595703125 0.005859375
3 0.962890625 0.33203125 0.005859375 0.1201171875