0 0.0380859375 0.2275390625 0.0546875 0.08984375
2 0.6796875 0.4951171875 0.0546875 0.08984375
4 0.8896484375 0.251953125 0.0546875 0.08984375
4 0.8896484375 0.4482421875 0.0546875 0.08984375
4 0.4951171875 0.509765625 0.0546875 0.08984375
4 0.1982421875 0.41015625 0.189453125 0.515625
4 0.564453125 0.8349609375 0.234375 0.234375
5 0.9384765625 0.794921875 0.04296875 0.0859375
5 0.8515625 0.794921875 0.0546875 0.08984375
5 0.564453125 0.3251953125 0.0546875 0.08984375
3 0.412109375 0.3251953125 0.0546875 0.08984375
5 0.375 0.8349609375 0.0546875 0.08984375
3 0.3037109375 0.8349609375 0.0546875 0.08984375
3 0.232421875 0.8349609375 0.0546875 0.08984375
4 0.16015625 0.8349609375 0.0546875 0.08984375
1 0.8896484375 0.35546875 0.009765625 0.08984375
1 0.8896484375 0.58984375 0.009765625 0.169921875
1 0.8203125 0.2548828125 0.0859375 0.009765625
1 0.7783203125 0.3798828125 0.005859375 0.25
1 0.7451171875 0.5048828125 0.07421875 0.009765625
1 0.587890625 0.5048828125 0.1328125 0.009765625
1 0.564453125 0.4345703125 0.005859375 0.07421875
1 0.48828125 0.4345703125 0.150390625 0.009765625
1 0.412109375 0.4345703125 0.005859375 0.07421875
1 0.4345703125 0.5048828125 0.064453125 0.009765625
1 0.337890625 0.41015625 0.0859375 0.009765625
1 0.40234375 0.5947265625 0.1171875 0.009765625
1 0.341796875 0.6552734375 0.005859375 0.125
1 0.64453125 0.6845703125 0.1640625 0.009765625
1 0.6796875 0.6201171875 0.005859375 0.134765625
1 0.068359375 0.3701171875 0.0625 0.009765625
1 0.0380859375 0.33984375 0.005859375 0.064453125
6 0.8984375 0.5 0.1953125 0.990234375
6 0.8984375 0.337890625 0.181640625 0.42578125
6 0.4248046875 0.5 0.689453125 0.990234375
6 0.4248046875 0.3779296875 0.66015625 0.525390625
6 0.5302734375 0.41015625 0.4296875 0.427734375
6 0.4248046875 0.818359375 0.66015625 0.314453125
6 0.267578125 0.830078125 0.3046875 0.234375