6 0.43017578125 0.5 0.6796875 0.98046875
6 0.89697265625 0.5 0.203125 0.98046875
6 0.89697265625 0.337890625 0.1826171875 0.427734375
6 0.5322265625 0.41015625 0.42578125 0.427734375
6 0.423828125 0.11376953125 0.658203125 0.1416015625
6 0.19580078125 0.41015625 0.1943359375 0.4599609375
6 0.423828125 0.81787109375 0.658203125 0.3115234375
6 0.56396484375 0.8349609375 0.2353515625 0.23828125
6 0.26806640625 0.8349609375 0.3056640625 0.23828125
0 0.037109375 0.22802734375 0.0517578125 0.087890625
2 0.88818359375 0.251953125 0.0458984375 0.076171875
2 0.88818359375 0.4501953125 0.0458984375 0.076171875
2 0.68115234375 0.4921875 0.0458984375 0.076171875
2 0.4921875 0.5048828125 0.0576171875 0.095703125
2 0.23779296875 0.31201171875 0.0458984375 0.076171875
2 0.15380859375 0.31201171875 0.0458984375 0.076171875
2 0.21484375 0.4921875 0.0849609375 0.0859375
2 0.56396484375 0.755859375 0.0458984375 0.076171875
2 0.56396484375 0.85205078125 0.0458984375 0.076171875
2 0.298828125 0.8349609375 0.0458984375 0.076171875
2 0.1591796875 0.8349609375 0.0458984375 0.076171875
4 0.93798828125 0.794921875 0.0419921875 0.08203125
2 0.85009765625 0.794921875 0.0458984375 0.076171875
4 0.56884765625 0.31787109375 0.0458984375 0.076171875
5 0.41015625 0.31787109375 0.0458984375 0.076171875
4 0.3759765625 0.8349609375 0.0458984375 0.076171875
4 0.22900390625 0.8349609375 0.0458984375 0.076171875
3 0.88818359375 0.63818359375 0.005859375 0.23828125
3 0.93798828125 0.72021484375 0.087890625 0.005859375
3 0.85009765625 0.72021484375 0.076171875 0.005859375
3 0.88818359375 0.36181640625 0.005859375 0.0419921875
3 0.82177734375 0.2578125 0.0849609375 0.005859375
3 0.8349609375 0.5048828125 0.162109375 0.005859375
3 0.76806640625 0.3798828125 0.005859375 0.2548828125
3 0.68115234375 0.591796875 0.005859375 0.1123046875
3 0.6220703125 0.658203125 0.1162109375 0.005859375
3 0.5859375 0.5048828125 0.1318359375 0.005859375
3 0.4921875 0.43505859375 0.005859375 0.0419921875
3 0.53076171875 0.43505859375 0.076171875 0.005859375
3 0.4521484375 0.43505859375 0.076171875 0.005859375
3 0.337890625 0.41015625 0.087890625 0.005859375
3 0.3779296875 0.4560546875 0.005859375 0.099609375
3 0.3779296875 0.5048828125 0.169921875 0.005859375
3 0.40185546875 0.52783203125 0.005859375 0.2998046875
3 0.06884765625 0.41015625 0.0595703125 0.005859375
3 0.037109375 0.33203125 0.005859375 0.1201171875