0 0.9404296875 0.16015625 0.05078125 0.099609375
0 0.8701171875 0.16015625 0.05078125 0.099609375
0 0.7998046875 0.16015625 0.05078125 0.099609375
0 0.73046875 0.16015625 0.05078125 0.099609375
0 0.650390625 0.16015625 0.05078125 0.099609375
0 0.240234375 0.0703125 0.05078125 0.099609375
0 0.9404296875 0.400390625 0.060546875 0.099609375
0 0.83984375 0.3603515625 0.060546875 0.099609375
0 0.759765625 0.3603515625 0.060546875 0.099609375
0 0.9404296875 0.580078125 0.060546875 0.099609375
0 0.83984375 0.5498046875 0.060546875 0.099609375
2 0.080078125 0.5400390625 0.060546875 0.099609375
2 0.41015625 0.8603515625 0.060546875 0.099609375
2 0.3095703125 0.8603515625 0.060546875 0.099609375
2 0.16015625 0.8603515625 0.060546875 0.099609375
2 0.080078125 0.8603515625 0.060546875 0.099609375
4 0.66015625 0.5595703125 0.060546875 0.099609375
4 0.240234375 0.5498046875 0.060546875 0.099609375
4 0.080078125 0.349609375 0.060546875 0.099609375
4 0.240234375 0.8603515625 0.060546875 0.099609375
5 0.66015625 0.3603515625 0.060546875 0.099609375
5 0.5302734375 0.2802734375 0.080078125 0.080078125
5 0.5302734375 0.4501953125 0.080078125 0.099609375
5 0.349609375 0.3603515625 0.060546875 0.099609375
5 0.240234375 0.349609375 0.060546875 0.099609375
3 0.240234375 0.1904296875 0.01953125 0.140625
3 0.8896484375 0.349609375 0.0390625 0.01953125
3 0.8896484375 0.5302734375 0.0390625 0.01953125
3 0.83984375 0.4501953125 0.01953125 0.099609375
3 0.7998046875 0.349609375 0.0390625 0.01953125
3 0.7099609375 0.349609375 0.0390625 0.01953125
3 0.73046875 0.4599609375 0.05078125 0.19921875
3 0.599609375 0.2998046875 0.080078125 0.080078125
3 0.599609375 0.400390625 0.080078125 0.080078125
3 0.599609375 0.5 0.080078125 0.099609375
3 0.4404296875 0.2998046875 0.099609375 0.080078125
3 0.4404296875 0.400390625 0.099609375 0.080078125
3 0.3798828125 0.5 0.1796875 0.080078125
3 0.2998046875 0.4404296875 0.080078125 0.099609375
3 0.240234375 0.4501953125 0.01953125 0.099609375
3 0.16015625 0.419921875 0.080078125 0.140625
3 0.16015625 0.5400390625 0.080078125 0.01953125
3 0.33984375 0.7001953125 0.1796875 0.19921875
3 0.080078125 0.6396484375 0.01953125 0.099609375
3 0.1904296875 0.6904296875 0.240234375 0.01953125
3 0.3203125 0.740234375 0.01953125 0.099609375
3 0.240234375 0.740234375 0.01953125 0.099609375
3 0.16015625 0.740234375 0.01953125 0.099609375
3 0.080078125 0.740234375 0.01953125 0.099609375
6 0.7998046875 0.48046875 0.380859375 0.439453125
6 0.240234375 0.5595703125 0.439453125 0.849609375
6 0.240234375 0.599609375 0.419921875 0.740234375
6 0.2099609375 0.7802734375 0.33984375 0.310546875