6 0.76416015625 0.56005859375 0.4453125 0.83984375
6 0.2060546875 0.48486328125 0.3798828125 0.4345703125
6 0.794921875 0.794921875 0.33984375 0.3203125
0 0.05419921875 0.18017578125 0.0419921875 0.0654296875
0 0.1220703125 0.18017578125 0.0419921875 0.0654296875
0 0.19091796875 0.18017578125 0.0419921875 0.0654296875
0 0.259765625 0.18017578125 0.0419921875 0.0654296875
0 0.328125 0.18017578125 0.0419921875 0.0654296875
0 0.755859375 0.06494140625 0.0419921875 0.0654296875
0 0.06787109375 0.39501953125 0.0419921875 0.0654296875
0 0.06787109375 0.5849609375 0.0419921875 0.0654296875
2 0.158203125 0.35498046875 0.0419921875 0.0654296875
2 0.158203125 0.5400390625 0.0419921875 0.0654296875
2 0.2451171875 0.35498046875 0.0419921875 0.0654296875
2 0.33203125 0.35498046875 0.0419921875 0.0654296875
2 0.33203125 0.5400390625 0.0419921875 0.0654296875
2 0.634765625 0.35498046875 0.0419921875 0.0654296875
2 0.76806640625 0.33203125 0.0419921875 0.0654296875
2 0.921875 0.5400390625 0.0419921875 0.0654296875
2 0.68798828125 0.8349609375 0.0419921875 0.0654296875
2 0.84521484375 0.8349609375 0.0419921875 0.0654296875
2 0.921875 0.8349609375 0.0419921875 0.0654296875
4 0.76806640625 0.5400390625 0.0419921875 0.0654296875
4 0.921875 0.35498046875 0.0419921875 0.0654296875
4 0.76806640625 0.8349609375 0.0419921875 0.0654296875
1 0.46923828125 0.2822265625 0.0419921875 0.0654296875
5 0.46923828125 0.43212890625 0.0419921875 0.0654296875
5 0.58984375 0.8349609375 0.0419921875 0.0654296875
3 0.11376953125 0.35498046875 0.0244140625 0.0048828125
3 0.11376953125 0.5400390625 0.0244140625 0.0048828125
3 0.158203125 0.4501953125 0.0048828125 0.0595703125
3 0.2021484375 0.35498046875 0.0244140625 0.0048828125
3 0.22021484375 0.5400390625 0.044921875 0.0048828125
3 0.2880859375 0.35498046875 0.0244140625 0.0048828125
3 0.3701171875 0.2822265625 0.0517578125 0.0048828125
3 0.3701171875 0.43212890625 0.0517578125 0.0048828125
3 0.40478515625 0.5400390625 0.0419921875 0.0048828125
3 0.51220703125 0.2822265625 0.0244140625 0.0048828125
3 0.51220703125 0.43212890625 0.0244140625 0.0048828125
3 0.51220703125 0.3251953125 0.0244140625 0.0048828125
3 0.51220703125 0.35498046875 0.0244140625 0.0048828125
3 0.56494140625 0.35498046875 0.0419921875 0.0048828125
3 0.755859375 0.1982421875 0.0048828125 0.1298828125
3 0.68505859375 0.419921875 0.0517578125 0.0048828125
3 0.68505859375 0.48486328125 0.0517578125 0.0048828125
3 0.76806640625 0.419921875 0.0048828125 0.0546875
3 0.84521484375 0.35498046875 0.0517578125 0.0048828125
3 0.84521484375 0.5400390625 0.0517578125 0.0048828125
3 0.76806640625 0.68017578125 0.0048828125 0.1103515625
3 0.58984375 0.68017578125 0.0048828125 0.2099609375
3 0.68798828125 0.72509765625 0.0048828125 0.0400390625
3 0.76806640625 0.72509765625 0.0048828125 0.0400390625
3 0.84521484375 0.72509765625 0.0048828125 0.0400390625
3 0.921875 0.72509765625 0.0048828125 0.0400390625