6 0.23583984375 0.56005859375 0.4453125 0.83984375
6 0.7939453125 0.48486328125 0.3798828125 0.4345703125
6 0.205078125 0.794921875 0.33984375 0.3203125
0 0.94580078125 0.18017578125 0.0419921875 0.0654296875
0 0.8779296875 0.18017578125 0.0419921875 0.0654296875
0 0.80908203125 0.18017578125 0.0419921875 0.0654296875
0 0.740234375 0.18017578125 0.0419921875 0.0654296875
0 0.671875 0.18017578125 0.0419921875 0.0654296875
0 0.244140625 0.06494140625 0.0419921875 0.0654296875
0 0.93212890625 0.39501953125 0.0419921875 0.0654296875
0 0.93212890625 0.5849609375 0.0419921875 0.0654296875
2 0.841796875 0.35498046875 0.0419921875 0.0654296875
2 0.841796875 0.5400390625 0.0419921875 0.0654296875
2 0.7548828125 0.35498046875 0.0419921875 0.0654296875
2 0.66796875 0.35498046875 0.0419921875 0.0654296875
2 0.66796875 0.5400390625 0.0419921875 0.0654296875
2 0.365234375 0.35498046875 0.0419921875 0.0654296875
2 0.23193359375 0.33203125 0.0419921875 0.0654296875
2 0.078125 0.5400390625 0.0419921875 0.0654296875
2 0.31201171875 0.8349609375 0.0419921875 0.0654296875
2 0.15478515625 0.8349609375 0.0419921875 0.0654296875
2 0.078125 0.8349609375 0.0419921875 0.0654296875
4 0.23193359375 0.5400390625 0.0419921875 0.0654296875
4 0.078125 0.35498046875 0.0419921875 0.0654296875
4 0.23193359375 0.8349609375 0.0419921875 0.0654296875
1 0.53076171875 0.2822265625 0.0419921875 0.0654296875
5 0.53076171875 0.43212890625 0.0419921875 0.0654296875
5 0.41015625 0.8349609375 0.0419921875 0.0654296875
3 0.88623046875 0.35498046875 0.0244140625 0.0048828125
3 0.88623046875 0.5400390625 0.0244140625 0.0048828125
3 0.841796875 0.4501953125 0.0048828125 0.0595703125
3 0.7978515625 0.35498046875 0.0244140625 0.0048828125
3 0.77978515625 0.5400390625 0.044921875 0.0048828125
3 0.7119140625 0.35498046875 0.0244140625 0.0048828125
3 0.6298828125 0.2822265625 0.0517578125 0.0048828125
3 0.6298828125 0.43212890625 0.0517578125 0.0048828125
3 0.59521484375 0.5400390625 0.0419921875 0.0048828125
3 0.48779296875 0.2822265625 0.0244140625 0.0048828125
3 0.48779296875 0.43212890625 0.0244140625 0.0048828125
3 0.48779296875 0.3251953125 0.0244140625 0.0048828125
3 0.48779296875 0.35498046875 0.0244140625 0.0048828125
3 0.43505859375 0.35498046875 0.0419921875 0.0048828125
3 0.244140625 0.1982421875 0.0048828125 0.1298828125
3 0.31494140625 0.419921875 0.0517578125 0.0048828125
3 0.31494140625 0.48486328125 0.0517578125 0.0048828125
3 0.23193359375 0.419921875 0.0048828125 0.0546875
3 0.15478515625 0.35498046875 0.0517578125 0.0048828125
3 0.15478515625 0.5400390625 0.0517578125 0.0048828125
3 0.23193359375 0.68017578125 0.0048828125 0.1103515625
3 0.41015625 0.68017578125 0.0048828125 0.2099609375
3 0.31201171875 0.72509765625 0.0048828125 0.0400390625
3 0.23193359375 0.72509765625 0.0048828125 0.0400390625
3 0.15478515625 0.72509765625 0.0048828125 0.0400390625
3 0.078125 0.72509765625 0.0048828125 0.0400390625