0 0.908203125 0.41796875 0.04296875 0.052734375
3 0.90234375 0.1552734375 0.03515625 0.044921875
2 0.5546875 0.2451171875 0.03515625 0.044921875
4 0.67578125 0.3251953125 0.03515625 0.044921875
4 0.6201171875 0.4345703125 0.115234375 0.0703125
4 0.48046875 0.4345703125 0.115234375 0.0703125
4 0.6201171875 0.51953125 0.115234375 0.0703125
4 0.48046875 0.51953125 0.115234375 0.0703125
3 0.6376953125 0.650390625 0.03515625 0.044921875
5 0.5615234375 0.650390625 0.03515625 0.044921875
5 0.4736328125 0.650390625 0.03515625 0.044921875
3 0.421875 0.71484375 0.025390625 0.03125
4 0.328125 0.3251953125 0.03515625 0.044921875
5 0.251953125 0.41015625 0.115234375 0.064453125
4 0.1279296875 0.41015625 0.115234375 0.064453125
5 0.251953125 0.4951171875 0.115234375 0.064453125
4 0.1279296875 0.4951171875 0.115234375 0.064453125
5 0.251953125 0.5849609375 0.115234375 0.064453125
5 0.3203125 0.6650390625 0.029296875 0.03515625
3 0.251953125 0.6650390625 0.03515625 0.044921875
3 0.0703125 0.71484375 0.025390625 0.03125
1 0.90234375 0.2880859375 0.005859375 0.220703125
1 0.6181640625 0.14453125 0.544921875 0.009765625
1 0.5546875 0.1845703125 0.005859375 0.07421875
1 0.5546875 0.294921875 0.005859375 0.025390625
1 0.5546875 0.3095703125 0.14453125 0.009765625
1 0.6279296875 0.3447265625 0.005859375 0.064453125
1 0.4912109375 0.3447265625 0.005859375 0.064453125
1 0.3876953125 0.5 0.07421875 0.009765625
1 0.6201171875 0.5849609375 0.005859375 0.064453125
1 0.5 0.5849609375 0.2421875 0.009765625
6 0.908203125 0.41796875 0.1640625 0.619140625
6 0.3779296875 0.5283203125 0.689453125 0.654296875
6 0.5546875 0.5146484375 0.3203125 0.4453125
6 0.205078125 0.5146484375 0.3203125 0.4453125