6 0.6220703125 0.52783203125 0.6904296875 0.6552734375
6 0.44189453125 0.5048828125 0.2919921875 0.4404296875
6 0.7958984375 0.51318359375 0.2919921875 0.4404296875
0 0.0927734375 0.4208984375 0.0400390625 0.0498046875
1 0.44482421875 0.2451171875 0.044921875 0.0654296875
5 0.09814453125 0.15478515625 0.044921875 0.0654296875
5 0.35986328125 0.6650390625 0.044921875 0.0654296875
5 0.748046875 0.6650390625 0.044921875 0.0654296875
5 0.578125 0.71484375 0.025390625 0.03515625
5 0.93212890625 0.71484375 0.025390625 0.03515625
2 0.32421875 0.333984375 0.044921875 0.0654296875
2 0.3818359375 0.43017578125 0.1181640625 0.0654296875
2 0.52099609375 0.43017578125 0.1181640625 0.0654296875
2 0.3818359375 0.52197265625 0.1181640625 0.0654296875
2 0.52099609375 0.52197265625 0.1181640625 0.0654296875
2 0.67578125 0.333984375 0.044921875 0.0654296875
2 0.8720703125 0.41015625 0.1181640625 0.0654296875
2 0.8720703125 0.49609375 0.1181640625 0.0654296875
4 0.7470703125 0.41015625 0.1181640625 0.0654296875
4 0.7470703125 0.49609375 0.1181640625 0.0654296875
4 0.7470703125 0.58203125 0.1181640625 0.0654296875
4 0.43798828125 0.6650390625 0.044921875 0.0654296875
4 0.52783203125 0.6650390625 0.044921875 0.0654296875
4 0.67578125 0.68505859375 0.044921875 0.0654296875
3 0.09814453125 0.2900390625 0.0048828125 0.2001953125
3 0.3798828125 0.14501953125 0.5302734375 0.0048828125
3 0.44482421875 0.18505859375 0.0048828125 0.080078125
3 0.44189453125 0.27490234375 0.1357421875 0.0048828125
3 0.373046875 0.31494140625 0.0048828125 0.080078125
3 0.509765625 0.31494140625 0.0048828125 0.080078125
3 0.625 0.5048828125 0.099609375 0.009765625
3 0.5 0.5849609375 0.240234375 0.0498046875