0 0.091796875 0.41796875 0.04296875 0.052734375
3 0.09765625 0.1552734375 0.03515625 0.044921875
2 0.4453125 0.2451171875 0.03515625 0.044921875
4 0.32421875 0.3251953125 0.03515625 0.044921875
4 0.3798828125 0.4345703125 0.115234375 0.0703125
4 0.51953125 0.4345703125 0.115234375 0.0703125
4 0.3798828125 0.51953125 0.115234375 0.0703125
4 0.51953125 0.51953125 0.115234375 0.0703125
3 0.3623046875 0.650390625 0.03515625 0.044921875
5 0.4384765625 0.650390625 0.03515625 0.044921875
5 0.5263671875 0.650390625 0.03515625 0.044921875
3 0.578125 0.71484375 0.025390625 0.03125
4 0.671875 0.3251953125 0.03515625 0.044921875
5 0.748046875 0.41015625 0.115234375 0.064453125
4 0.8720703125 0.41015625 0.115234375 0.064453125
5 0.748046875 0.4951171875 0.115234375 0.064453125
4 0.8720703125 0.4951171875 0.115234375 0.064453125
5 0.748046875 0.5849609375 0.115234375 0.064453125
5 0.6796875 0.6650390625 0.029296875 0.03515625
3 0.748046875 0.6650390625 0.03515625 0.044921875
3 0.9296875 0.71484375 0.025390625 0.03125
1 0.09765625 0.2880859375 0.005859375 0.220703125
1 0.3818359375 0.14453125 0.544921875 0.009765625
1 0.4453125 0.1845703125 0.005859375 0.07421875
1 0.4453125 0.294921875 0.005859375 0.025390625
1 0.4453125 0.3095703125 0.14453125 0.009765625
1 0.3720703125 0.3447265625 0.005859375 0.064453125
1 0.5087890625 0.3447265625 0.005859375 0.064453125
1 0.6123046875 0.5 0.07421875 0.009765625
1 0.3798828125 0.5849609375 0.005859375 0.064453125
1 0.5 0.5849609375 0.2421875 0.009765625
6 0.091796875 0.41796875 0.1640625 0.619140625
6 0.6220703125 0.5283203125 0.689453125 0.654296875
6 0.4453125 0.5146484375 0.3203125 0.4453125
6 0.794921875 0.5146484375 0.3203125 0.4453125