6 0.3779296875 0.52783203125 0.6904296875 0.6552734375
6 0.55810546875 0.5048828125 0.2919921875 0.4404296875
6 0.2041015625 0.51318359375 0.2919921875 0.4404296875
0 0.9072265625 0.4208984375 0.0400390625 0.0498046875
1 0.55517578125 0.2451171875 0.044921875 0.0654296875
5 0.90185546875 0.15478515625 0.044921875 0.0654296875
5 0.64013671875 0.6650390625 0.044921875 0.0654296875
5 0.251953125 0.6650390625 0.044921875 0.0654296875
5 0.421875 0.71484375 0.025390625 0.03515625
5 0.06787109375 0.71484375 0.025390625 0.03515625
2 0.67578125 0.333984375 0.044921875 0.0654296875
2 0.6181640625 0.43017578125 0.1181640625 0.0654296875
2 0.47900390625 0.43017578125 0.1181640625 0.0654296875
2 0.6181640625 0.52197265625 0.1181640625 0.0654296875
2 0.47900390625 0.52197265625 0.1181640625 0.0654296875
2 0.32421875 0.333984375 0.044921875 0.0654296875
2 0.1279296875 0.41015625 0.1181640625 0.0654296875
2 0.1279296875 0.49609375 0.1181640625 0.0654296875
4 0.2529296875 0.41015625 0.1181640625 0.0654296875
4 0.2529296875 0.49609375 0.1181640625 0.0654296875
4 0.2529296875 0.58203125 0.1181640625 0.0654296875
4 0.56201171875 0.6650390625 0.044921875 0.0654296875
4 0.47216796875 0.6650390625 0.044921875 0.0654296875
4 0.32421875 0.68505859375 0.044921875 0.0654296875
3 0.90185546875 0.2900390625 0.0048828125 0.2001953125
3 0.6201171875 0.14501953125 0.5302734375 0.0048828125
3 0.55517578125 0.18505859375 0.0048828125 0.080078125
3 0.55810546875 0.27490234375 0.1357421875 0.0048828125
3 0.626953125 0.31494140625 0.0048828125 0.080078125
3 0.490234375 0.31494140625 0.0048828125 0.080078125
3 0.375 0.5048828125 0.099609375 0.009765625
3 0.5 0.5849609375 0.240234375 0.0498046875