0 0.7331223628691983 0.02531645569620253 0.06540084388185655 0.05063291139240506
0 0.570675105485232 0.02531645569620253 0.06540084388185655 0.05063291139240506
0 0.4419831223628692 0.02531645569620253 0.06540084388185655 0.05063291139240506
0 0.33438818565400846 0.02531645569620253 0.06540084388185655 0.05063291139240506
0 0.20358649789029537 0.02531645569620253 0.06540084388185655 0.05063291139240506
0 0.6044303797468354 0.9736286919831224 0.12869198312236288 0.052742616033755275
0 0.37658227848101267 0.9736286919831224 0.12869198312236288 0.052742616033755275
2 0.7869198312236287 0.15822784810126583 0.08649789029535865 0.06540084388185655
2 0.290084388185654 0.15822784810126583 0.08649789029535865 0.06540084388185655
2 0.14978902953586498 0.15822784810126583 0.06540084388185655 0.06540084388185655
2 0.570675105485232 0.39662447257383965 0.08649789029535865 0.06540084388185655
2 0.4419831223628692 0.39662447257383965 0.08649789029535865 0.06540084388185655
2 0.23628691983122363 0.4936708860759494 0.08649789029535865 0.06540084388185655
2 0.7869198312236287 0.6234177215189873 0.08649789029535865 0.06540084388185655
2 0.6571729957805907 0.6234177215189873 0.08649789029535865 0.06540084388185655
2 0.7552742616033755 0.7742616033755274 0.08649789029535865 0.06540084388185655
2 0.6033755274261603 0.7742616033755274 0.08649789029535865 0.06540084388185655
2 0.31223628691983124 0.6118143459915611 0.08649789029535865 0.06540084388185655
2 0.31223628691983124 0.6877637130801688 0.08649789029535865 0.06540084388185655
2 0.1719409282700422 0.6550632911392406 0.08649789029535865 0.06540084388185655
2 0.1719409282700422 0.8069620253164557 0.08649789029535865 0.06540084388185655
4 0.7869198312236287 0.39662447257383965 0.08649789029535865 0.06540084388185655
4 0.570675105485232 0.2879746835443038 0.08649789029535865 0.06540084388185655
4 0.4419831223628692 0.4936708860759494 0.08649789029535865 0.06540084388185655
4 0.23628691983122363 0.2879746835443038 0.08649789029535865 0.06540084388185655
4 0.23628691983122363 0.39662447257383965 0.08649789029535865 0.06540084388185655
4 0.4957805907172996 0.6234177215189873 0.08649789029535865 0.06540084388185655
5 0.9810126582278481 0.4831223628691983 0.0379746835443038 0.32489451476793246
5 0.6139240506329114 0.15822784810126583 0.08649789029535865 0.06540084388185655
5 0.47362869198312235 0.15822784810126583 0.08649789029535865 0.06540084388185655
3 0.5390295358649789 0.08333333333333333 0.010548523206751054 0.04219409282700422
3 0.5168776371308017 0.10443037974683544 0.6476793248945147 0.010548523206751054
3 0.7869198312236287 0.12658227848101267 0.010548523206751054 0.03164556962025317
3 0.6139240506329114 0.12658227848101267 0.010548523206751054 0.03164556962025317
3 0.47362869198312235 0.12658227848101267 0.010548523206751054 0.03164556962025317
3 0.290084388185654 0.12658227848101267 0.010548523206751054 0.03164556962025317
3 0.5390295358649789 0.23417721518987342 0.010548523206751054 0.04219409282700422
3 0.6624472573839663 0.24472573839662448 0.2489451476793249 0.02109704641350211
3 0.7869198312236287 0.3206751054852321 0.010548523206751054 0.12869198312236288
3 0.570675105485232 0.34177215189873417 0.010548523206751054 0.04219409282700422
3 0.3987341772151899 0.2879746835443038 0.23839662447257384 0.010548523206751054
3 0.23628691983122363 0.34177215189873417 0.010548523206751054 0.04219409282700422
3 0.3438818565400844 0.39662447257383965 0.12869198312236288 0.010548523206751054
3 0.5063291139240507 0.4451476793248945 0.08649789029535865 0.03164556962025317
3 0.3438818565400844 0.4936708860759494 0.10759493670886076 0.010548523206751054
3 0.7869198312236287 0.5580168776371308 0.010548523206751054 0.06540084388185655
3 0.46835443037974683 0.5580168776371308 0.03164556962025317 0.06540084388185655
3 0.5770042194092827 0.6234177215189873 0.0759493670886076 0.010548523206751054
3 0.54957805907173 0.709915611814346 0.10759493670886076 0.06540084388185655
3 0.3987341772151899 0.580168776371308 0.10759493670886076 0.03164556962025317
3 0.7056962025316456 0.6983122362869199 0.0759493670886076 0.06540084388185655
3 0.5063291139240507 0.9145569620253164 0.010548523206751054 0.06540084388185655
3 0.24156118143459915 0.7415611814345991 0.14135021097046413 0.06540084388185655
6 0.5611814345991561 0.03059071729957806 0.8649789029535865 0.06118143459915612
6 0.5274261603375527 0.4831223628691983 0.9177215189873418 0.810126582278481
6 0.47362869198312235 0.15822784810126583 0.810126582278481 0.10759493670886076
6 0.47362869198312235 0.3850210970464135 0.810126582278481 0.30168776371308015
6 0.47362869198312235 0.7204641350210971 0.810126582278481 0.32489451476793246
6 0.560126582278481 0.9630801687763713 0.6476793248945147 0.07383966244725738
6 0.5063291139240507 0.39662447257383965 0.32489451476793246 0.08649789029535865
6 0.23628691983122363 0.6445147679324894 0.270042194092827 0.16244725738396623