0 0.04625984251968504 0.28838582677165353 0.0610236220472441 0.0610236220472441
0 0.04625984251968504 0.43996062992125984 0.0610236220472441 0.0610236220472441
0 0.04625984251968504 0.5600393700787402 0.0610236220472441 0.0610236220472441
0 0.04625984251968504 0.6614173228346457 0.0610236220472441 0.0610236220472441
0 0.04625984251968504 0.78248031496063 0.0610236220472441 0.0610236220472441
0 0.9438976377952756 0.4094488188976378 0.0610236220472441 0.12007874015748031
0 0.9438976377952756 0.6210629921259843 0.0610236220472441 0.12007874015748031
2 0.17716535433070865 0.23818897637795275 0.0610236220472441 0.08070866141732283
2 0.17716535433070865 0.7017716535433071 0.0610236220472441 0.08070866141732283
2 0.17716535433070865 0.8326771653543307 0.0610236220472441 0.0610236220472441
2 0.39960629921259844 0.43996062992125984 0.0610236220472441 0.08070866141732283
2 0.39960629921259844 0.5600393700787402 0.0610236220472441 0.08070866141732283
2 0.49015748031496065 0.7519685039370079 0.0610236220472441 0.08070866141732283
2 0.6112204724409449 0.23818897637795275 0.0610236220472441 0.08070866141732283
2 0.6112204724409449 0.359251968503937 0.0610236220472441 0.08070866141732283
2 0.7519685039370079 0.2677165354330709 0.0610236220472441 0.08070866141732283
2 0.7519685039370079 0.4094488188976378 0.0610236220472441 0.08070866141732283
2 0.6003937007874016 0.6811023622047244 0.0610236220472441 0.08070866141732283
2 0.6712598425196851 0.6811023622047244 0.0610236220472441 0.08070866141732283
2 0.640748031496063 0.812007874015748 0.0610236220472441 0.08070866141732283
2 0.78248031496063 0.812007874015748 0.0610236220472441 0.08070866141732283
4 0.39960629921259844 0.23818897637795275 0.0610236220472441 0.08070866141732283
4 0.29822834645669294 0.43996062992125984 0.0610236220472441 0.08070866141732283
4 0.49015748031496065 0.5600393700787402 0.0610236220472441 0.08070866141732283
4 0.29822834645669294 0.7519685039370079 0.0610236220472441 0.08070866141732283
4 0.39960629921259844 0.7519685039370079 0.0610236220472441 0.08070866141732283
4 0.6112204724409449 0.5098425196850394 0.0610236220472441 0.08070866141732283
5 0.48031496062992124 0.05610236220472441 0.3031496062992126 0.03937007874015748
5 0.17716535433070865 0.39960629921259844 0.0610236220472441 0.08070866141732283
5 0.17716535433070865 0.530511811023622 0.0610236220472441 0.08070866141732283
3 0.10728346456692914 0.46948818897637795 0.03937007874015748 0.00984251968503937
3 0.12696850393700787 0.49015748031496065 0.00984251968503937 0.6043307086614174
3 0.14763779527559054 0.23818897637795275 0.02952755905511811 0.00984251968503937
3 0.14763779527559054 0.39960629921259844 0.02952755905511811 0.00984251968503937
3 0.14763779527559054 0.530511811023622 0.02952755905511811 0.00984251968503937
3 0.14763779527559054 0.7017716535433071 0.02952755905511811 0.00984251968503937
3 0.24803149606299213 0.46948818897637795 0.03937007874015748 0.00984251968503937
3 0.2578740157480315 0.3543307086614173 0.01968503937007874 0.23228346456692914
3 0.328740157480315 0.23818897637795275 0.12007874015748031 0.00984251968503937
3 0.3484251968503937 0.43996062992125984 0.03937007874015748 0.00984251968503937
3 0.29822834645669294 0.6003937007874016 0.00984251968503937 0.22244094488188976
3 0.3484251968503937 0.7519685039370079 0.03937007874015748 0.00984251968503937
3 0.39960629921259844 0.6515748031496063 0.00984251968503937 0.12007874015748031
3 0.4448818897637795 0.5 0.02952755905511811 0.08070866141732283
3 0.49015748031496065 0.6515748031496063 0.00984251968503937 0.10039370078740158
3 0.5501968503937008 0.23818897637795275 0.0610236220472441 0.00984251968503937
3 0.5501968503937008 0.5354330708661418 0.0610236220472441 0.02952755905511811
3 0.6112204724409449 0.4340551181102362 0.00984251968503937 0.07086614173228346
3 0.6919291338582677 0.4596456692913386 0.0610236220472441 0.10039370078740158
3 0.5708661417322834 0.6003937007874016 0.02952755905511811 0.10039370078740158
3 0.6811023622047244 0.3139763779527559 0.0610236220472441 0.07086614173228346
3 0.8828740157480315 0.5 0.0610236220472441 0.00984251968503937
3 0.7214566929133859 0.7470472440944882 0.0610236220472441 0.13188976377952755
6 0.04625984251968504 0.4498031496062992 0.08070866141732283 0.8070866141732284
6 0.48031496062992124 0.48031496062992124 0.7559055118110236 0.8562992125984252
6 0.17716535433070865 0.530511811023622 0.10039370078740158 0.7559055118110236
6 0.3887795275590551 0.530511811023622 0.281496062992126 0.7559055118110236
6 0.7017716535433071 0.530511811023622 0.3031496062992126 0.7559055118110236
6 0.9438976377952756 0.4498031496062992 0.10039370078740158 0.6043307086614174
6 0.39960629921259844 0.5 0.08070866141732283 0.3031496062992126
6 0.6309055118110236 0.7519685039370079 0.1515748031496063 0.25196850393700787