0 0.2732067510548523 0.03481012658227848 0.06540084388185655 0.06540084388185655
0 0.4356540084388186 0.03481012658227848 0.06540084388185655 0.06540084388185655
0 0.5643459915611815 0.03481012658227848 0.06540084388185655 0.06540084388185655
0 0.6729957805907173 0.03481012658227848 0.06540084388185655 0.06540084388185655
0 0.8027426160337553 0.03481012658227848 0.06540084388185655 0.06540084388185655
0 0.40189873417721517 0.9820675105485233 0.12869198312236288 0.035864978902953586
0 0.629746835443038 0.9820675105485233 0.12869198312236288 0.035864978902953586
2 0.21940928270042195 0.1751054852320675 0.08649789029535865 0.06540084388185655
2 0.7162447257383966 0.1751054852320675 0.08649789029535865 0.06540084388185655
2 0.8565400843881856 0.1751054852320675 0.06540084388185655 0.06540084388185655
2 0.4356540084388186 0.41350210970464135 0.08649789029535865 0.06540084388185655
2 0.5643459915611815 0.41350210970464135 0.08649789029535865 0.06540084388185655
2 0.770042194092827 0.510548523206751 0.08649789029535865 0.06540084388185655
2 0.21940928270042195 0.640295358649789 0.08649789029535865 0.06540084388185655
2 0.3491561181434599 0.640295358649789 0.08649789029535865 0.06540084388185655
2 0.2510548523206751 0.7911392405063291 0.08649789029535865 0.06540084388185655
2 0.4029535864978903 0.7911392405063291 0.08649789029535865 0.06540084388185655
2 0.6940928270042194 0.6286919831223629 0.08649789029535865 0.06540084388185655
2 0.6940928270042194 0.7046413502109705 0.08649789029535865 0.06540084388185655
2 0.8343881856540084 0.6719409282700421 0.08649789029535865 0.06540084388185655
2 0.8343881856540084 0.8238396624472574 0.08649789029535865 0.06540084388185655
4 0.21940928270042195 0.41350210970464135 0.08649789029535865 0.06540084388185655
4 0.4356540084388186 0.3048523206751055 0.08649789029535865 0.06540084388185655
4 0.5643459915611815 0.510548523206751 0.08649789029535865 0.06540084388185655
4 0.770042194092827 0.3048523206751055 0.08649789029535865 0.06540084388185655
4 0.770042194092827 0.41350210970464135 0.08649789029535865 0.06540084388185655
4 0.510548523206751 0.640295358649789 0.08649789029535865 0.06540084388185655
5 0.024261603375527425 0.5 0.04219409282700422 0.32489451476793246
5 0.3924050632911392 0.1751054852320675 0.08649789029535865 0.06540084388185655
5 0.5327004219409283 0.1751054852320675 0.08649789029535865 0.06540084388185655
3 0.46729957805907174 0.10021097046413502 0.010548523206751054 0.04219409282700422
3 0.48945147679324896 0.12130801687763713 0.6476793248945147 0.010548523206751054
3 0.21940928270042195 0.14345991561181434 0.010548523206751054 0.03164556962025317
3 0.3924050632911392 0.14345991561181434 0.010548523206751054 0.03164556962025317
3 0.5327004219409283 0.14345991561181434 0.010548523206751054 0.03164556962025317
3 0.7162447257383966 0.14345991561181434 0.010548523206751054 0.03164556962025317
3 0.46729957805907174 0.2510548523206751 0.010548523206751054 0.04219409282700422
3 0.3438818565400844 0.2616033755274262 0.2489451476793249 0.02109704641350211
3 0.21940928270042195 0.33755274261603374 0.010548523206751054 0.12869198312236288
3 0.4356540084388186 0.35864978902953587 0.010548523206751054 0.04219409282700422
3 0.6075949367088608 0.3048523206751055 0.23839662447257384 0.010548523206751054
3 0.770042194092827 0.35864978902953587 0.010548523206751054 0.04219409282700422
3 0.6624472573839663 0.41350210970464135 0.12869198312236288 0.010548523206751054
3 0.5 0.4620253164556962 0.08649789029535865 0.03164556962025317
3 0.6624472573839663 0.510548523206751 0.10759493670886076 0.010548523206751054
3 0.21940928270042195 0.5748945147679325 0.010548523206751054 0.06540084388185655
3 0.5379746835443038 0.5748945147679325 0.03164556962025317 0.06540084388185655
3 0.4293248945147679 0.640295358649789 0.0759493670886076 0.010548523206751054
3 0.45675105485232065 0.7267932489451476 0.10759493670886076 0.06540084388185655
3 0.6075949367088608 0.5970464135021097 0.10759493670886076 0.03164556962025317
3 0.30063291139240506 0.7151898734177216 0.0759493670886076 0.06540084388185655
3 0.5 0.9314345991561181 0.010548523206751054 0.06540084388185655
3 0.7647679324894515 0.7584388185654009 0.14135021097046413 0.06540084388185655
6 0.4451476793248945 0.039029535864978905 0.8649789029535865 0.07805907172995781
6 0.47890295358649787 0.5 0.9177215189873418 0.810126582278481
6 0.5327004219409283 0.1751054852320675 0.810126582278481 0.10759493670886076
6 0.5327004219409283 0.40189873417721517 0.810126582278481 0.30168776371308015
6 0.5327004219409283 0.7373417721518988 0.810126582278481 0.32489451476793246
6 0.4462025316455696 0.9715189873417721 0.6476793248945147 0.056962025316455694
6 0.5 0.41350210970464135 0.32489451476793246 0.08649789029535865
6 0.770042194092827 0.6613924050632911 0.270042194092827 0.16244725738396623