0 0.7116141732283464 0.04625984251968504 0.0610236220472441 0.0610236220472441
0 0.5600393700787402 0.04625984251968504 0.0610236220472441 0.0610236220472441
0 0.43996062992125984 0.04625984251968504 0.0610236220472441 0.0610236220472441
0 0.33858267716535434 0.04625984251968504 0.0610236220472441 0.0610236220472441
0 0.21751968503937008 0.04625984251968504 0.0610236220472441 0.0610236220472441
0 0.5905511811023622 0.9438976377952756 0.12007874015748031 0.0610236220472441
0 0.37893700787401574 0.9438976377952756 0.12007874015748031 0.0610236220472441
2 0.7618110236220472 0.17716535433070865 0.08070866141732283 0.0610236220472441
2 0.29822834645669294 0.17716535433070865 0.08070866141732283 0.0610236220472441
2 0.1673228346456693 0.17716535433070865 0.0610236220472441 0.0610236220472441
2 0.5600393700787402 0.39960629921259844 0.08070866141732283 0.0610236220472441
2 0.43996062992125984 0.39960629921259844 0.08070866141732283 0.0610236220472441
2 0.24803149606299213 0.49015748031496065 0.08070866141732283 0.0610236220472441
2 0.7618110236220472 0.6112204724409449 0.08070866141732283 0.0610236220472441
2 0.640748031496063 0.6112204724409449 0.08070866141732283 0.0610236220472441
2 0.7322834645669292 0.7519685039370079 0.08070866141732283 0.0610236220472441
2 0.5905511811023622 0.7519685039370079 0.08070866141732283 0.0610236220472441
2 0.3188976377952756 0.6003937007874016 0.08070866141732283 0.0610236220472441
2 0.3188976377952756 0.6712598425196851 0.08070866141732283 0.0610236220472441
2 0.18799212598425197 0.640748031496063 0.08070866141732283 0.0610236220472441
2 0.18799212598425197 0.78248031496063 0.08070866141732283 0.0610236220472441
4 0.7618110236220472 0.39960629921259844 0.08070866141732283 0.0610236220472441
4 0.5600393700787402 0.29822834645669294 0.08070866141732283 0.0610236220472441
4 0.43996062992125984 0.49015748031496065 0.08070866141732283 0.0610236220472441
4 0.24803149606299213 0.29822834645669294 0.08070866141732283 0.0610236220472441
4 0.24803149606299213 0.39960629921259844 0.08070866141732283 0.0610236220472441
4 0.49015748031496065 0.6112204724409449 0.08070866141732283 0.0610236220472441
5 0.9438976377952756 0.48031496062992124 0.03937007874015748 0.3031496062992126
5 0.6003937007874016 0.17716535433070865 0.08070866141732283 0.0610236220472441
5 0.46948818897637795 0.17716535433070865 0.08070866141732283 0.0610236220472441
3 0.530511811023622 0.10728346456692914 0.00984251968503937 0.03937007874015748
3 0.5098425196850394 0.12696850393700787 0.6043307086614174 0.00984251968503937
3 0.7618110236220472 0.14763779527559054 0.00984251968503937 0.02952755905511811
3 0.6003937007874016 0.14763779527559054 0.00984251968503937 0.02952755905511811
3 0.46948818897637795 0.14763779527559054 0.00984251968503937 0.02952755905511811
3 0.29822834645669294 0.14763779527559054 0.00984251968503937 0.02952755905511811
3 0.530511811023622 0.24803149606299213 0.00984251968503937 0.03937007874015748
3 0.6456692913385826 0.2578740157480315 0.23228346456692914 0.01968503937007874
3 0.7618110236220472 0.328740157480315 0.00984251968503937 0.12007874015748031
3 0.5600393700787402 0.3484251968503937 0.00984251968503937 0.03937007874015748
3 0.39960629921259844 0.29822834645669294 0.22244094488188976 0.00984251968503937
3 0.24803149606299213 0.3484251968503937 0.00984251968503937 0.03937007874015748
3 0.3484251968503937 0.39960629921259844 0.12007874015748031 0.00984251968503937
3 0.5 0.4448818897637795 0.08070866141732283 0.02952755905511811
3 0.3484251968503937 0.49015748031496065 0.10039370078740158 0.00984251968503937
3 0.7618110236220472 0.5501968503937008 0.00984251968503937 0.0610236220472441
3 0.4645669291338583 0.5501968503937008 0.02952755905511811 0.0610236220472441
3 0.5659448818897638 0.6112204724409449 0.07086614173228346 0.00984251968503937
3 0.5403543307086615 0.6919291338582677 0.10039370078740158 0.0610236220472441
3 0.39960629921259844 0.5708661417322834 0.10039370078740158 0.02952755905511811
3 0.6860236220472441 0.6811023622047244 0.07086614173228346 0.0610236220472441
3 0.5 0.8828740157480315 0.00984251968503937 0.0610236220472441
3 0.2529527559055118 0.7214566929133859 0.13188976377952755 0.0610236220472441
6 0.5501968503937008 0.04625984251968504 0.8070866141732284 0.08070866141732283
6 0.5196850393700787 0.48031496062992124 0.8562992125984252 0.7559055118110236
6 0.46948818897637795 0.17716535433070865 0.7559055118110236 0.10039370078740158
6 0.46948818897637795 0.3887795275590551 0.7559055118110236 0.281496062992126
6 0.46948818897637795 0.7017716535433071 0.7559055118110236 0.3031496062992126
6 0.5501968503937008 0.9438976377952756 0.6043307086614174 0.10039370078740158
6 0.5 0.39960629921259844 0.3031496062992126 0.08070866141732283
6 0.24803149606299213 0.6309055118110236 0.25196850393700787 0.1515748031496063