0 0.951844262295082 0.2694672131147541 0.06352459016393443 0.06352459016393443
0 0.951844262295082 0.42725409836065575 0.06352459016393443 0.06352459016393443
0 0.951844262295082 0.5522540983606558 0.06352459016393443 0.06352459016393443
0 0.951844262295082 0.6577868852459017 0.06352459016393443 0.06352459016393443
0 0.951844262295082 0.7838114754098361 0.06352459016393443 0.06352459016393443
0 0.02459016393442623 0.3944672131147541 0.04918032786885246 0.125
0 0.02459016393442623 0.6157786885245902 0.04918032786885246 0.125
2 0.8155737704918032 0.21721311475409835 0.06352459016393443 0.08401639344262295
2 0.8155737704918032 0.6997950819672131 0.06352459016393443 0.08401639344262295
2 0.8155737704918032 0.8360655737704918 0.06352459016393443 0.06352459016393443
2 0.5840163934426229 0.42725409836065575 0.06352459016393443 0.08401639344262295
2 0.5840163934426229 0.5522540983606558 0.06352459016393443 0.08401639344262295
2 0.48975409836065575 0.7520491803278688 0.06352459016393443 0.08401639344262295
2 0.3637295081967213 0.21721311475409835 0.06352459016393443 0.08401639344262295
2 0.3637295081967213 0.3432377049180328 0.06352459016393443 0.08401639344262295
2 0.21721311475409835 0.24795081967213115 0.06352459016393443 0.08401639344262295
2 0.21721311475409835 0.39549180327868855 0.06352459016393443 0.08401639344262295
2 0.375 0.6782786885245902 0.06352459016393443 0.08401639344262295
2 0.3012295081967213 0.6782786885245902 0.06352459016393443 0.08401639344262295
2 0.33299180327868855 0.8145491803278688 0.06352459016393443 0.08401639344262295
2 0.18545081967213115 0.8145491803278688 0.06352459016393443 0.08401639344262295
4 0.5840163934426229 0.21721311475409835 0.06352459016393443 0.08401639344262295
4 0.6895491803278688 0.42725409836065575 0.06352459016393443 0.08401639344262295
4 0.48975409836065575 0.5522540983606558 0.06352459016393443 0.08401639344262295
4 0.6895491803278688 0.7520491803278688 0.06352459016393443 0.08401639344262295
4 0.5840163934426229 0.7520491803278688 0.06352459016393443 0.08401639344262295
4 0.3637295081967213 0.5 0.06352459016393443 0.08401639344262295
5 0.5 0.027663934426229508 0.3155737704918033 0.040983606557377046
5 0.8155737704918032 0.38524590163934425 0.06352459016393443 0.08401639344262295
5 0.8155737704918032 0.5215163934426229 0.06352459016393443 0.08401639344262295
3 0.8883196721311475 0.45799180327868855 0.040983606557377046 0.010245901639344262
3 0.867827868852459 0.47950819672131145 0.010245901639344262 0.6290983606557377
3 0.8463114754098361 0.21721311475409835 0.030737704918032786 0.010245901639344262
3 0.8463114754098361 0.38524590163934425 0.030737704918032786 0.010245901639344262
3 0.8463114754098361 0.5215163934426229 0.030737704918032786 0.010245901639344262
3 0.8463114754098361 0.6997950819672131 0.030737704918032786 0.010245901639344262
3 0.7418032786885246 0.45799180327868855 0.040983606557377046 0.010245901639344262
3 0.7315573770491803 0.33811475409836067 0.020491803278688523 0.24180327868852458
3 0.6577868852459017 0.21721311475409835 0.125 0.010245901639344262
3 0.6372950819672131 0.42725409836065575 0.040983606557377046 0.010245901639344262
3 0.6895491803278688 0.5942622950819673 0.010245901639344262 0.23155737704918034
3 0.6372950819672131 0.7520491803278688 0.040983606557377046 0.010245901639344262
3 0.5840163934426229 0.6475409836065574 0.010245901639344262 0.125
3 0.5368852459016393 0.48975409836065575 0.030737704918032786 0.08401639344262295
3 0.48975409836065575 0.6475409836065574 0.010245901639344262 0.10450819672131148
3 0.42725409836065575 0.21721311475409835 0.06352459016393443 0.010245901639344262
3 0.42725409836065575 0.5266393442622951 0.06352459016393443 0.030737704918032786
3 0.3637295081967213 0.42110655737704916 0.010245901639344262 0.07377049180327869
3 0.2797131147540984 0.44774590163934425 0.06352459016393443 0.10450819672131148
3 0.4057377049180328 0.5942622950819673 0.030737704918032786 0.10450819672131148
3 0.29098360655737704 0.29610655737704916 0.06352459016393443 0.07377049180327869
3 0.08094262295081968 0.48975409836065575 0.06352459016393443 0.010245901639344262
3 0.2489754098360656 0.7469262295081968 0.06352459016393443 0.13729508196721313
6 0.951844262295082 0.4375 0.08401639344262295 0.8401639344262295
6 0.5 0.4692622950819672 0.7868852459016393 0.8913934426229508
6 0.8155737704918032 0.5215163934426229 0.10450819672131148 0.7868852459016393
6 0.5952868852459017 0.5215163934426229 0.2930327868852459 0.7868852459016393
6 0.2694672131147541 0.5215163934426229 0.3155737704918033 0.7868852459016393
6 0.03483606557377049 0.4375 0.06967213114754098 0.6290983606557377
6 0.5840163934426229 0.48975409836065575 0.08401639344262295 0.3155737704918033
6 0.3432377049180328 0.7520491803278688 0.15778688524590165 0.26229508196721313