0 0.013713080168776372 0.24156118143459915 0.027426160337552744 0.06540084388185655
0 0.013713080168776372 0.4040084388185654 0.027426160337552744 0.06540084388185655
0 0.013713080168776372 0.5327004219409283 0.027426160337552744 0.06540084388185655
0 0.013713080168776372 0.640295358649789 0.027426160337552744 0.06540084388185655
0 0.013713080168776372 0.7710970464135021 0.027426160337552744 0.06540084388185655
0 0.9567510548523207 0.37130801687763715 0.06540084388185655 0.12869198312236288
0 0.9567510548523207 0.5981012658227848 0.06540084388185655 0.12869198312236288
2 0.1350210970464135 0.1877637130801688 0.06540084388185655 0.08649789029535865
2 0.1350210970464135 0.6845991561181435 0.06540084388185655 0.08649789029535865
2 0.1350210970464135 0.8248945147679325 0.06540084388185655 0.06540084388185655
2 0.37341772151898733 0.4040084388185654 0.06540084388185655 0.08649789029535865
2 0.37341772151898733 0.5327004219409283 0.06540084388185655 0.08649789029535865
2 0.4704641350210971 0.7383966244725738 0.06540084388185655 0.08649789029535865
2 0.6002109704641351 0.1877637130801688 0.06540084388185655 0.08649789029535865
2 0.6002109704641351 0.31751054852320676 0.06540084388185655 0.08649789029535865
2 0.7510548523206751 0.21940928270042195 0.06540084388185655 0.08649789029535865
2 0.7510548523206751 0.37130801687763715 0.06540084388185655 0.08649789029535865
2 0.5886075949367089 0.6624472573839663 0.06540084388185655 0.08649789029535865
2 0.6645569620253164 0.6624472573839663 0.06540084388185655 0.08649789029535865
2 0.6318565400843882 0.8027426160337553 0.06540084388185655 0.08649789029535865
2 0.7837552742616034 0.8027426160337553 0.06540084388185655 0.08649789029535865
4 0.37341772151898733 0.1877637130801688 0.06540084388185655 0.08649789029535865
4 0.26476793248945146 0.4040084388185654 0.06540084388185655 0.08649789029535865
4 0.4704641350210971 0.5327004219409283 0.06540084388185655 0.08649789029535865
4 0.26476793248945146 0.7383966244725738 0.06540084388185655 0.08649789029535865
4 0.37341772151898733 0.7383966244725738 0.06540084388185655 0.08649789029535865
4 0.6002109704641351 0.47890295358649787 0.06540084388185655 0.08649789029535865
5 0.459915611814346 0.006329113924050633 0.32489451476793246 0.012658227848101266
5 0.1350210970464135 0.36075949367088606 0.06540084388185655 0.08649789029535865
5 0.1350210970464135 0.5010548523206751 0.06540084388185655 0.08649789029535865
3 0.060126582278481014 0.4356540084388186 0.04219409282700422 0.010548523206751054
3 0.08122362869198312 0.4578059071729958 0.010548523206751054 0.6476793248945147
3 0.10337552742616034 0.1877637130801688 0.03164556962025317 0.010548523206751054
3 0.10337552742616034 0.36075949367088606 0.03164556962025317 0.010548523206751054
3 0.10337552742616034 0.5010548523206751 0.03164556962025317 0.010548523206751054
3 0.10337552742616034 0.6845991561181435 0.03164556962025317 0.010548523206751054
3 0.2109704641350211 0.4356540084388186 0.04219409282700422 0.010548523206751054
3 0.22151898734177214 0.31223628691983124 0.02109704641350211 0.2489451476793249
3 0.2974683544303797 0.1877637130801688 0.12869198312236288 0.010548523206751054
3 0.31856540084388185 0.4040084388185654 0.04219409282700422 0.010548523206751054
3 0.26476793248945146 0.5759493670886076 0.010548523206751054 0.23839662447257384
3 0.31856540084388185 0.7383966244725738 0.04219409282700422 0.010548523206751054
3 0.37341772151898733 0.630801687763713 0.010548523206751054 0.12869198312236288
3 0.4219409282700422 0.46835443037974683 0.03164556962025317 0.08649789029535865
3 0.4704641350210971 0.630801687763713 0.010548523206751054 0.10759493670886076
3 0.5348101265822784 0.1877637130801688 0.06540084388185655 0.010548523206751054
3 0.5348101265822784 0.5063291139240507 0.06540084388185655 0.03164556962025317
3 0.6002109704641351 0.39767932489451474 0.010548523206751054 0.0759493670886076
3 0.6867088607594937 0.42510548523206754 0.06540084388185655 0.10759493670886076
3 0.5569620253164557 0.5759493670886076 0.03164556962025317 0.10759493670886076
3 0.6751054852320675 0.2689873417721519 0.06540084388185655 0.0759493670886076
3 0.8913502109704642 0.46835443037974683 0.06540084388185655 0.010548523206751054
3 0.7183544303797469 0.7331223628691983 0.06540084388185655 0.14135021097046413
6 0.0189873417721519 0.4229957805907173 0.0379746835443038 0.8459915611814346
6 0.459915611814346 0.4525316455696203 0.810126582278481 0.9050632911392406
6 0.1350210970464135 0.5010548523206751 0.10759493670886076 0.810126582278481
6 0.3618143459915612 0.5010548523206751 0.30168776371308015 0.810126582278481
6 0.6972573839662447 0.5010548523206751 0.32489451476793246 0.810126582278481
6 0.9514767932489452 0.41455696202531644 0.0970464135021097 0.6476793248945147
6 0.37341772151898733 0.46835443037974683 0.08649789029535865 0.32489451476793246
6 0.6213080168776371 0.7383966244725738 0.16244725738396623 0.270042194092827