0 0.9668674698795181 0.286144578313253 0.06224899598393574 0.06224899598393574
0 0.9668674698795181 0.4407630522088353 0.06224899598393574 0.06224899598393574
0 0.9668674698795181 0.5632530120481928 0.06224899598393574 0.06224899598393574
0 0.9668674698795181 0.6666666666666666 0.06224899598393574 0.06224899598393574
0 0.9668674698795181 0.7901606425702812 0.06224899598393574 0.06224899598393574
0 0.05120481927710843 0.40963855421686746 0.06224899598393574 0.12248995983935743
0 0.05120481927710843 0.6255020080321285 0.06224899598393574 0.12248995983935743
2 0.8333333333333334 0.23493975903614459 0.06224899598393574 0.0823293172690763
2 0.8333333333333334 0.7078313253012049 0.06224899598393574 0.0823293172690763
2 0.8333333333333334 0.8413654618473896 0.06224899598393574 0.06224899598393574
2 0.606425702811245 0.4407630522088353 0.06224899598393574 0.0823293172690763
2 0.606425702811245 0.5632530120481928 0.06224899598393574 0.0823293172690763
2 0.5140562248995983 0.7590361445783133 0.06224899598393574 0.0823293172690763
2 0.39056224899598396 0.23493975903614459 0.06224899598393574 0.0823293172690763
2 0.39056224899598396 0.35843373493975905 0.06224899598393574 0.0823293172690763
2 0.2469879518072289 0.26506024096385544 0.06224899598393574 0.0823293172690763
2 0.2469879518072289 0.40963855421686746 0.06224899598393574 0.0823293172690763
2 0.40160642570281124 0.6867469879518072 0.06224899598393574 0.0823293172690763
2 0.3293172690763052 0.6867469879518072 0.06224899598393574 0.0823293172690763
2 0.3604417670682731 0.820281124497992 0.06224899598393574 0.0823293172690763
2 0.21586345381526104 0.820281124497992 0.06224899598393574 0.0823293172690763
4 0.606425702811245 0.23493975903614459 0.06224899598393574 0.0823293172690763
4 0.7098393574297188 0.4407630522088353 0.06224899598393574 0.0823293172690763
4 0.5140562248995983 0.5632530120481928 0.06224899598393574 0.0823293172690763
4 0.7098393574297188 0.7590361445783133 0.06224899598393574 0.0823293172690763
4 0.606425702811245 0.7590361445783133 0.06224899598393574 0.0823293172690763
4 0.39056224899598396 0.5120481927710844 0.06224899598393574 0.0823293172690763
5 0.5240963855421686 0.04919678714859438 0.3092369477911647 0.040160642570281124
5 0.8333333333333334 0.39959839357429716 0.06224899598393574 0.0823293172690763
5 0.8333333333333334 0.5331325301204819 0.06224899598393574 0.0823293172690763
3 0.9046184738955824 0.4708835341365462 0.040160642570281124 0.010040160642570281
3 0.8845381526104418 0.4919678714859438 0.010040160642570281 0.6164658634538153
3 0.8634538152610441 0.23493975903614459 0.030120481927710843 0.010040160642570281
3 0.8634538152610441 0.39959839357429716 0.030120481927710843 0.010040160642570281
3 0.8634538152610441 0.5331325301204819 0.030120481927710843 0.010040160642570281
3 0.8634538152610441 0.7078313253012049 0.030120481927710843 0.010040160642570281
3 0.7610441767068273 0.4708835341365462 0.040160642570281124 0.010040160642570281
3 0.751004016064257 0.3534136546184739 0.020080321285140562 0.23694779116465864
3 0.678714859437751 0.23493975903614459 0.12248995983935743 0.010040160642570281
3 0.6586345381526104 0.4407630522088353 0.040160642570281124 0.010040160642570281
3 0.7098393574297188 0.6044176706827309 0.010040160642570281 0.22690763052208834
3 0.6586345381526104 0.7590361445783133 0.040160642570281124 0.010040160642570281
3 0.606425702811245 0.6566265060240963 0.010040160642570281 0.12248995983935743
3 0.5602409638554217 0.5020080321285141 0.030120481927710843 0.0823293172690763
3 0.5140562248995983 0.6566265060240963 0.010040160642570281 0.10240963855421686
3 0.4528112449799197 0.23493975903614459 0.06224899598393574 0.010040160642570281
3 0.4528112449799197 0.5381526104417671 0.06224899598393574 0.030120481927710843
3 0.39056224899598396 0.4347389558232932 0.010040160642570281 0.07228915662650602
3 0.30823293172690763 0.4608433734939759 0.06224899598393574 0.10240963855421686
3 0.43172690763052207 0.6044176706827309 0.030120481927710843 0.10240963855421686
3 0.3192771084337349 0.31224899598393574 0.06224899598393574 0.07228915662650602
3 0.11345381526104417 0.5020080321285141 0.06224899598393574 0.010040160642570281
3 0.2781124497991968 0.7540160642570282 0.06224899598393574 0.13453815261044177
6 0.9628514056224899 0.4497991967871486 0.07429718875502007 0.8232931726907631
6 0.5240963855421686 0.4819277108433735 0.7710843373493976 0.8734939759036144
6 0.8333333333333334 0.5331325301204819 0.10240963855421686 0.7710843373493976
6 0.6174698795180723 0.5331325301204819 0.28714859437751006 0.7710843373493976
6 0.29819277108433734 0.5331325301204819 0.3092369477911647 0.7710843373493976
6 0.05120481927710843 0.4508032128514056 0.10240963855421686 0.6164658634538153
6 0.606425702811245 0.5020080321285141 0.0823293172690763 0.3092369477911647
6 0.3704819277108434 0.7590361445783133 0.15461847389558234 0.2570281124497992