0 0.7099609375 0.9501953125 0.060546875 0.060546875
0 0.5595703125 0.9501953125 0.060546875 0.060546875
0 0.4404296875 0.9501953125 0.060546875 0.060546875
0 0.33984375 0.9501953125 0.060546875 0.060546875
0 0.2197265625 0.9501953125 0.060546875 0.060546875
0 0.58984375 0.0595703125 0.119140625 0.060546875
0 0.3798828125 0.0595703125 0.119140625 0.060546875
2 0.759765625 0.8203125 0.080078125 0.060546875
2 0.2998046875 0.8203125 0.080078125 0.060546875
2 0.169921875 0.8203125 0.060546875 0.060546875
2 0.5595703125 0.599609375 0.080078125 0.060546875
2 0.4404296875 0.599609375 0.080078125 0.060546875
2 0.25 0.509765625 0.080078125 0.060546875
2 0.759765625 0.3896484375 0.080078125 0.060546875
2 0.6396484375 0.3896484375 0.080078125 0.060546875
2 0.73046875 0.25 0.080078125 0.060546875
2 0.58984375 0.25 0.080078125 0.060546875
2 0.3203125 0.400390625 0.080078125 0.060546875
2 0.3203125 0.330078125 0.080078125 0.060546875
2 0.1904296875 0.3603515625 0.080078125 0.060546875
2 0.1904296875 0.2197265625 0.080078125 0.060546875
4 0.759765625 0.599609375 0.080078125 0.060546875
4 0.5595703125 0.7001953125 0.080078125 0.060546875
4 0.4404296875 0.509765625 0.080078125 0.060546875
4 0.25 0.7001953125 0.080078125 0.060546875
4 0.25 0.599609375 0.080078125 0.060546875
4 0.490234375 0.3896484375 0.080078125 0.060546875
5 0.9404296875 0.51953125 0.0390625 0.30078125
5 0.599609375 0.8203125 0.080078125 0.060546875
5 0.4697265625 0.8203125 0.080078125 0.060546875
3 0.5302734375 0.8896484375 0.009765625 0.0390625
3 0.509765625 0.8701171875 0.599609375 0.009765625
3 0.759765625 0.849609375 0.009765625 0.029296875
3 0.599609375 0.849609375 0.009765625 0.029296875
3 0.4697265625 0.849609375 0.009765625 0.029296875
3 0.2998046875 0.849609375 0.009765625 0.029296875
3 0.5302734375 0.75 0.009765625 0.0390625
3 0.64453125 0.740234375 0.23046875 0.01953125
3 0.759765625 0.669921875 0.009765625 0.119140625
3 0.5595703125 0.650390625 0.009765625 0.0390625
3 0.400390625 0.7001953125 0.220703125 0.009765625
3 0.25 0.650390625 0.009765625 0.0390625
3 0.349609375 0.599609375 0.119140625 0.009765625
3 0.5 0.5546875 0.080078125 0.029296875
3 0.349609375 0.509765625 0.099609375 0.009765625
3 0.759765625 0.4501953125 0.009765625 0.060546875
3 0.46484375 0.4501953125 0.029296875 0.060546875
3 0.5654296875 0.3896484375 0.0703125 0.009765625
3 0.5400390625 0.3095703125 0.099609375 0.060546875
3 0.400390625 0.4296875 0.099609375 0.029296875
3 0.6845703125 0.3203125 0.0703125 0.060546875
3 0.5 0.1201171875 0.009765625 0.060546875
3 0.2548828125 0.2802734375 0.130859375 0.060546875
6 0.5498046875 0.9501953125 0.80078125 0.080078125
6 0.51953125 0.51953125 0.849609375 0.75
6 0.4697265625 0.8203125 0.75 0.099609375
6 0.4697265625 0.6103515625 0.75 0.279296875
6 0.4697265625 0.2998046875 0.75 0.30078125
6 0.5498046875 0.0595703125 0.599609375 0.099609375
6 0.5 0.599609375 0.30078125 0.080078125
6 0.25 0.3701171875 0.25 0.150390625