0 0.9501953125 0.2900390625 0.060546875 0.060546875
0 0.9501953125 0.4404296875 0.060546875 0.060546875
0 0.9501953125 0.5595703125 0.060546875 0.060546875
0 0.9501953125 0.66015625 0.060546875 0.060546875
0 0.9501953125 0.7802734375 0.060546875 0.060546875
0 0.0595703125 0.41015625 0.060546875 0.119140625
0 0.0595703125 0.6201171875 0.060546875 0.119140625
2 0.8203125 0.240234375 0.060546875 0.080078125
2 0.8203125 0.7001953125 0.060546875 0.080078125
2 0.8203125 0.830078125 0.060546875 0.060546875
2 0.599609375 0.4404296875 0.060546875 0.080078125
2 0.599609375 0.5595703125 0.060546875 0.080078125
2 0.509765625 0.75 0.060546875 0.080078125
2 0.3896484375 0.240234375 0.060546875 0.080078125
2 0.3896484375 0.3603515625 0.060546875 0.080078125
2 0.25 0.26953125 0.060546875 0.080078125
2 0.25 0.41015625 0.060546875 0.080078125
2 0.400390625 0.6796875 0.060546875 0.080078125
2 0.330078125 0.6796875 0.060546875 0.080078125
2 0.3603515625 0.8095703125 0.060546875 0.080078125
2 0.2197265625 0.8095703125 0.060546875 0.080078125
4 0.599609375 0.240234375 0.060546875 0.080078125
4 0.7001953125 0.4404296875 0.060546875 0.080078125
4 0.509765625 0.5595703125 0.060546875 0.080078125
4 0.7001953125 0.75 0.060546875 0.080078125
4 0.599609375 0.75 0.060546875 0.080078125
4 0.3896484375 0.509765625 0.060546875 0.080078125
5 0.51953125 0.0595703125 0.30078125 0.0390625
5 0.8203125 0.400390625 0.060546875 0.080078125
5 0.8203125 0.5302734375 0.060546875 0.080078125
3 0.8896484375 0.4697265625 0.0390625 0.009765625
3 0.8701171875 0.490234375 0.009765625 0.599609375
3 0.849609375 0.240234375 0.029296875 0.009765625
3 0.849609375 0.400390625 0.029296875 0.009765625
3 0.849609375 0.5302734375 0.029296875 0.009765625
3 0.849609375 0.7001953125 0.029296875 0.009765625
3 0.75 0.4697265625 0.0390625 0.009765625
3 0.740234375 0.35546875 0.01953125 0.23046875
3 0.669921875 0.240234375 0.119140625 0.009765625
3 0.650390625 0.4404296875 0.0390625 0.009765625
3 0.7001953125 0.599609375 0.009765625 0.220703125
3 0.650390625 0.75 0.0390625 0.009765625
3 0.599609375 0.650390625 0.009765625 0.119140625
3 0.5546875 0.5 0.029296875 0.080078125
3 0.509765625 0.650390625 0.009765625 0.099609375
3 0.4501953125 0.240234375 0.060546875 0.009765625
3 0.4501953125 0.53515625 0.060546875 0.029296875
3 0.3896484375 0.4345703125 0.009765625 0.0703125
3 0.3095703125 0.4599609375 0.060546875 0.099609375
3 0.4296875 0.599609375 0.029296875 0.099609375
3 0.3203125 0.3154296875 0.060546875 0.0703125
3 0.1201171875 0.5 0.060546875 0.009765625
3 0.2802734375 0.7451171875 0.060546875 0.130859375
6 0.9501953125 0.4501953125 0.080078125 0.80078125
6 0.51953125 0.48046875 0.75 0.849609375
6 0.8203125 0.5302734375 0.099609375 0.75
6 0.6103515625 0.5302734375 0.279296875 0.75
6 0.2998046875 0.5302734375 0.30078125 0.75
6 0.0595703125 0.4501953125 0.099609375 0.599609375
6 0.599609375 0.5 0.080078125 0.30078125
6 0.3701171875 0.75 0.150390625 0.25