0 0.7178714859437751 0.045180722891566265 0.06224899598393574 0.06224899598393574
0 0.5632530120481928 0.045180722891566265 0.06224899598393574 0.06224899598393574
0 0.4407630522088353 0.045180722891566265 0.06224899598393574 0.06224899598393574
0 0.3373493975903614 0.045180722891566265 0.06224899598393574 0.06224899598393574
0 0.21385542168674698 0.045180722891566265 0.06224899598393574 0.06224899598393574
0 0.5943775100401606 0.9608433734939759 0.12248995983935743 0.06224899598393574
0 0.3785140562248996 0.9608433734939759 0.12248995983935743 0.06224899598393574
2 0.7690763052208835 0.178714859437751 0.0823293172690763 0.06224899598393574
2 0.2961847389558233 0.178714859437751 0.0823293172690763 0.06224899598393574
2 0.16265060240963855 0.178714859437751 0.06224899598393574 0.06224899598393574
2 0.5632530120481928 0.40562248995983935 0.0823293172690763 0.06224899598393574
2 0.4407630522088353 0.40562248995983935 0.0823293172690763 0.06224899598393574
2 0.24497991967871485 0.4979919678714859 0.0823293172690763 0.06224899598393574
2 0.7690763052208835 0.6214859437751004 0.0823293172690763 0.06224899598393574
2 0.6455823293172691 0.6214859437751004 0.0823293172690763 0.06224899598393574
2 0.7389558232931727 0.7650602409638554 0.0823293172690763 0.06224899598393574
2 0.5943775100401606 0.7650602409638554 0.0823293172690763 0.06224899598393574
2 0.3172690763052209 0.6104417670682731 0.0823293172690763 0.06224899598393574
2 0.3172690763052209 0.6827309236947792 0.0823293172690763 0.06224899598393574
2 0.18373493975903615 0.6516064257028112 0.0823293172690763 0.06224899598393574
2 0.18373493975903615 0.7961847389558233 0.0823293172690763 0.06224899598393574
4 0.7690763052208835 0.40562248995983935 0.0823293172690763 0.06224899598393574
4 0.5632530120481928 0.30220883534136544 0.0823293172690763 0.06224899598393574
4 0.4407630522088353 0.4979919678714859 0.0823293172690763 0.06224899598393574
4 0.24497991967871485 0.30220883534136544 0.0823293172690763 0.06224899598393574
4 0.24497991967871485 0.40562248995983935 0.0823293172690763 0.06224899598393574
4 0.4919678714859438 0.6214859437751004 0.0823293172690763 0.06224899598393574
5 0.9548192771084337 0.4879518072289157 0.040160642570281124 0.3092369477911647
5 0.6044176706827309 0.178714859437751 0.0823293172690763 0.06224899598393574
5 0.4708835341365462 0.178714859437751 0.0823293172690763 0.06224899598393574
3 0.5331325301204819 0.10742971887550201 0.010040160642570281 0.040160642570281124
3 0.5120481927710844 0.12751004016064257 0.6164658634538153 0.010040160642570281
3 0.7690763052208835 0.14859437751004015 0.010040160642570281 0.030120481927710843
3 0.6044176706827309 0.14859437751004015 0.010040160642570281 0.030120481927710843
3 0.4708835341365462 0.14859437751004015 0.010040160642570281 0.030120481927710843
3 0.2961847389558233 0.14859437751004015 0.010040160642570281 0.030120481927710843
3 0.5331325301204819 0.25100401606425704 0.010040160642570281 0.040160642570281124
3 0.6506024096385542 0.26104417670682734 0.23694779116465864 0.020080321285140562
3 0.7690763052208835 0.3333333333333333 0.010040160642570281 0.12248995983935743
3 0.5632530120481928 0.3534136546184739 0.010040160642570281 0.040160642570281124
3 0.39959839357429716 0.30220883534136544 0.22690763052208834 0.010040160642570281
3 0.24497991967871485 0.3534136546184739 0.010040160642570281 0.040160642570281124
3 0.3473895582329317 0.40562248995983935 0.12248995983935743 0.010040160642570281
3 0.5020080321285141 0.45180722891566266 0.0823293172690763 0.030120481927710843
3 0.3473895582329317 0.4979919678714859 0.10240963855421686 0.010040160642570281
3 0.7690763052208835 0.5592369477911646 0.010040160642570281 0.06224899598393574
3 0.46586345381526106 0.5592369477911646 0.030120481927710843 0.06224899598393574
3 0.5692771084337349 0.6214859437751004 0.07228915662650602 0.010040160642570281
3 0.5431726907630522 0.7038152610441767 0.10240963855421686 0.06224899598393574
3 0.39959839357429716 0.5803212851405622 0.10240963855421686 0.030120481927710843
3 0.6917670682730924 0.6927710843373494 0.07228915662650602 0.06224899598393574
3 0.5020080321285141 0.8985943775100401 0.010040160642570281 0.06224899598393574
3 0.25 0.7339357429718876 0.13453815261044177 0.06224899598393574
6 0.5532128514056225 0.045180722891566265 0.8232931726907631 0.0823293172690763
6 0.5220883534136547 0.4879518072289157 0.8734939759036144 0.7710843373493976
6 0.4708835341365462 0.178714859437751 0.7710843373493976 0.10240963855421686
6 0.4708835341365462 0.39457831325301207 0.7710843373493976 0.28714859437751006
6 0.4708835341365462 0.713855421686747 0.7710843373493976 0.3092369477911647
6 0.5532128514056225 0.9548192771084337 0.6164658634538153 0.09036144578313253
6 0.5020080321285141 0.40562248995983935 0.3092369477911647 0.0823293172690763
6 0.24497991967871485 0.641566265060241 0.2570281124497992 0.15461847389558234