0 0.912109375 0.4697265625 0.064453125 0.140625
3 0.8076171875 0.2275390625 0.0546875 0.115234375
3 0.748046875 0.2275390625 0.04296875 0.115234375
5 0.7802734375 0.6123046875 0.0546875 0.115234375
4 0.595703125 0.4716796875 0.1328125 0.185546875
4 0.5986328125 0.26953125 0.048828125 0.115234375
4 0.466796875 0.4716796875 0.064453125 0.115234375
4 0.3583984375 0.4716796875 0.08984375 0.0703125
4 0.2509765625 0.4716796875 0.08984375 0.0703125
4 0.10546875 0.4296875 0.109375 0.04296875
4 0.10546875 0.517578125 0.109375 0.04296875
1 0.865234375 0.4716796875 0.02734375 0.01171875
1 0.689453125 0.4580078125 0.052734375 0.01171875
1 0.515625 0.4716796875 0.02734375 0.01171875
1 0.4189453125 0.4716796875 0.029296875 0.01171875
1 0.302734375 0.4716796875 0.01953125 0.01171875
1 0.1884765625 0.4482421875 0.044921875 0.064453125
1 0.10546875 0.474609375 0.005859375 0.048828125
1 0.4990234375 0.794921875 0.564453125 0.01171875
1 0.216796875 0.73046875 0.005859375 0.142578125
1 0.7802734375 0.7822265625 0.005859375 0.037109375
6 0.7802734375 0.4443359375 0.1328125 0.490234375
6 0.216796875 0.482421875 0.39453125 0.294921875
6 0.10546875 0.4716796875 0.14453125 0.21484375