0 0.087890625 0.4697265625 0.064453125 0.140625
3 0.1923828125 0.2275390625 0.0546875 0.115234375
3 0.251953125 0.2275390625 0.04296875 0.115234375
5 0.2197265625 0.6123046875 0.0546875 0.115234375
4 0.404296875 0.4716796875 0.1328125 0.185546875
4 0.4013671875 0.26953125 0.048828125 0.115234375
4 0.533203125 0.4716796875 0.064453125 0.115234375
4 0.6416015625 0.4716796875 0.08984375 0.0703125
4 0.7490234375 0.4716796875 0.08984375 0.0703125
4 0.89453125 0.4296875 0.109375 0.04296875
4 0.89453125 0.517578125 0.109375 0.04296875
1 0.134765625 0.4716796875 0.02734375 0.01171875
1 0.310546875 0.4580078125 0.052734375 0.01171875
1 0.484375 0.4716796875 0.02734375 0.01171875
1 0.5810546875 0.4716796875 0.029296875 0.01171875
1 0.697265625 0.4716796875 0.01953125 0.01171875
1 0.8115234375 0.4482421875 0.044921875 0.064453125
1 0.89453125 0.474609375 0.005859375 0.048828125
1 0.5009765625 0.794921875 0.564453125 0.01171875
1 0.783203125 0.73046875 0.005859375 0.142578125
1 0.2197265625 0.7822265625 0.005859375 0.037109375
6 0.2197265625 0.4443359375 0.1328125 0.490234375
6 0.783203125 0.482421875 0.39453125 0.294921875
6 0.89453125 0.4716796875 0.14453125 0.21484375