0 0.5396341463414634 0.031504065040650404 0.1565040650406504 0.06300813008130081
2 0.5497967479674797 0.4481707317073171 0.1565040650406504 0.12398373983739837
2 0.6646341463414634 0.8851626016260162 0.1565040650406504 0.12398373983739837
2 0.23780487804878048 0.20934959349593496 0.1565040650406504 0.1565040650406504
2 0.23780487804878048 0.4481707317073171 0.1565040650406504 0.18699186991869918
4 0.8099593495934959 0.6666666666666666 0.1565040650406504 0.1565040650406504
4 0.5497967479674797 0.6666666666666666 0.1565040650406504 0.18699186991869918
1 0.5497967479674797 0.20934959349593496 0.1565040650406504 0.1565040650406504
5 0.7896341463414634 0.20934959349593496 0.1565040650406504 0.1565040650406504
5 0.34247967479674796 0.8851626016260162 0.1565040650406504 0.12398373983739837
5 0.11280487804878049 0.698170731707317 0.12398373983739837 0.2601626016260163
3 0.7063008130081301 0.021341463414634148 0.18699186991869918 0.01016260162601626
3 0.7997967479674797 0.08434959349593496 0.01016260162601626 0.12398373983739837
3 0.5813008130081301 0.09451219512195122 0.01016260162601626 0.08333333333333333
3 0.5813008130081301 0.3231707317073171 0.01016260162601626 0.08333333333333333
3 0.7164634146341463 0.4583333333333333 0.16666666666666666 0.01016260162601626
3 0.7997967479674797 0.5213414634146342 0.01016260162601626 0.12398373983739837
3 0.5813008130081301 0.551829268292683 0.01016260162601626 0.08333333333333333
3 0.40447154471544716 0.4481707317073171 0.12398373983739837 0.01016260162601626
3 0.2896341463414634 0.3231707317073171 0.01016260162601626 0.08333333333333333
3 0.37296747967479676 0.021341463414634148 0.2073170731707317 0.01016260162601626
3 0.2693089430894309 0.07317073170731707 0.01016260162601626 0.10365853658536585
3 0.2896341463414634 0.6148373983739838 0.01016260162601626 0.12398373983739837
3 0.35264227642276424 0.676829268292683 0.12398373983739837 0.01016260162601626
3 0.40447154471544716 0.75 0.01016260162601626 0.14634146341463414
3 0.508130081300813 0.8851626016260162 0.1565040650406504 0.01016260162601626
3 0.6646341463414634 0.801829268292683 0.01016260162601626 0.04065040650406504
3 0.6128048780487805 0.7703252032520326 0.10365853658536585 0.01016260162601626
3 0.5497967479674797 0.75 0.01016260162601626 0.03048780487804878
3 0.16565040650406504 0.30284552845528456 0.01016260162601626 0.03048780487804878
3 0.11280487804878049 0.3231707317073171 0.10365853658536585 0.01016260162601626
3 0.06097560975609756 0.4481707317073171 0.01016260162601626 0.25
6 0.49085365853658536 0.5315040650406504 0.9817073170731707 0.9166666666666666