0 0.4695378151260504 0.01995798319327731 0.16176470588235295 0.03991596638655462
2 0.45903361344537813 0.4380252100840336 0.16176470588235295 0.12815126050420167
2 0.3403361344537815 0.8897058823529411 0.16176470588235295 0.12815126050420167
2 0.7815126050420168 0.19117647058823528 0.16176470588235295 0.16176470588235295
2 0.7815126050420168 0.4380252100840336 0.16176470588235295 0.19327731092436976
4 0.19012605042016806 0.6638655462184874 0.16176470588235295 0.16176470588235295
4 0.45903361344537813 0.6638655462184874 0.16176470588235295 0.19327731092436976
1 0.45903361344537813 0.19117647058823528 0.16176470588235295 0.16176470588235295
5 0.2111344537815126 0.19117647058823528 0.16176470588235295 0.16176470588235295
5 0.6733193277310925 0.8897058823529411 0.16176470588235295 0.12815126050420167
5 0.9107142857142857 0.6964285714285714 0.12815126050420167 0.2689075630252101
3 0.296218487394958 0.0010504201680672268 0.19327731092436976 0.0021008403361344537
3 0.20063025210084034 0.06302521008403361 0.01050420168067227 0.12605042016806722
3 0.4264705882352941 0.07247899159663866 0.01050420168067227 0.0861344537815126
3 0.4264705882352941 0.3088235294117647 0.01050420168067227 0.0861344537815126
3 0.2867647058823529 0.4485294117647059 0.1722689075630252 0.01050420168067227
3 0.20063025210084034 0.5136554621848739 0.01050420168067227 0.12815126050420167
3 0.4264705882352941 0.5451680672268907 0.01050420168067227 0.0861344537815126
3 0.6092436974789915 0.4380252100840336 0.12815126050420167 0.01050420168067227
3 0.7279411764705882 0.3088235294117647 0.01050420168067227 0.0861344537815126
3 0.6407563025210085 0.0010504201680672268 0.21428571428571427 0.0021008403361344537
3 0.7489495798319328 0.051470588235294115 0.01050420168067227 0.10294117647058823
3 0.7279411764705882 0.6102941176470589 0.01050420168067227 0.12815126050420167
3 0.6628151260504201 0.6743697478991597 0.12815126050420167 0.01050420168067227
3 0.6092436974789915 0.75 0.01050420168067227 0.15126050420168066
3 0.5021008403361344 0.8897058823529411 0.16176470588235295 0.01050420168067227
3 0.3403361344537815 0.8035714285714286 0.01050420168067227 0.04201680672268908
3 0.3939075630252101 0.7710084033613446 0.10714285714285714 0.01050420168067227
3 0.45903361344537813 0.75 0.01050420168067227 0.031512605042016806
3 0.8560924369747899 0.28781512605042014 0.01050420168067227 0.031512605042016806
3 0.9107142857142857 0.3088235294117647 0.10714285714285714 0.01050420168067227
3 0.9642857142857143 0.4380252100840336 0.01050420168067227 0.25840336134453784
6 0.5063025210084033 0.5241596638655462 0.9873949579831933 0.9474789915966386