0 0.4339430894308943 0.036585365853658534 0.1565040650406504 0.07317073170731707
2 0.42378048780487804 0.4583333333333333 0.1565040650406504 0.12398373983739837
2 0.3089430894308943 0.8953252032520326 0.1565040650406504 0.12398373983739837
2 0.7357723577235772 0.21951219512195122 0.1565040650406504 0.1565040650406504
2 0.7357723577235772 0.4583333333333333 0.1565040650406504 0.18699186991869918
4 0.16361788617886178 0.676829268292683 0.1565040650406504 0.1565040650406504
4 0.42378048780487804 0.676829268292683 0.1565040650406504 0.18699186991869918
1 0.42378048780487804 0.21951219512195122 0.1565040650406504 0.1565040650406504
5 0.1839430894308943 0.21951219512195122 0.1565040650406504 0.1565040650406504
5 0.6310975609756098 0.8953252032520326 0.1565040650406504 0.12398373983739837
5 0.8607723577235772 0.7083333333333334 0.12398373983739837 0.2601626016260163
3 0.26727642276422764 0.031504065040650404 0.18699186991869918 0.01016260162601626
3 0.17378048780487804 0.09451219512195122 0.01016260162601626 0.12398373983739837
3 0.39227642276422764 0.10467479674796748 0.01016260162601626 0.08333333333333333
3 0.39227642276422764 0.3333333333333333 0.01016260162601626 0.08333333333333333
3 0.2571138211382114 0.4684959349593496 0.16666666666666666 0.01016260162601626
3 0.17378048780487804 0.5315040650406504 0.01016260162601626 0.12398373983739837
3 0.39227642276422764 0.5619918699186992 0.01016260162601626 0.08333333333333333
3 0.5691056910569106 0.4583333333333333 0.12398373983739837 0.01016260162601626
3 0.6839430894308943 0.3333333333333333 0.01016260162601626 0.08333333333333333
3 0.600609756097561 0.031504065040650404 0.2073170731707317 0.01016260162601626
3 0.7042682926829268 0.08333333333333333 0.01016260162601626 0.10365853658536585
3 0.6839430894308943 0.625 0.01016260162601626 0.12398373983739837
3 0.6209349593495935 0.6869918699186992 0.12398373983739837 0.01016260162601626
3 0.5691056910569106 0.7601626016260162 0.01016260162601626 0.14634146341463414
3 0.4654471544715447 0.8953252032520326 0.1565040650406504 0.01016260162601626
3 0.3089430894308943 0.8119918699186992 0.01016260162601626 0.04065040650406504
3 0.36077235772357724 0.7804878048780488 0.10365853658536585 0.01016260162601626
3 0.42378048780487804 0.7601626016260162 0.01016260162601626 0.03048780487804878
3 0.8079268292682927 0.3130081300813008 0.01016260162601626 0.03048780487804878
3 0.8607723577235772 0.3333333333333333 0.10365853658536585 0.01016260162601626
3 0.9126016260162602 0.4583333333333333 0.01016260162601626 0.25
6 0.4898373983739837 0.5416666666666666 0.9796747967479674 0.9166666666666666