0 0.42604166666666665 0.98125 0.16041666666666668 0.0375
2 0.415625 0.5677083333333334 0.16041666666666668 0.12708333333333333
2 0.29791666666666666 0.11979166666666667 0.16041666666666668 0.12708333333333333
2 0.7354166666666667 0.8125 0.16041666666666668 0.16041666666666668
2 0.7354166666666667 0.5677083333333334 0.16041666666666668 0.19166666666666668
4 0.14895833333333333 0.34375 0.16041666666666668 0.16041666666666668
4 0.415625 0.34375 0.16041666666666668 0.19166666666666668
1 0.415625 0.8125 0.16041666666666668 0.16041666666666668
5 0.16979166666666667 0.8125 0.16041666666666668 0.16041666666666668
5 0.628125 0.11979166666666667 0.16041666666666668 0.12708333333333333
5 0.8635416666666667 0.31145833333333334 0.12708333333333333 0.26666666666666666
3 0.159375 0.9385416666666667 0.010416666666666666 0.12291666666666666
3 0.38333333333333336 0.9302083333333333 0.010416666666666666 0.08541666666666667
3 0.38333333333333336 0.6958333333333333 0.010416666666666666 0.08541666666666667
3 0.24479166666666666 0.5572916666666666 0.17083333333333334 0.010416666666666666
3 0.159375 0.49270833333333336 0.010416666666666666 0.12708333333333333
3 0.38333333333333336 0.46145833333333336 0.010416666666666666 0.08541666666666667
3 0.5645833333333333 0.5677083333333334 0.12708333333333333 0.010416666666666666
3 0.6822916666666666 0.6958333333333333 0.010416666666666666 0.08541666666666667
3 0.703125 0.95 0.010416666666666666 0.1
3 0.6822916666666666 0.396875 0.010416666666666666 0.12708333333333333
3 0.6177083333333333 0.3333333333333333 0.12708333333333333 0.010416666666666666
3 0.5645833333333333 0.25833333333333336 0.010416666666666666 0.15
3 0.4583333333333333 0.11979166666666667 0.16041666666666668 0.010416666666666666
3 0.29791666666666666 0.20520833333333333 0.010416666666666666 0.041666666666666664
3 0.35104166666666664 0.2375 0.10625 0.010416666666666666
3 0.415625 0.25833333333333336 0.010416666666666666 0.03125
3 0.809375 0.7166666666666667 0.010416666666666666 0.03125
3 0.8635416666666667 0.6958333333333333 0.10625 0.010416666666666666
3 0.9166666666666666 0.5677083333333334 0.010416666666666666 0.25625
6 0.49270833333333336 0.4822916666666667 0.9854166666666667 0.9395833333333333