0 0.5537974683544303 0.9620253164556962 0.16244725738396623 0.0759493670886076
2 0.5643459915611815 0.5242616033755274 0.16244725738396623 0.12869198312236288
2 0.6835443037974683 0.07067510548523206 0.16244725738396623 0.12869198312236288
2 0.24050632911392406 0.7721518987341772 0.16244725738396623 0.16244725738396623
2 0.24050632911392406 0.5242616033755274 0.16244725738396623 0.1940928270042194
4 0.8343881856540084 0.2974683544303797 0.16244725738396623 0.16244725738396623
4 0.5643459915611815 0.2974683544303797 0.16244725738396623 0.1940928270042194
1 0.5643459915611815 0.7721518987341772 0.16244725738396623 0.16244725738396623
5 0.8132911392405063 0.7721518987341772 0.16244725738396623 0.16244725738396623
5 0.3491561181434599 0.07067510548523206 0.16244725738396623 0.12869198312236288
5 0.11075949367088607 0.26476793248945146 0.12869198312236288 0.270042194092827
3 0.7267932489451476 0.9672995780590717 0.1940928270042194 0.010548523206751054
3 0.8238396624472574 0.9018987341772152 0.010548523206751054 0.12869198312236288
3 0.5970464135021097 0.8913502109704642 0.010548523206751054 0.08649789029535865
3 0.5970464135021097 0.6540084388185654 0.010548523206751054 0.08649789029535865
3 0.7373417721518988 0.5137130801687764 0.1729957805907173 0.010548523206751054
3 0.8238396624472574 0.44831223628691985 0.010548523206751054 0.12869198312236288
3 0.5970464135021097 0.4166666666666667 0.010548523206751054 0.08649789029535865
3 0.41350210970464135 0.5242616033755274 0.12869198312236288 0.010548523206751054
3 0.29430379746835444 0.6540084388185654 0.010548523206751054 0.08649789029535865
3 0.3808016877637131 0.9672995780590717 0.21518987341772153 0.010548523206751054
3 0.2732067510548523 0.9135021097046413 0.010548523206751054 0.10759493670886076
3 0.29430379746835444 0.3512658227848101 0.010548523206751054 0.12869198312236288
3 0.35970464135021096 0.2869198312236287 0.12869198312236288 0.010548523206751054
3 0.41350210970464135 0.2109704641350211 0.010548523206751054 0.1518987341772152
3 0.5210970464135021 0.07067510548523206 0.16244725738396623 0.010548523206751054
3 0.6835443037974683 0.1571729957805907 0.010548523206751054 0.04219409282700422
3 0.629746835443038 0.189873417721519 0.10759493670886076 0.010548523206751054
3 0.5643459915611815 0.2109704641350211 0.010548523206751054 0.03164556962025317
3 0.16561181434599156 0.6751054852320675 0.010548523206751054 0.03164556962025317
3 0.11075949367088607 0.6540084388185654 0.10759493670886076 0.010548523206751054
3 0.056962025316455694 0.5242616033755274 0.010548523206751054 0.25949367088607594
6 0.5 0.45675105485232065 1 0.9135021097046413