0 0.0498046875 0.4501953125 0.080078125 0.150390625
2 0.4599609375 0.4404296875 0.119140625 0.150390625
2 0.8798828125 0.330078125 0.119140625 0.150390625
2 0.23046875 0.740234375 0.150390625 0.150390625
2 0.4599609375 0.740234375 0.1796875 0.150390625
4 0.669921875 0.1904296875 0.150390625 0.150390625
4 0.669921875 0.4404296875 0.1796875 0.150390625
1 0.23046875 0.4404296875 0.150390625 0.150390625
5 0.23046875 0.2099609375 0.150390625 0.150390625
5 0.8798828125 0.6396484375 0.119140625 0.150390625
5 0.7001953125 0.8603515625 0.25 0.119140625
3 0.0498046875 0.2900390625 0.009765625 0.1796875
3 0.1103515625 0.2001953125 0.119140625 0.009765625
3 0.1201171875 0.41015625 0.080078125 0.009765625
3 0.33984375 0.41015625 0.080078125 0.009765625
3 0.4697265625 0.2802734375 0.009765625 0.16015625
3 0.5302734375 0.2001953125 0.119140625 0.009765625
3 0.5595703125 0.41015625 0.080078125 0.009765625
3 0.4599609375 0.580078125 0.009765625 0.119140625
3 0.33984375 0.6904296875 0.080078125 0.009765625
3 0.0498046875 0.6103515625 0.009765625 0.19921875
3 0.099609375 0.7099609375 0.099609375 0.009765625
3 0.6201171875 0.6904296875 0.119140625 0.009765625
3 0.6796875 0.6298828125 0.009765625 0.119140625
3 0.75 0.580078125 0.140625 0.009765625
3 0.8798828125 0.48046875 0.009765625 0.150390625
3 0.7998046875 0.330078125 0.0390625 0.009765625
3 0.76953125 0.3798828125 0.009765625 0.099609375
3 0.75 0.4404296875 0.029296875 0.009765625
3 0.3203125 0.8095703125 0.029296875 0.009765625
3 0.33984375 0.8603515625 0.009765625 0.099609375
3 0.4599609375 0.91015625 0.240234375 0.009765625
6 0.5400390625 0.5 0.880859375 0.94921875