0 0.5491967871485943 0.040160642570281124 0.15461847389558234 0.08032128514056225
2 0.5592369477911646 0.4608433734939759 0.15461847389558234 0.12248995983935743
2 0.6726907630522089 0.892570281124498 0.15461847389558234 0.12248995983935743
2 0.25100401606425704 0.2248995983935743 0.15461847389558234 0.15461847389558234
2 0.25100401606425704 0.4608433734939759 0.15461847389558234 0.18473895582329317
4 0.8162650602409639 0.6767068273092369 0.15461847389558234 0.15461847389558234
4 0.5592369477911646 0.6767068273092369 0.15461847389558234 0.18473895582329317
1 0.5592369477911646 0.2248995983935743 0.15461847389558234 0.15461847389558234
5 0.7961847389558233 0.2248995983935743 0.15461847389558234 0.15461847389558234
5 0.35441767068273095 0.892570281124498 0.15461847389558234 0.12248995983935743
5 0.12751004016064257 0.7078313253012049 0.12248995983935743 0.2570281124497992
3 0.713855421686747 0.0391566265060241 0.18473895582329317 0.010040160642570281
3 0.8062248995983936 0.10140562248995984 0.010040160642570281 0.12248995983935743
3 0.5903614457831325 0.11144578313253012 0.010040160642570281 0.0823293172690763
3 0.5903614457831325 0.3373493975903614 0.010040160642570281 0.0823293172690763
3 0.7238955823293173 0.4708835341365462 0.1646586345381526 0.010040160642570281
3 0.8062248995983936 0.5331325301204819 0.010040160642570281 0.12248995983935743
3 0.5903614457831325 0.5632530120481928 0.010040160642570281 0.0823293172690763
3 0.41566265060240964 0.4608433734939759 0.12248995983935743 0.010040160642570281
3 0.30220883534136544 0.3373493975903614 0.010040160642570281 0.0823293172690763
3 0.3845381526104418 0.0391566265060241 0.20481927710843373 0.010040160642570281
3 0.2821285140562249 0.09036144578313253 0.010040160642570281 0.10240963855421686
3 0.30220883534136544 0.6255020080321285 0.010040160642570281 0.12248995983935743
3 0.3644578313253012 0.6867469879518072 0.12248995983935743 0.010040160642570281
3 0.41566265060240964 0.7590361445783133 0.010040160642570281 0.14457831325301204
3 0.5180722891566265 0.892570281124498 0.15461847389558234 0.010040160642570281
3 0.6726907630522089 0.8102409638554217 0.010040160642570281 0.040160642570281124
3 0.6214859437751004 0.7791164658634538 0.10240963855421686 0.010040160642570281
3 0.5592369477911646 0.7590361445783133 0.010040160642570281 0.030120481927710843
3 0.17971887550200802 0.3172690763052209 0.010040160642570281 0.030120481927710843
3 0.12751004016064257 0.3373493975903614 0.10240963855421686 0.010040160642570281
3 0.07630522088353414 0.4608433734939759 0.010040160642570281 0.2469879518072289
6 0.4979919678714859 0.5431726907630522 0.9759036144578314 0.9056224899598394