0 0.545 0.043 0.154 0.082
2 0.555 0.463 0.154 0.122
2 0.668 0.893 0.154 0.122
2 0.248 0.228 0.154 0.154
2 0.248 0.463 0.154 0.184
4 0.811 0.678 0.154 0.154
4 0.555 0.678 0.154 0.184
1 0.555 0.228 0.154 0.154
5 0.791 0.228 0.154 0.154
5 0.351 0.893 0.154 0.122
5 0.125 0.709 0.122 0.256
3 0.709 0.043 0.184 0.01
3 0.801 0.105 0.01 0.122
3 0.586 0.115 0.01 0.082
3 0.586 0.34 0.01 0.082
3 0.719 0.473 0.164 0.01
3 0.801 0.535 0.01 0.122
3 0.586 0.565 0.01 0.082
3 0.412 0.463 0.122 0.01
3 0.299 0.34 0.01 0.082
3 0.381 0.043 0.204 0.01
3 0.279 0.094 0.01 0.102
3 0.299 0.627 0.01 0.122
3 0.361 0.688 0.122 0.01
3 0.412 0.76 0.01 0.144
3 0.514 0.893 0.154 0.01
3 0.668 0.811 0.01 0.04
3 0.617 0.78 0.102 0.01
3 0.555 0.76 0.01 0.03
3 0.177 0.32 0.01 0.03
3 0.125 0.34 0.102 0.01
3 0.074 0.463 0.01 0.246
6 0.494 0.545 0.972 0.902