0 0.1416015625 0.5048828125 0.064453125 0.115234375
3 0.341796875 0.14453125 0.064453125 0.115234375
5 0.490234375 0.14453125 0.064453125 0.115234375
4 0.39453125 0.3115234375 0.14453125 0.0859375
4 0.39453125 0.4345703125 0.14453125 0.0859375
4 0.39453125 0.5576171875 0.14453125 0.0859375
5 0.6279296875 0.4482421875 0.0546875 0.0859375
3 0.85546875 0.2353515625 0.115234375 0.115234375
3 0.85546875 0.39453125 0.115234375 0.115234375
5 0.85546875 0.5849609375 0.115234375 0.0859375
5 0.85546875 0.7001953125 0.115234375 0.0859375
4 0.3984375 0.751953125 0.0546875 0.0859375
1 0.2177734375 0.5048828125 0.005859375 0.14453125
1 0.2353515625 0.4345703125 0.0390625 0.009765625
1 0.28515625 0.7353515625 0.14453125 0.009765625
1 0.51953125 0.4345703125 0.064453125 0.009765625
1 0.6279296875 0.400390625 0.005859375 0.03515625
1 0.5849609375 0.28515625 0.115234375 0.009765625
1 0.5849609375 0.3095703125 0.115234375 0.009765625
1 0.5849609375 0.33203125 0.115234375 0.009765625
1 0.5849609375 0.35546875 0.115234375 0.009765625
1 0.6923828125 0.3154296875 0.005859375 0.4140625
1 0.7421875 0.251953125 0.115234375 0.009765625
1 0.7421875 0.41796875 0.115234375 0.009765625
1 0.7421875 0.5849609375 0.115234375 0.009765625
1 0.7421875 0.7119140625 0.115234375 0.009765625
1 0.6201171875 0.73046875 0.35546875 0.009765625
1 0.4384765625 0.73046875 0.005859375 0.025390625
6 0.6123046875 0.4453125 0.732421875 0.82421875
6 0.3984375 0.4345703125 0.19921875 0.427734375
6 0.849609375 0.3154296875 0.21875 0.388671875