0 0.023305084745762712 0.4438559322033898 0.046610169491525424 0.163135593220339
2 0.4480932203389831 0.4332627118644068 0.1292372881355932 0.163135593220339
2 0.9036016949152542 0.3135593220338983 0.1292372881355932 0.163135593220339
2 0.19915254237288135 0.7584745762711864 0.163135593220339 0.163135593220339
2 0.4480932203389831 0.7584745762711864 0.19491525423728814 0.163135593220339
4 0.6758474576271186 0.1620762711864407 0.163135593220339 0.163135593220339
4 0.6758474576271186 0.4332627118644068 0.19491525423728814 0.163135593220339
1 0.19915254237288135 0.4332627118644068 0.163135593220339 0.163135593220339
5 0.19915254237288135 0.1832627118644068 0.163135593220339 0.163135593220339
5 0.9036016949152542 0.649364406779661 0.1292372881355932 0.163135593220339
5 0.7086864406779662 0.888771186440678 0.2711864406779661 0.1292372881355932
3 0.00423728813559322 0.2690677966101695 0.00847457627118644 0.19491525423728814
3 0.06885593220338983 0.17266949152542374 0.1292372881355932 0.01059322033898305
3 0.07944915254237288 0.4004237288135593 0.08686440677966102 0.01059322033898305
3 0.3177966101694915 0.4004237288135593 0.08686440677966102 0.01059322033898305
3 0.4586864406779661 0.2595338983050847 0.01059322033898305 0.17372881355932204
3 0.524364406779661 0.17266949152542374 0.1292372881355932 0.01059322033898305
3 0.5561440677966102 0.4004237288135593 0.08686440677966102 0.01059322033898305
3 0.4480932203389831 0.5847457627118644 0.01059322033898305 0.1292372881355932
3 0.3177966101694915 0.7044491525423728 0.08686440677966102 0.01059322033898305
3 0.00423728813559322 0.6165254237288136 0.00847457627118644 0.21610169491525424
3 0.057203389830508475 0.725635593220339 0.10805084745762712 0.01059322033898305
3 0.621822033898305 0.7044491525423728 0.1292372881355932 0.01059322033898305
3 0.6864406779661016 0.638771186440678 0.01059322033898305 0.1292372881355932
3 0.7627118644067796 0.5847457627118644 0.15254237288135594 0.01059322033898305
3 0.9036016949152542 0.4766949152542373 0.01059322033898305 0.163135593220339
3 0.8167372881355932 0.3135593220338983 0.0423728813559322 0.01059322033898305
3 0.7838983050847458 0.3675847457627119 0.01059322033898305 0.10805084745762712
3 0.7627118644067796 0.4332627118644068 0.03177966101694915 0.01059322033898305
3 0.2966101694915254 0.8336864406779662 0.03177966101694915 0.01059322033898305
3 0.3177966101694915 0.888771186440678 0.01059322033898305 0.10805084745762712
3 0.4480932203389831 0.9427966101694916 0.2605932203389831 0.01059322033898305
6 0.5286016949152542 0.5 0.9427966101694916 1