0 0.989451476793249 0.44831223628691985 0.02109704641350211 0.16244725738396623
2 0.5791139240506329 0.43776371308016876 0.12869198312236288 0.16244725738396623
2 0.12552742616033755 0.31856540084388185 0.12869198312236288 0.16244725738396623
2 0.8270042194092827 0.7616033755274262 0.16244725738396623 0.16244725738396623
2 0.5791139240506329 0.7616033755274262 0.1940928270042194 0.16244725738396623
4 0.35232067510548526 0.16772151898734178 0.16244725738396623 0.16244725738396623
4 0.35232067510548526 0.43776371308016876 0.1940928270042194 0.16244725738396623
1 0.8270042194092827 0.43776371308016876 0.16244725738396623 0.16244725738396623
5 0.8270042194092827 0.18881856540084388 0.16244725738396623 0.16244725738396623
5 0.12552742616033755 0.6529535864978903 0.12869198312236288 0.16244725738396623
5 0.31962025316455694 0.8913502109704642 0.270042194092827 0.12869198312236288
3 0.9462025316455697 0.17827004219409281 0.10759493670886076 0.010548523206751054
3 0.9462025316455697 0.4050632911392405 0.08649789029535865 0.010548523206751054
3 0.7088607594936709 0.4050632911392405 0.08649789029535865 0.010548523206751054
3 0.5685654008438819 0.26476793248945146 0.010548523206751054 0.1729957805907173
3 0.5031645569620253 0.17827004219409281 0.12869198312236288 0.010548523206751054
3 0.47151898734177217 0.4050632911392405 0.08649789029535865 0.010548523206751054
3 0.5791139240506329 0.5886075949367089 0.010548523206751054 0.12869198312236288
3 0.7088607594936709 0.7078059071729957 0.08649789029535865 0.010548523206751054
3 0.9578059071729957 0.7289029535864979 0.08438818565400844 0.010548523206751054
3 0.4061181434599156 0.7078059071729957 0.12869198312236288 0.010548523206751054
3 0.34177215189873417 0.6424050632911392 0.010548523206751054 0.12869198312236288
3 0.26582278481012656 0.5886075949367089 0.1518987341772152 0.010548523206751054
3 0.12552742616033755 0.4810126582278481 0.010548523206751054 0.16244725738396623
3 0.2120253164556962 0.31856540084388185 0.04219409282700422 0.010548523206751054
3 0.24472573839662448 0.37236286919831224 0.010548523206751054 0.10759493670886076
3 0.26582278481012656 0.43776371308016876 0.03164556962025317 0.010548523206751054
3 0.729957805907173 0.8364978902953587 0.03164556962025317 0.010548523206751054
3 0.7088607594936709 0.8913502109704642 0.010548523206751054 0.10759493670886076
3 0.5791139240506329 0.9451476793248945 0.25949367088607594 0.010548523206751054
6 0.49261603375527424 0.5 0.9514767932489452 1