0 0.05141129032258065 0.4344758064516129 0.08266129032258064 0.15524193548387097
2 0.4747983870967742 0.42439516129032256 0.12298387096774194 0.15524193548387097
2 0.9082661290322581 0.31048387096774194 0.12298387096774194 0.15524193548387097
2 0.23790322580645162 0.7338709677419355 0.15524193548387097 0.15524193548387097
2 0.4747983870967742 0.7338709677419355 0.18548387096774194 0.15524193548387097
4 0.6915322580645161 0.1663306451612903 0.15524193548387097 0.15524193548387097
4 0.6915322580645161 0.42439516129032256 0.18548387096774194 0.15524193548387097
1 0.23790322580645162 0.42439516129032256 0.15524193548387097 0.15524193548387097
5 0.23790322580645162 0.18649193548387097 0.15524193548387097 0.15524193548387097
5 0.9082661290322581 0.6300403225806451 0.12298387096774194 0.15524193548387097
5 0.7227822580645161 0.8578629032258065 0.25806451612903225 0.12298387096774194
3 0.05141129032258065 0.2691532258064516 0.010080645161290322 0.18548387096774194
3 0.11391129032258064 0.17641129032258066 0.12298387096774194 0.010080645161290322
3 0.12399193548387097 0.39314516129032256 0.08266129032258064 0.010080645161290322
3 0.35080645161290325 0.39314516129032256 0.08266129032258064 0.010080645161290322
3 0.4848790322580645 0.2590725806451613 0.010080645161290322 0.16532258064516128
3 0.5473790322580645 0.17641129032258066 0.12298387096774194 0.010080645161290322
3 0.5776209677419355 0.39314516129032256 0.08266129032258064 0.010080645161290322
3 0.4747983870967742 0.5685483870967742 0.010080645161290322 0.12298387096774194
3 0.35080645161290325 0.6824596774193549 0.08266129032258064 0.010080645161290322
3 0.05141129032258065 0.5997983870967742 0.010080645161290322 0.2056451612903226
3 0.1028225806451613 0.7026209677419355 0.1028225806451613 0.010080645161290322
3 0.6401209677419355 0.6824596774193549 0.12298387096774194 0.010080645161290322
3 0.7016129032258065 0.6199596774193549 0.010080645161290322 0.12298387096774194
3 0.7741935483870968 0.5685483870967742 0.14516129032258066 0.010080645161290322
3 0.9082661290322581 0.4657258064516129 0.010080645161290322 0.15524193548387097
3 0.8256048387096774 0.31048387096774194 0.04032258064516129 0.010080645161290322
3 0.7943548387096774 0.36189516129032256 0.010080645161290322 0.1028225806451613
3 0.7741935483870968 0.42439516129032256 0.03024193548387097 0.010080645161290322
3 0.33064516129032256 0.8054435483870968 0.03024193548387097 0.010080645161290322
3 0.35080645161290325 0.8578629032258065 0.010080645161290322 0.1028225806451613
3 0.4747983870967742 0.9092741935483871 0.24798387096774194 0.010080645161290322
6 0.5514112903225806 0.4879032258064516 0.8971774193548387 0.9758064516129032