0 0.4535573122529644 0.9575098814229249 0.15217391304347827 0.08102766798418973
2 0.44367588932806323 0.5424901185770751 0.15217391304347827 0.12055335968379446
2 0.33201581027667987 0.11758893280632411 0.15217391304347827 0.12055335968379446
2 0.7470355731225297 0.7747035573122529 0.15217391304347827 0.15217391304347827
2 0.7470355731225297 0.5424901185770751 0.15217391304347827 0.18181818181818182
4 0.1907114624505929 0.3300395256916996 0.15217391304347827 0.15217391304347827
4 0.44367588932806323 0.3300395256916996 0.15217391304347827 0.18181818181818182
1 0.44367588932806323 0.7747035573122529 0.15217391304347827 0.15217391304347827
5 0.21047430830039526 0.7747035573122529 0.15217391304347827 0.15217391304347827
5 0.6452569169960475 0.11758893280632411 0.15217391304347827 0.12055335968379446
5 0.8685770750988142 0.2994071146245059 0.12055335968379446 0.25296442687747034
3 0.29150197628458496 0.9575098814229249 0.18181818181818182 0.009881422924901186
3 0.20059288537549408 0.8962450592885376 0.009881422924901186 0.12055335968379446
3 0.41304347826086957 0.8863636363636364 0.009881422924901186 0.08102766798418973
3 0.41304347826086957 0.6640316205533597 0.009881422924901186 0.08102766798418973
3 0.2816205533596838 0.532608695652174 0.16205533596837945 0.009881422924901186
3 0.20059288537549408 0.47134387351778656 0.009881422924901186 0.12055335968379446
3 0.41304347826086957 0.441699604743083 0.009881422924901186 0.08102766798418973
3 0.5849802371541502 0.5424901185770751 0.12055335968379446 0.009881422924901186
3 0.6966403162055336 0.6640316205533597 0.009881422924901186 0.08102766798418973
3 0.6156126482213439 0.9575098814229249 0.2015810276679842 0.009881422924901186
3 0.7164031620553359 0.9071146245059288 0.009881422924901186 0.1007905138339921
3 0.6966403162055336 0.3804347826086957 0.009881422924901186 0.12055335968379446
3 0.6353754940711462 0.3201581027667984 0.12055335968379446 0.009881422924901186
3 0.5849802371541502 0.2490118577075099 0.009881422924901186 0.1422924901185771
3 0.4841897233201581 0.11758893280632411 0.15217391304347827 0.009881422924901186
3 0.33201581027667987 0.19861660079051383 0.009881422924901186 0.039525691699604744
3 0.3824110671936759 0.22924901185770752 0.1007905138339921 0.009881422924901186
3 0.44367588932806323 0.2490118577075099 0.009881422924901186 0.029644268774703556
3 0.817193675889328 0.6837944664031621 0.009881422924901186 0.029644268774703556
3 0.8685770750988142 0.6640316205533597 0.1007905138339921 0.009881422924901186
3 0.9189723320158103 0.5424901185770751 0.009881422924901186 0.24308300395256918
6 0.5039525691699605 0.4614624505928854 0.9604743083003953 0.8913043478260869