6 0.61181640625 0.44384765625 0.736328125 0.8115234375
6 0.39794921875 0.43505859375 0.2001953125 0.4248046875
6 0.85009765625 0.31494140625 0.2158203125 0.384765625
0 0.13818359375 0.5 0.0654296875 0.099609375
2 0.39794921875 0.31005859375 0.1650390625 0.0849609375
2 0.39794921875 0.43212890625 0.1650390625 0.0849609375
2 0.39794921875 0.55517578125 0.1650390625 0.0849609375
2 0.85009765625 0.22998046875 0.125 0.115234375
2 0.85009765625 0.39990234375 0.125 0.115234375
2 0.39794921875 0.748046875 0.080078125 0.08984375
4 0.85791015625 0.580078125 0.1181640625 0.08984375
4 0.85791015625 0.69482421875 0.1181640625 0.08984375
4 0.6279296875 0.4501953125 0.0849609375 0.08984375
4 0.34423828125 0.13818359375 0.125 0.115234375
4 0.490234375 0.13818359375 0.125 0.115234375
3 0.23779296875 0.43212890625 0.134765625 0.0048828125
3 0.2177734375 0.6201171875 0.0947265625 0.2236328125
3 0.53515625 0.43212890625 0.1123046875 0.0048828125
3 0.6279296875 0.39990234375 0.0048828125 0.0400390625
3 0.6279296875 0.26513671875 0.2197265625 0.03515625
3 0.6318359375 0.35498046875 0.2119140625 0.134765625
3 0.634765625 0.44482421875 0.2177734375 0.3046875
3 0.63818359375 0.52978515625 0.2236328125 0.3798828125
3 0.6201171875 0.72998046875 0.3603515625 0.0048828125