0 0.9281496062992126 0.33858267716535434 0.0531496062992126 0.07677165354330709
2 0.48031496062992124 0.2372047244094488 0.047244094488188976 0.0610236220472441
2 0.48031496062992124 0.3454724409448819 0.047244094488188976 0.0610236220472441
2 0.2263779527559055 0.11023622047244094 0.047244094488188976 0.0610236220472441
2 0.2263779527559055 0.3887795275590551 0.047244094488188976 0.0610236220472441
5 0.577755905511811 0.21456692913385828 0.025590551181102362 0.03543307086614173
5 0.3858267716535433 0.21948818897637795 0.025590551181102362 0.03543307086614173
5 0.09251968503937008 0.33366141732283466 0.025590551181102362 0.03543307086614173
5 0.2263779527559055 0.6289370078740157 0.047244094488188976 0.0610236220472441
5 0.13484251968503938 0.8474409448818898 0.047244094488188976 0.0610236220472441
5 0.5856299212598425 0.6289370078740157 0.03543307086614173 0.0610236220472441
5 0.5078740157480315 0.6289370078740157 0.047244094488188976 0.0610236220472441
3 0.764763779527559 0.3454724409448819 0.25393700787401574 0.00984251968503937
3 0.2263779527559055 0.2677165354330709 0.005905511811023622 0.04330708661417323
3 0.359251968503937 0.3887795275590551 0.17913385826771652 0.00984251968503937
3 0.2263779527559055 0.5167322834645669 0.005905511811023622 0.08858267716535433
3 0.13484251968503938 0.6427165354330708 0.005905511811023622 0.32086614173228345
6 0.4921259842519685 0.3454724409448819 0.29133858267716534 0.3248031496062992
6 0.16535433070866143 0.39763779527559057 0.28937007874015747 0.7283464566929134
6 0.1624015748031496 0.4074803149606299 0.23818897637795275 0.19881889763779528
6 0.5521653543307087 0.6545275590551181 0.16929133858267717 0.15748031496062992