0 0.9487951807228916 0.3333333333333333 0.05421686746987952 0.0783132530120482
2 0.4919678714859438 0.22991967871485944 0.04819277108433735 0.06224899598393574
2 0.4919678714859438 0.34036144578313254 0.04819277108433735 0.06224899598393574
2 0.23293172690763053 0.10040160642570281 0.04819277108433735 0.06224899598393574
2 0.23293172690763053 0.3845381526104418 0.04819277108433735 0.06224899598393574
5 0.5913654618473896 0.20682730923694778 0.02610441767068273 0.03614457831325301
5 0.39558232931726905 0.21184738955823293 0.02610441767068273 0.03614457831325301
5 0.0963855421686747 0.32831325301204817 0.02610441767068273 0.03614457831325301
5 0.23293172690763053 0.6295180722891566 0.04819277108433735 0.06224899598393574
5 0.1395582329317269 0.8524096385542169 0.04819277108433735 0.06224899598393574
5 0.5993975903614458 0.6295180722891566 0.03614457831325301 0.06224899598393574
5 0.5200803212851406 0.6295180722891566 0.04819277108433735 0.06224899598393574
3 0.7821285140562249 0.34036144578313254 0.25903614457831325 0.010040160642570281
3 0.23293172690763053 0.26104417670682734 0.006024096385542169 0.04417670682730924
3 0.3684738955823293 0.3845381526104418 0.1827309236947791 0.010040160642570281
3 0.23293172690763053 0.5150602409638554 0.006024096385542169 0.09036144578313253
3 0.1395582329317269 0.643574297188755 0.006024096385542169 0.3273092369477912
6 0.5040160642570282 0.34036144578313254 0.2971887550200803 0.3313253012048193
6 0.1706827309236948 0.39357429718875503 0.29518072289156627 0.7429718875502008
6 0.1676706827309237 0.4036144578313253 0.2429718875502008 0.20281124497991967
6 0.5652610441767069 0.6556224899598394 0.17269076305220885 0.1606425702811245