0 0.34439834024896265 0.9533195020746889 0.08091286307053942 0.056016597510373446
2 0.237551867219917 0.48132780082987553 0.06431535269709543 0.04979253112033195
2 0.3516597510373444 0.48132780082987553 0.06431535269709543 0.04979253112033195
2 0.1037344398340249 0.21369294605809128 0.06431535269709543 0.04979253112033195
2 0.39730290456431533 0.21369294605809128 0.06431535269709543 0.04979253112033195
5 0.21369294605809128 0.5840248962655602 0.03734439834024896 0.026970954356846474
5 0.21887966804979253 0.3817427385892116 0.03734439834024896 0.026970954356846474
5 0.3392116182572614 0.07261410788381743 0.03734439834024896 0.026970954356846474
5 0.6504149377593361 0.21369294605809128 0.06431535269709543 0.04979253112033195
5 0.8807053941908713 0.11721991701244813 0.06431535269709543 0.04979253112033195
5 0.6504149377593361 0.5923236514522822 0.06431535269709543 0.03734439834024896
5 0.6504149377593361 0.5103734439834025 0.06431535269709543 0.04979253112033195
3 0.3516597510373444 0.7811203319502075 0.01037344398340249 0.2676348547717842
3 0.2697095435684647 0.21369294605809128 0.04564315352697095 0.006224066390041493
3 0.39730290456431533 0.3537344398340249 0.01037344398340249 0.1887966804979253
3 0.5321576763485477 0.21369294605809128 0.09336099585062241 0.006224066390041493
3 0.6649377593360996 0.11721991701244813 0.3381742738589212 0.006224066390041493
6 0.3516597510373444 0.49377593360995853 0.34232365145228216 0.3070539419087137
6 0.4066390041493776 0.15145228215767634 0.7676348547717843 0.3029045643153527
6 0.4170124481327801 0.1462655601659751 0.2095435684647303 0.25103734439834025
6 0.6773858921161826 0.5570539419087137 0.16597510373443983 0.17842323651452283