0 0.3433734939759036 0.9467871485943775 0.0783132530120482 0.05421686746987952
2 0.2399598393574297 0.4899598393574297 0.06224899598393574 0.04819277108433735
2 0.35040160642570284 0.4899598393574297 0.06224899598393574 0.04819277108433735
2 0.11044176706827309 0.23092369477911648 0.06224899598393574 0.04819277108433735
2 0.39457831325301207 0.23092369477911648 0.06224899598393574 0.04819277108433735
5 0.21686746987951808 0.5893574297188755 0.03614457831325301 0.02610441767068273
5 0.22188755020080322 0.39357429718875503 0.03614457831325301 0.02610441767068273
5 0.33835341365461846 0.09437751004016064 0.03614457831325301 0.02610441767068273
5 0.6395582329317269 0.23092369477911648 0.06224899598393574 0.04819277108433735
5 0.8624497991967871 0.13755020080321284 0.06224899598393574 0.04819277108433735
5 0.6395582329317269 0.5973895582329317 0.06224899598393574 0.03614457831325301
5 0.6395582329317269 0.5180722891566265 0.06224899598393574 0.04819277108433735
3 0.35040160642570284 0.7801204819277109 0.010040160642570281 0.25903614457831325
3 0.2710843373493976 0.23092369477911648 0.04417670682730924 0.006024096385542169
3 0.39457831325301207 0.36646586345381527 0.010040160642570281 0.1827309236947791
3 0.5251004016064257 0.23092369477911648 0.09036144578313253 0.006024096385542169
3 0.6536144578313253 0.13755020080321284 0.3273092369477912 0.006024096385542169
6 0.35040160642570284 0.5020080321285141 0.3313253012048193 0.2971887550200803
6 0.4036144578313253 0.1686746987951807 0.7429718875502008 0.29518072289156627
6 0.41365461847389556 0.16566265060240964 0.20281124497991967 0.2429718875502008
6 0.6656626506024096 0.5632530120481928 0.1606425702811245 0.17269076305220885