6 0.8310546875 0.39501953125 0.2861328125 0.724609375
6 0.5048828125 0.34521484375 0.2900390625 0.3203125
6 0.44580078125 0.64990234375 0.16796875 0.1552734375
6 0.8310546875 0.40478515625 0.2353515625 0.2001953125
0 0.0732421875 0.33984375 0.0517578125 0.08984375
2 0.51806640625 0.23486328125 0.044921875 0.0595703125
2 0.51806640625 0.3798828125 0.0615234375 0.08203125
2 0.77001953125 0.15478515625 0.080078125 0.150390625
2 0.77001953125 0.384765625 0.080078125 0.08984375
2 0.77001953125 0.66015625 0.080078125 0.115234375
4 0.85986328125 0.875 0.080078125 0.115234375
5 0.419921875 0.21484375 0.025390625 0.03515625
5 0.61181640625 0.22021484375 0.025390625 0.03515625
5 0.89990234375 0.3349609375 0.025390625 0.03515625
3 0.23486328125 0.35791015625 0.251953125 0.009765625
3 0.63818359375 0.38818359375 0.1640625 0.009765625
3 0.77001953125 0.27197265625 0.009765625 0.08984375
3 0.77001953125 0.51220703125 0.009765625 0.1396484375
3 0.85986328125 0.64013671875 0.009765625 0.3603515625