0 0.3135245901639344 0.07684426229508197 0.07991803278688525 0.055327868852459015
2 0.20799180327868852 0.5430327868852459 0.06352459016393443 0.04918032786885246
2 0.3206967213114754 0.5430327868852459 0.06352459016393443 0.04918032786885246
2 0.07581967213114754 0.8073770491803278 0.06352459016393443 0.04918032786885246
2 0.36577868852459017 0.8073770491803278 0.06352459016393443 0.04918032786885246
5 0.18442622950819673 0.4415983606557377 0.036885245901639344 0.02663934426229508
5 0.18954918032786885 0.6413934426229508 0.036885245901639344 0.02663934426229508
5 0.3084016393442623 0.9467213114754098 0.036885245901639344 0.02663934426229508
5 0.6157786885245902 0.8073770491803278 0.06352459016393443 0.04918032786885246
5 0.8432377049180327 0.9026639344262295 0.06352459016393443 0.04918032786885246
5 0.6157786885245902 0.4334016393442623 0.06352459016393443 0.036885245901639344
5 0.6157786885245902 0.514344262295082 0.06352459016393443 0.04918032786885246
3 0.3206967213114754 0.24692622950819673 0.010245901639344262 0.26434426229508196
3 0.23975409836065573 0.8073770491803278 0.045081967213114756 0.006147540983606557
3 0.36577868852459017 0.6690573770491803 0.010245901639344262 0.1864754098360656
3 0.4989754098360656 0.8073770491803278 0.09221311475409837 0.006147540983606557
3 0.6301229508196722 0.9026639344262295 0.33401639344262296 0.006147540983606557
6 0.3206967213114754 0.5307377049180327 0.33811475409836067 0.30327868852459017
6 0.3770491803278688 0.8596311475409836 0.7540983606557377 0.2807377049180328
6 0.38524590163934425 0.8739754098360656 0.2069672131147541 0.24795081967213115
6 0.6424180327868853 0.4682377049180328 0.16393442622950818 0.1762295081967213