6 0.1689453125 0.39501953125 0.2861328125 0.724609375
6 0.4951171875 0.34521484375 0.2900390625 0.3203125
6 0.55419921875 0.64990234375 0.16796875 0.1552734375
6 0.1689453125 0.40478515625 0.2353515625 0.2001953125
0 0.9267578125 0.33984375 0.0517578125 0.08984375
2 0.48193359375 0.23486328125 0.044921875 0.0595703125
2 0.48193359375 0.3798828125 0.0615234375 0.08203125
2 0.22998046875 0.15478515625 0.080078125 0.150390625
2 0.22998046875 0.384765625 0.080078125 0.08984375
2 0.22998046875 0.66015625 0.080078125 0.115234375
4 0.14013671875 0.875 0.080078125 0.115234375
5 0.580078125 0.21484375 0.025390625 0.03515625
5 0.38818359375 0.22021484375 0.025390625 0.03515625
5 0.10009765625 0.3349609375 0.025390625 0.03515625
3 0.76513671875 0.35791015625 0.251953125 0.009765625
3 0.36181640625 0.38818359375 0.1640625 0.009765625
3 0.22998046875 0.27197265625 0.009765625 0.08984375
3 0.22998046875 0.51220703125 0.009765625 0.1396484375
3 0.14013671875 0.64013671875 0.009765625 0.3603515625