0 0.07381889763779527 0.33858267716535434 0.0531496062992126 0.07677165354330709
2 0.5216535433070866 0.2372047244094488 0.047244094488188976 0.0610236220472441
2 0.5216535433070866 0.3454724409448819 0.047244094488188976 0.0610236220472441
2 0.7755905511811023 0.11023622047244094 0.047244094488188976 0.0610236220472441
2 0.7755905511811023 0.3887795275590551 0.047244094488188976 0.0610236220472441
5 0.4242125984251969 0.21456692913385828 0.025590551181102362 0.03543307086614173
5 0.6161417322834646 0.21948818897637795 0.025590551181102362 0.03543307086614173
5 0.9094488188976378 0.33366141732283466 0.025590551181102362 0.03543307086614173
5 0.7755905511811023 0.6289370078740157 0.047244094488188976 0.0610236220472441
5 0.8671259842519685 0.8474409448818898 0.047244094488188976 0.0610236220472441
5 0.41633858267716534 0.6289370078740157 0.03543307086614173 0.0610236220472441
5 0.4940944881889764 0.6289370078740157 0.047244094488188976 0.0610236220472441
3 0.2372047244094488 0.3454724409448819 0.25393700787401574 0.00984251968503937
3 0.7755905511811023 0.2677165354330709 0.005905511811023622 0.04330708661417323
3 0.6427165354330708 0.3887795275590551 0.17913385826771652 0.00984251968503937
3 0.7755905511811023 0.5167322834645669 0.005905511811023622 0.08858267716535433
3 0.8671259842519685 0.6427165354330708 0.005905511811023622 0.32086614173228345
6 0.5098425196850394 0.3454724409448819 0.29133858267716534 0.3248031496062992
6 0.8366141732283464 0.39763779527559057 0.28937007874015747 0.7283464566929134
6 0.8395669291338582 0.4074803149606299 0.23818897637795275 0.19881889763779528
6 0.4498031496062992 0.6545275590551181 0.16929133858267717 0.15748031496062992