0 0.67 0.069 0.078 0.054
2 0.773 0.524 0.062 0.048
2 0.663 0.524 0.062 0.048
2 0.902 0.782 0.062 0.048
2 0.619 0.782 0.062 0.048
5 0.796 0.425 0.036 0.026
5 0.791 0.62 0.036 0.026
5 0.675 0.918 0.036 0.026
5 0.375 0.782 0.062 0.048
5 0.153 0.875 0.062 0.048
5 0.375 0.417 0.062 0.036
5 0.375 0.496 0.062 0.048
3 0.663 0.235 0.01 0.258
3 0.742 0.782 0.044 0.006
3 0.619 0.647 0.01 0.182
3 0.489 0.782 0.09 0.006
3 0.361 0.875 0.326 0.006
6 0.663 0.512 0.33 0.296
6 0.61 0.844 0.74 0.294
6 0.6 0.847 0.202 0.242
6 0.349 0.451 0.16 0.172