0 0.9464285714285714 0.31932773109243695 0.05672268907563025 0.0819327731092437
2 0.4684873949579832 0.2111344537815126 0.05042016806722689 0.06512605042016807
2 0.4684873949579832 0.32668067226890757 0.05042016806722689 0.06512605042016807
2 0.19747899159663865 0.07563025210084033 0.05042016806722689 0.06512605042016807
2 0.19747899159663865 0.37289915966386555 0.05042016806722689 0.06512605042016807
5 0.5724789915966386 0.1869747899159664 0.0273109243697479 0.037815126050420166
5 0.36764705882352944 0.19222689075630253 0.0273109243697479 0.037815126050420166
5 0.0546218487394958 0.31407563025210083 0.0273109243697479 0.037815126050420166
5 0.19747899159663865 0.6292016806722689 0.05042016806722689 0.06512605042016807
5 0.09978991596638656 0.8623949579831933 0.05042016806722689 0.06512605042016807
5 0.5808823529411765 0.6292016806722689 0.037815126050420166 0.06512605042016807
5 0.49789915966386555 0.6292016806722689 0.05042016806722689 0.06512605042016807
3 0.7720588235294118 0.32668067226890757 0.2710084033613445 0.01050420168067227
3 0.19747899159663865 0.24369747899159663 0.0063025210084033615 0.046218487394957986
3 0.3392857142857143 0.37289915966386555 0.19117647058823528 0.01050420168067227
3 0.19747899159663865 0.509453781512605 0.0063025210084033615 0.09453781512605042
3 0.09978991596638656 0.6439075630252101 0.0063025210084033615 0.34243697478991597
6 0.4810924369747899 0.32668067226890757 0.31092436974789917 0.34663865546218486
6 0.14390756302521007 0.3855042016806723 0.28781512605042014 0.7710084033613446
6 0.12920168067226892 0.39285714285714285 0.2542016806722689 0.21218487394957983
6 0.5451680672268907 0.6565126050420168 0.18067226890756302 0.16806722689075632