0 0.9267578125 0.337890625 0.052734375 0.076171875
2 0.482421875 0.2373046875 0.046875 0.060546875
2 0.482421875 0.3447265625 0.046875 0.060546875
2 0.23046875 0.111328125 0.046875 0.060546875
2 0.23046875 0.3876953125 0.046875 0.060546875
5 0.5791015625 0.21484375 0.025390625 0.03515625
5 0.388671875 0.2197265625 0.025390625 0.03515625
5 0.09765625 0.3330078125 0.025390625 0.03515625
5 0.23046875 0.6259765625 0.046875 0.060546875
5 0.1396484375 0.8427734375 0.046875 0.060546875
5 0.5869140625 0.6259765625 0.03515625 0.060546875
5 0.509765625 0.6259765625 0.046875 0.060546875
3 0.7646484375 0.3447265625 0.251953125 0.009765625
3 0.23046875 0.267578125 0.005859375 0.04296875
3 0.3623046875 0.3876953125 0.177734375 0.009765625
3 0.23046875 0.5146484375 0.005859375 0.087890625
3 0.1396484375 0.6396484375 0.005859375 0.318359375
6 0.494140625 0.3447265625 0.2890625 0.322265625
6 0.169921875 0.396484375 0.287109375 0.72265625
6 0.1669921875 0.40625 0.236328125 0.197265625
6 0.5537109375 0.6513671875 0.16796875 0.15625