0 0.33229166666666665 0.9770833333333333 0.08125 0.04583333333333333
2 0.22604166666666667 0.5083333333333333 0.06458333333333334 0.05
2 0.340625 0.5083333333333333 0.06458333333333334 0.05
2 0.09166666666666666 0.23958333333333334 0.06458333333333334 0.05
2 0.38645833333333335 0.23958333333333334 0.06458333333333334 0.05
5 0.20208333333333334 0.6114583333333333 0.0375 0.027083333333333334
5 0.20729166666666668 0.4083333333333333 0.0375 0.027083333333333334
5 0.328125 0.09791666666666667 0.0375 0.027083333333333334
5 0.640625 0.23958333333333334 0.06458333333333334 0.05
5 0.871875 0.14270833333333333 0.06458333333333334 0.05
5 0.640625 0.6197916666666666 0.06458333333333334 0.0375
5 0.640625 0.5375 0.06458333333333334 0.05
3 0.340625 0.809375 0.010416666666666666 0.26875
3 0.25833333333333336 0.23958333333333334 0.04583333333333333 0.00625
3 0.38645833333333335 0.3802083333333333 0.010416666666666666 0.18958333333333333
3 0.521875 0.23958333333333334 0.09375 0.00625
3 0.6552083333333333 0.14270833333333333 0.33958333333333335 0.00625
6 0.340625 0.5208333333333334 0.34375 0.30833333333333335
6 0.3958333333333333 0.175 0.7708333333333334 0.30625
6 0.40625 0.171875 0.21041666666666667 0.2520833333333333
6 0.6677083333333333 0.584375 0.16666666666666666 0.17916666666666667