0 0.0732421875 0.337890625 0.052734375 0.076171875
2 0.517578125 0.2373046875 0.046875 0.060546875
2 0.517578125 0.3447265625 0.046875 0.060546875
2 0.76953125 0.111328125 0.046875 0.060546875
2 0.76953125 0.3876953125 0.046875 0.060546875
5 0.4208984375 0.21484375 0.025390625 0.03515625
5 0.611328125 0.2197265625 0.025390625 0.03515625
5 0.90234375 0.3330078125 0.025390625 0.03515625
5 0.76953125 0.6259765625 0.046875 0.060546875
5 0.8603515625 0.8427734375 0.046875 0.060546875
5 0.4130859375 0.6259765625 0.03515625 0.060546875
5 0.490234375 0.6259765625 0.046875 0.060546875
3 0.2353515625 0.3447265625 0.251953125 0.009765625
3 0.76953125 0.267578125 0.005859375 0.04296875
3 0.6376953125 0.3876953125 0.177734375 0.009765625
3 0.76953125 0.5146484375 0.005859375 0.087890625
3 0.8603515625 0.6396484375 0.005859375 0.318359375
6 0.505859375 0.3447265625 0.2890625 0.322265625
6 0.830078125 0.396484375 0.287109375 0.72265625
6 0.8330078125 0.40625 0.236328125 0.197265625
6 0.4462890625 0.6513671875 0.16796875 0.15625