0 0.69375 0.04479166666666667 0.08125 0.05625
2 0.8010416666666667 0.51875 0.06458333333333334 0.05
2 0.6864583333333333 0.51875 0.06458333333333334 0.05
2 0.9354166666666667 0.7875 0.06458333333333334 0.05
2 0.640625 0.7875 0.06458333333333334 0.05
5 0.825 0.415625 0.0375 0.027083333333333334
5 0.8197916666666667 0.61875 0.0375 0.027083333333333334
5 0.6989583333333333 0.9291666666666667 0.0375 0.027083333333333334
5 0.38645833333333335 0.7875 0.06458333333333334 0.05
5 0.15520833333333334 0.884375 0.06458333333333334 0.05
5 0.38645833333333335 0.40729166666666666 0.06458333333333334 0.0375
5 0.38645833333333335 0.4895833333333333 0.06458333333333334 0.05
3 0.6864583333333333 0.21770833333333334 0.010416666666666666 0.26875
3 0.76875 0.7875 0.04583333333333333 0.00625
3 0.640625 0.646875 0.010416666666666666 0.18958333333333333
3 0.5052083333333334 0.7875 0.09375 0.00625
3 0.371875 0.884375 0.33958333333333335 0.00625
6 0.6864583333333333 0.50625 0.34375 0.30833333333333335
6 0.6229166666666667 0.8489583333333334 0.7541666666666667 0.3020833333333333
6 0.6208333333333333 0.8552083333333333 0.21041666666666667 0.2520833333333333
6 0.359375 0.4427083333333333 0.16666666666666666 0.17916666666666667