0 0.1576305220883534 0.045180722891566265 0.11847389558232932 0.09036144578313253
0 0.4457831325301205 0.05220883534136546 0.0963855421686747 0.10441767068273092
0 0.9267068273092369 0.045180722891566265 0.11847389558232932 0.09036144578313253
2 0.4528112449799197 0.4146586345381526 0.1646586345381526 0.1686746987951807
2 0.4528112449799197 0.6014056224899599 0.1646586345381526 0.1686746987951807
2 0.41365461847389556 0.8724899598393574 0.09036144578313253 0.1285140562248996
4 0.7238955823293173 0.5050200803212851 0.0963855421686747 0.21887550200803213
4 0.9267068273092369 0.3895582329317269 0.08433734939759036 0.21887550200803213
4 0.9267068273092369 0.6134538152610441 0.08433734939759036 0.1686746987951807
5 0.15863453815261044 0.6024096385542169 0.08433734939759036 0.19678714859437751
3 0.14156626506024098 0.2961847389558233 0.008032128514056224 0.40963855421686746
3 0.1757028112449799 0.2961847389558233 0.008032128514056224 0.40963855421686746
3 0.4467871485943775 0.15261044176706828 0.008032128514056224 0.09236947791164658
3 0.9267068273092369 0.14357429718875503 0.008032128514056224 0.10441767068273092
3 0.285140562248996 0.5833333333333334 0.1646586345381526 0.006024096385542169
3 0.285140562248996 0.6144578313253012 0.1646586345381526 0.006024096385542169
3 0.35240963855421686 0.6395582329317269 0.008032128514056224 0.23293172690763053
3 0.5963855421686747 0.40963855421686746 0.12248995983935743 0.006024096385542169
3 0.5963855421686747 0.43775100401606426 0.12248995983935743 0.006024096385542169
3 0.5963855421686747 0.5823293172690763 0.12248995983935743 0.006024096385542169
3 0.5963855421686747 0.607429718875502 0.12248995983935743 0.006024096385542169
3 0.8273092369477911 0.42168674698795183 0.11244979919678715 0.006024096385542169
3 0.8273092369477911 0.572289156626506 0.11244979919678715 0.006024096385542169
6 0.5 0.5973895582329317 1 0.8052208835341366
6 0.5150602409638554 0.6004016064257028 0.9377510040160643 0.7630522088353414
6 0.4467871485943775 0.5983935742971888 0.6686746987951807 0.7389558232931727
6 0.5060240963855421 0.5040160642570282 0.5642570281124498 0.4979919678714859
6 0.428714859437751 0.4979919678714859 0.25903614457831325 0.4759036144578313
6 0.428714859437751 0.8724899598393574 0.1686746987951807 0.15863453815261044