0 0.8427083333333333 0.9666666666666667 0.12291666666666666 0.06666666666666667
0 0.54375 0.959375 0.1 0.08125
0 0.053125 0.9666666666666667 0.10625 0.06666666666666667
2 0.5364583333333334 0.596875 0.17083333333333334 0.175
2 0.5364583333333334 0.403125 0.17083333333333334 0.175
2 0.5770833333333333 0.121875 0.09375 0.13333333333333333
4 0.2552083333333333 0.503125 0.1 0.22708333333333333
4 0.04479166666666667 0.6229166666666667 0.0875 0.22708333333333333
4 0.04479166666666667 0.390625 0.0875 0.175
5 0.8416666666666667 0.40208333333333335 0.0875 0.20416666666666666
3 0.859375 0.7197916666666667 0.008333333333333333 0.425
3 0.8239583333333333 0.7197916666666667 0.008333333333333333 0.425
3 0.5427083333333333 0.86875 0.008333333333333333 0.09583333333333334
3 0.04479166666666667 0.878125 0.008333333333333333 0.10833333333333334
3 0.7104166666666667 0.421875 0.17083333333333334 0.00625
3 0.7104166666666667 0.38958333333333334 0.17083333333333334 0.00625
3 0.640625 0.36354166666666665 0.008333333333333333 0.24166666666666667
3 0.3875 0.6020833333333333 0.12708333333333333 0.00625
3 0.3875 0.5729166666666666 0.12708333333333333 0.00625
3 0.3875 0.42291666666666666 0.12708333333333333 0.00625
3 0.3875 0.396875 0.12708333333333333 0.00625
3 0.14791666666666667 0.5895833333333333 0.11666666666666667 0.00625
3 0.14791666666666667 0.43333333333333335 0.11666666666666667 0.00625
6 0.5 0.4125 1 0.825
6 0.4791666666666667 0.4041666666666667 0.9583333333333334 0.7916666666666666
6 0.5427083333333333 0.40625 0.69375 0.7666666666666667
6 0.48125 0.5041666666666667 0.5854166666666667 0.5166666666666667
6 0.5614583333333333 0.5104166666666666 0.26875 0.49375
6 0.5614583333333333 0.121875 0.175 0.16458333333333333