0 0.8330039525691699 0.04841897233201581 0.116600790513834 0.09683794466403162
0 0.549407114624506 0.05533596837944664 0.09486166007905138 0.11067193675889328
0 0.07608695652173914 0.04841897233201581 0.116600790513834 0.09683794466403162
2 0.5424901185770751 0.4160079051383399 0.16205533596837945 0.16600790513833993
2 0.5424901185770751 0.599802371541502 0.16205533596837945 0.16600790513833993
2 0.5810276679841897 0.866600790513834 0.08893280632411067 0.12648221343873517
4 0.2756916996047431 0.5049407114624506 0.09486166007905138 0.21541501976284586
4 0.07608695652173914 0.391304347826087 0.08300395256916997 0.21541501976284586
4 0.07608695652173914 0.6116600790513834 0.08300395256916997 0.16600790513833993
5 0.8320158102766798 0.6007905138339921 0.08300395256916997 0.19367588932806323
3 0.8488142292490118 0.2994071146245059 0.007905138339920948 0.4031620553359684
3 0.8152173913043478 0.2994071146245059 0.007905138339920948 0.4031620553359684
3 0.5484189723320159 0.15810276679841898 0.007905138339920948 0.09090909090909091
3 0.07608695652173914 0.1492094861660079 0.007905138339920948 0.10276679841897234
3 0.7075098814229249 0.5820158102766798 0.16205533596837945 0.005928853754940711
3 0.7075098814229249 0.6126482213438735 0.16205533596837945 0.005928853754940711
3 0.6413043478260869 0.6373517786561265 0.007905138339920948 0.22924901185770752
3 0.40118577075098816 0.41106719367588934 0.12055335968379446 0.005928853754940711
3 0.40118577075098816 0.43873517786561267 0.12055335968379446 0.005928853754940711
3 0.40118577075098816 0.5810276679841897 0.12055335968379446 0.005928853754940711
3 0.40118577075098816 0.6057312252964426 0.12055335968379446 0.005928853754940711
3 0.17391304347826086 0.42292490118577075 0.11067193675889328 0.005928853754940711
3 0.17391304347826086 0.5711462450592886 0.11067193675889328 0.005928853754940711
6 0.5 0.599802371541502 1 0.8003952569169961
6 0.48122529644268774 0.5988142292490118 0.9229249011857708 0.7509881422924901
6 0.5484189723320159 0.5968379446640316 0.658102766798419 0.7272727272727273
6 0.4901185770750988 0.5039525691699605 0.5553359683794467 0.4901185770750988
6 0.5662055335968379 0.4980237154150198 0.2549407114624506 0.4683794466403162
6 0.5662055335968379 0.866600790513834 0.16600790513833993 0.15612648221343872