0 0.17125984251968504 0.05216535433070866 0.11614173228346457 0.10236220472440945
0 0.453740157480315 0.05905511811023622 0.09448818897637795 0.11614173228346457
0 0.9242125984251969 0.05216535433070866 0.11614173228346457 0.10236220472440945
2 0.4596456692913386 0.4202755905511811 0.16141732283464566 0.16535433070866143
2 0.4596456692913386 0.6033464566929134 0.16141732283464566 0.16535433070866143
2 0.421259842519685 0.8690944881889764 0.08858267716535433 0.12598425196850394
4 0.7253937007874016 0.5088582677165354 0.09448818897637795 0.21456692913385828
4 0.9242125984251969 0.3956692913385827 0.08267716535433071 0.21456692913385828
4 0.9242125984251969 0.6151574803149606 0.08267716535433071 0.16535433070866143
5 0.17125984251968504 0.6043307086614174 0.08267716535433071 0.19291338582677164
3 0.1545275590551181 0.30413385826771655 0.007874015748031496 0.4015748031496063
3 0.18799212598425197 0.30413385826771655 0.007874015748031496 0.4015748031496063
3 0.453740157480315 0.16338582677165353 0.007874015748031496 0.09055118110236221
3 0.9242125984251969 0.1545275590551181 0.007874015748031496 0.10236220472440945
3 0.2952755905511811 0.5856299212598425 0.16141732283464566 0.005905511811023622
3 0.2952755905511811 0.6161417322834646 0.16141732283464566 0.005905511811023622
3 0.3612204724409449 0.640748031496063 0.007874015748031496 0.2283464566929134
3 0.6003937007874016 0.4153543307086614 0.12007874015748031 0.005905511811023622
3 0.6003937007874016 0.44291338582677164 0.12007874015748031 0.005905511811023622
3 0.6003937007874016 0.5846456692913385 0.12007874015748031 0.005905511811023622
3 0.6003937007874016 0.609251968503937 0.12007874015748031 0.005905511811023622
3 0.8267716535433071 0.4271653543307087 0.11023622047244094 0.005905511811023622
3 0.8267716535433071 0.5748031496062992 0.11023622047244094 0.005905511811023622
6 0.5 0.6023622047244095 1 0.7952755905511811
6 0.5206692913385826 0.6023622047244095 0.9192913385826772 0.7480314960629921
6 0.453740157480315 0.6003937007874016 0.655511811023622 0.7244094488188977
6 0.5118110236220472 0.5078740157480315 0.5531496062992126 0.4881889763779528
6 0.4360236220472441 0.5019685039370079 0.25393700787401574 0.46653543307086615
6 0.4360236220472441 0.8690944881889764 0.16535433070866143 0.15551181102362205