0 0.16164658634538154 0.040160642570281124 0.11847389558232932 0.08032128514056225
0 0.4497991967871486 0.04718875502008032 0.0963855421686747 0.09437751004016064
0 0.9307228915662651 0.040160642570281124 0.11847389558232932 0.08032128514056225
2 0.4568273092369478 0.4046184738955823 0.1646586345381526 0.1686746987951807
2 0.4568273092369478 0.5913654618473896 0.1646586345381526 0.1686746987951807
2 0.41767068273092367 0.8624497991967871 0.09036144578313253 0.1285140562248996
4 0.7279116465863453 0.49497991967871485 0.0963855421686747 0.21887550200803213
4 0.9307228915662651 0.3795180722891566 0.08433734939759036 0.21887550200803213
4 0.9307228915662651 0.6034136546184738 0.08433734939759036 0.1686746987951807
5 0.16265060240963855 0.5923694779116466 0.08433734939759036 0.19678714859437751
3 0.14558232931726908 0.286144578313253 0.008032128514056224 0.40963855421686746
3 0.17971887550200802 0.286144578313253 0.008032128514056224 0.40963855421686746
3 0.4508032128514056 0.142570281124498 0.008032128514056224 0.09236947791164658
3 0.9307228915662651 0.13353413654618473 0.008032128514056224 0.10441767068273092
3 0.2891566265060241 0.5732931726907631 0.1646586345381526 0.006024096385542169
3 0.2891566265060241 0.6044176706827309 0.1646586345381526 0.006024096385542169
3 0.35642570281124497 0.6295180722891566 0.008032128514056224 0.23293172690763053
3 0.6004016064257028 0.39959839357429716 0.12248995983935743 0.006024096385542169
3 0.6004016064257028 0.42771084337349397 0.12248995983935743 0.006024096385542169
3 0.6004016064257028 0.572289156626506 0.12248995983935743 0.006024096385542169
3 0.6004016064257028 0.5973895582329317 0.12248995983935743 0.006024096385542169
3 0.8313253012048193 0.41164658634538154 0.11244979919678715 0.006024096385542169
3 0.8313253012048193 0.5622489959839357 0.11244979919678715 0.006024096385542169
6 0.5 0.5923694779116466 1 0.8152610441767069
6 0.5190763052208835 0.5903614457831325 0.9377510040160643 0.7630522088353414
6 0.4508032128514056 0.5883534136546185 0.6686746987951807 0.7389558232931727
6 0.5100401606425703 0.4939759036144578 0.5642570281124498 0.4979919678714859
6 0.4327309236947791 0.4879518072289157 0.25903614457831325 0.4759036144578313
6 0.4327309236947791 0.8624497991967871 0.1686746987951807 0.15863453815261044