0 0.035860655737704916 0.16086065573770492 0.07172131147540983 0.12090163934426229
0 0.0430327868852459 0.45491803278688525 0.0860655737704918 0.09836065573770492
0 0.035860655737704916 0.9426229508196722 0.07172131147540983 0.11475409836065574
2 0.4026639344262295 0.46209016393442626 0.1721311475409836 0.1680327868852459
2 0.5932377049180327 0.46209016393442626 0.1721311475409836 0.1680327868852459
2 0.8698770491803278 0.42213114754098363 0.13114754098360656 0.09221311475409837
4 0.4948770491803279 0.7387295081967213 0.22336065573770492 0.09836065573770492
4 0.3770491803278688 0.9456967213114754 0.22336065573770492 0.0860655737704918
4 0.6055327868852459 0.9456967213114754 0.1721311475409836 0.0860655737704918
5 0.5942622950819673 0.16188524590163936 0.20081967213114754 0.0860655737704918
3 0.2817622950819672 0.1444672131147541 0.4180327868852459 0.00819672131147541
3 0.2817622950819672 0.17930327868852458 0.4180327868852459 0.00819672131147541
3 0.13524590163934427 0.45594262295081966 0.0942622950819672 0.00819672131147541
3 0.1260245901639344 0.9456967213114754 0.10655737704918032 0.00819672131147541
3 0.5747950819672131 0.29098360655737704 0.006147540983606557 0.1680327868852459
3 0.6065573770491803 0.29098360655737704 0.006147540983606557 0.1680327868852459
3 0.632172131147541 0.35963114754098363 0.23770491803278687 0.00819672131147541
3 0.3975409836065574 0.6086065573770492 0.006147540983606557 0.125
3 0.4262295081967213 0.6086065573770492 0.006147540983606557 0.125
3 0.5737704918032787 0.6086065573770492 0.006147540983606557 0.125
3 0.5993852459016393 0.6086065573770492 0.006147540983606557 0.125
3 0.4098360655737705 0.8442622950819673 0.006147540983606557 0.11475409836065574
3 0.5635245901639344 0.8442622950819673 0.006147540983606557 0.11475409836065574
6 0.5891393442622951 0.5 0.8217213114754098 1
6 0.5922131147540983 0.5235655737704918 0.7786885245901639 0.9528688524590164
6 0.5901639344262295 0.45594262295081966 0.7540983606557377 0.6823770491803278
6 0.49385245901639346 0.5163934426229508 0.5081967213114754 0.5758196721311475
6 0.48770491803278687 0.4375 0.48565573770491804 0.26434426229508196
6 0.8698770491803278 0.4375 0.16188524590163936 0.1721311475409836