0 0.9530612244897959 0.14183673469387756 0.09387755102040816 0.12040816326530612
0 0.9459183673469388 0.4346938775510204 0.10816326530612246 0.09795918367346938
0 0.9530612244897959 0.923469387755102 0.09387755102040816 0.12040816326530612
2 0.576530612244898 0.4418367346938776 0.17142857142857143 0.1673469387755102
2 0.386734693877551 0.4418367346938776 0.17142857142857143 0.1673469387755102
2 0.11122448979591837 0.4020408163265306 0.1306122448979592 0.09183673469387756
4 0.4846938775510204 0.7173469387755103 0.22244897959183674 0.09795918367346938
4 0.6020408163265306 0.923469387755102 0.22244897959183674 0.08571428571428572
4 0.37448979591836734 0.923469387755102 0.17142857142857143 0.08571428571428572
5 0.38571428571428573 0.14285714285714285 0.2 0.08571428571428572
3 0.6969387755102041 0.12551020408163266 0.4163265306122449 0.00816326530612245
3 0.6969387755102041 0.16020408163265307 0.4163265306122449 0.00816326530612245
3 0.8428571428571429 0.4357142857142857 0.09387755102040816 0.00816326530612245
3 0.8520408163265306 0.923469387755102 0.10612244897959183 0.00816326530612245
3 0.4051020408163265 0.2714285714285714 0.006122448979591836 0.1673469387755102
3 0.373469387755102 0.2714285714285714 0.006122448979591836 0.1673469387755102
3 0.3479591836734694 0.33979591836734696 0.23673469387755103 0.00816326530612245
3 0.5816326530612245 0.5877551020408164 0.006122448979591836 0.12448979591836734
3 0.5530612244897959 0.5877551020408164 0.006122448979591836 0.12448979591836734
3 0.4061224489795918 0.5877551020408164 0.006122448979591836 0.12448979591836734
3 0.3806122448979592 0.5877551020408164 0.006122448979591836 0.12448979591836734
3 0.5693877551020409 0.8224489795918367 0.006122448979591836 0.11428571428571428
3 0.4163265306122449 0.8224489795918367 0.006122448979591836 0.11428571428571428
6 0.4 0.5 0.8 1
6 0.3877551020408163 0.5051020408163265 0.7755102040816326 0.9530612244897959
6 0.38979591836734695 0.4357142857142857 0.7510204081632653 0.6795918367346939
6 0.4857142857142857 0.4959183673469388 0.5061224489795918 0.573469387755102
6 0.49183673469387756 0.4173469387755102 0.48367346938775513 0.26326530612244897
6 0.11122448979591837 0.4173469387755102 0.16122448979591836 0.17142857142857143