0 0.15461847389558234 0.9467871485943775 0.11847389558232932 0.10441767068273092
0 0.4427710843373494 0.9397590361445783 0.0963855421686747 0.11847389558232932
0 0.9226907630522089 0.9467871485943775 0.11847389558232932 0.10441767068273092
2 0.44879518072289154 0.571285140562249 0.1646586345381526 0.1686746987951807
2 0.44879518072289154 0.3845381526104418 0.1646586345381526 0.1686746987951807
2 0.40963855421686746 0.11345381526104417 0.09036144578313253 0.1285140562248996
4 0.7198795180722891 0.48092369477911645 0.0963855421686747 0.21887550200803213
4 0.9226907630522089 0.5963855421686747 0.08433734939759036 0.21887550200803213
4 0.9226907630522089 0.37248995983935745 0.08433734939759036 0.1686746987951807
5 0.15461847389558234 0.38353413654618473 0.08433734939759036 0.19678714859437751
3 0.13755020080321284 0.6897590361445783 0.008032128514056224 0.40963855421686746
3 0.1716867469879518 0.6897590361445783 0.008032128514056224 0.40963855421686746
3 0.4427710843373494 0.8333333333333334 0.008032128514056224 0.09236947791164658
3 0.9226907630522089 0.8423694779116466 0.008032128514056224 0.10441767068273092
3 0.28112449799196787 0.4026104417670683 0.1646586345381526 0.006024096385542169
3 0.28112449799196787 0.3714859437751004 0.1646586345381526 0.006024096385542169
3 0.34839357429718876 0.3463855421686747 0.008032128514056224 0.23293172690763053
3 0.5923694779116466 0.5763052208835341 0.12248995983935743 0.006024096385542169
3 0.5923694779116466 0.5481927710843374 0.12248995983935743 0.006024096385542169
3 0.5923694779116466 0.4036144578313253 0.12248995983935743 0.006024096385542169
3 0.5923694779116466 0.3785140562248996 0.12248995983935743 0.006024096385542169
3 0.8232931726907631 0.5642570281124498 0.11244979919678715 0.006024096385542169
3 0.8232931726907631 0.41365461847389556 0.11244979919678715 0.006024096385542169
6 0.5 0.39558232931726905 1 0.7911646586345381
6 0.5110441767068273 0.3855421686746988 0.9377510040160643 0.7630522088353414
6 0.4427710843373494 0.38755020080321284 0.6686746987951807 0.7389558232931727
6 0.5020080321285141 0.4819277108433735 0.5642570281124498 0.4979919678714859
6 0.4246987951807229 0.4879518072289157 0.25903614457831325 0.4759036144578313
6 0.4246987951807229 0.11345381526104417 0.1686746987951807 0.15863453815261044