0 0.1550632911392405 0.04746835443037975 0.12447257383966245 0.0949367088607595
0 0.4578059071729958 0.05485232067510549 0.10126582278481013 0.10970464135021098
0 0.95042194092827 0.04746835443037975 0.09915611814345991 0.0949367088607595
2 0.4651898734177215 0.4356540084388186 0.1729957805907173 0.17721518987341772
2 0.4651898734177215 0.6318565400843882 0.1729957805907173 0.17721518987341772
2 0.4240506329113924 0.9166666666666666 0.0949367088607595 0.1350210970464135
4 0.75 0.5305907172995781 0.10126582278481013 0.229957805907173
4 0.9588607594936709 0.40822784810126583 0.08227848101265822 0.229957805907173
4 0.9588607594936709 0.6434599156118144 0.08227848101265822 0.17721518987341772
5 0.15611814345991562 0.6329113924050633 0.08860759493670886 0.20675105485232068
3 0.13818565400843882 0.3111814345991561 0.008438818565400843 0.43037974683544306
3 0.17405063291139242 0.3111814345991561 0.008438818565400843 0.43037974683544306
3 0.4588607594936709 0.16033755274261605 0.008438818565400843 0.0970464135021097
3 0.9630801687763713 0.15084388185654007 0.008438818565400843 0.10970464135021098
3 0.2890295358649789 0.6128691983122363 0.1729957805907173 0.006329113924050633
3 0.2890295358649789 0.6455696202531646 0.1729957805907173 0.006329113924050633
3 0.35970464135021096 0.6719409282700421 0.008438818565400843 0.24472573839662448
3 0.6160337552742616 0.43037974683544306 0.12869198312236288 0.006329113924050633
3 0.6160337552742616 0.459915611814346 0.12869198312236288 0.006329113924050633
3 0.6160337552742616 0.6118143459915611 0.12869198312236288 0.006329113924050633
3 0.6160337552742616 0.6381856540084389 0.12869198312236288 0.006329113924050633
3 0.8586497890295358 0.4430379746835443 0.11814345991561181 0.006329113924050633
3 0.8586497890295358 0.6012658227848101 0.11814345991561181 0.006329113924050633
6 0.5 0.6023206751054853 1 0.7953586497890295
6 0.5189873417721519 0.6149789029535865 0.9620253164556962 0.770042194092827
6 0.4588607594936709 0.620253164556962 0.7025316455696202 0.759493670886076
6 0.5210970464135021 0.5295358649789029 0.5928270042194093 0.5232067510548524
6 0.439873417721519 0.5232067510548524 0.2721518987341772 0.5
6 0.439873417721519 0.9166666666666666 0.17721518987341772 0.16666666666666666