0 0.949 0.173 0.102 0.118
0 0.942 0.46 0.116 0.096
0 0.949 0.939 0.102 0.118
2 0.575 0.467 0.168 0.164
2 0.389 0.467 0.168 0.164
2 0.119 0.428 0.128 0.09
4 0.485 0.737 0.218 0.096
4 0.6 0.939 0.218 0.084
4 0.377 0.939 0.168 0.084
5 0.388 0.174 0.196 0.084
3 0.693 0.157 0.408 0.008
3 0.693 0.191 0.408 0.008
3 0.836 0.461 0.092 0.008
3 0.845 0.939 0.104 0.008
3 0.407 0.3 0.006 0.164
3 0.376 0.3 0.006 0.164
3 0.351 0.367 0.232 0.008
3 0.58 0.61 0.006 0.122
3 0.552 0.61 0.006 0.122
3 0.408 0.61 0.006 0.122
3 0.383 0.61 0.006 0.122
3 0.568 0.84 0.006 0.112
3 0.418 0.84 0.006 0.112
6 0.397 0.5 0.794 1
6 0.39 0.529 0.76 0.934
6 0.392 0.461 0.736 0.666
6 0.486 0.52 0.496 0.562
6 0.492 0.443 0.474 0.258
6 0.119 0.443 0.158 0.168