0 0.0537109375 0.171875 0.1015625 0.115234375
0 0.060546875 0.4521484375 0.115234375 0.09375
0 0.0537109375 0.9189453125 0.1015625 0.115234375
2 0.4189453125 0.4580078125 0.1640625 0.16015625
2 0.6005859375 0.4580078125 0.1640625 0.16015625
2 0.8642578125 0.419921875 0.125 0.087890625
4 0.5068359375 0.7216796875 0.212890625 0.09375
4 0.39453125 0.9189453125 0.212890625 0.08203125
4 0.6123046875 0.9189453125 0.1640625 0.08203125
5 0.6015625 0.171875 0.19140625 0.08203125
3 0.3037109375 0.1552734375 0.3984375 0.0078125
3 0.3037109375 0.1884765625 0.3984375 0.0078125
3 0.1640625 0.4521484375 0.08984375 0.0078125
3 0.1552734375 0.9189453125 0.1015625 0.0078125
3 0.5830078125 0.294921875 0.005859375 0.16015625
3 0.61328125 0.294921875 0.005859375 0.16015625
3 0.6376953125 0.3603515625 0.2265625 0.0078125
3 0.4140625 0.59765625 0.005859375 0.119140625
3 0.44140625 0.59765625 0.005859375 0.119140625
3 0.58203125 0.59765625 0.005859375 0.119140625
3 0.6064453125 0.59765625 0.005859375 0.119140625
3 0.42578125 0.822265625 0.005859375 0.109375
3 0.572265625 0.822265625 0.005859375 0.109375
6 0.6015625 0.5 0.79296875 0.994140625
6 0.599609375 0.5185546875 0.7421875 0.912109375
6 0.59765625 0.4521484375 0.71875 0.650390625
6 0.505859375 0.509765625 0.484375 0.548828125
6 0.5 0.4345703125 0.462890625 0.251953125
6 0.8642578125 0.4345703125 0.154296875 0.1640625