0 0.16967871485943775 0.9508032128514057 0.11847389558232932 0.09839357429718876
0 0.4578313253012048 0.9437751004016064 0.0963855421686747 0.11244979919678715
0 0.9387550200803213 0.9508032128514057 0.11847389558232932 0.09839357429718876
2 0.464859437751004 0.5773092369477911 0.1646586345381526 0.1686746987951807
2 0.464859437751004 0.39056224899598396 0.1646586345381526 0.1686746987951807
2 0.42570281124497994 0.11947791164658635 0.09036144578313253 0.1285140562248996
4 0.7359437751004017 0.48694779116465864 0.0963855421686747 0.21887550200803213
4 0.9387550200803213 0.6024096385542169 0.08433734939759036 0.21887550200803213
4 0.9387550200803213 0.3785140562248996 0.08433734939759036 0.1686746987951807
5 0.1706827309236948 0.3895582329317269 0.08433734939759036 0.19678714859437751
3 0.1536144578313253 0.6957831325301205 0.008032128514056224 0.40963855421686746
3 0.18775100401606426 0.6957831325301205 0.008032128514056224 0.40963855421686746
3 0.45883534136546184 0.8393574297188755 0.008032128514056224 0.09236947791164658
3 0.9387550200803213 0.8483935742971888 0.008032128514056224 0.10441767068273092
3 0.2971887550200803 0.4086345381526104 0.1646586345381526 0.006024096385542169
3 0.2971887550200803 0.37751004016064255 0.1646586345381526 0.006024096385542169
3 0.3644578313253012 0.35240963855421686 0.008032128514056224 0.23293172690763053
3 0.608433734939759 0.5823293172690763 0.12248995983935743 0.006024096385542169
3 0.608433734939759 0.5542168674698795 0.12248995983935743 0.006024096385542169
3 0.608433734939759 0.40963855421686746 0.12248995983935743 0.006024096385542169
3 0.608433734939759 0.3845381526104418 0.12248995983935743 0.006024096385542169
3 0.8393574297188755 0.570281124497992 0.11244979919678715 0.006024096385542169
3 0.8393574297188755 0.41967871485943775 0.11244979919678715 0.006024096385542169
6 0.5 0.3985943775100402 1 0.7971887550200804
6 0.5271084337349398 0.39156626506024095 0.9377510040160643 0.7630522088353414
6 0.45883534136546184 0.39357429718875503 0.6686746987951807 0.7389558232931727
6 0.5180722891566265 0.4879518072289157 0.5642570281124498 0.4979919678714859
6 0.4407630522088353 0.4939759036144578 0.25903614457831325 0.4759036144578313
6 0.4407630522088353 0.11947791164658635 0.1686746987951807 0.15863453815261044