0 0.035 0.201 0.07 0.07
0 0.027 0.498 0.054 0.2
0 0.094 0.8 0.05 0.074
0 0.952 0.109 0.052 0.056
2 0.285 0.358 0.126 0.066
2 0.502 0.358 0.126 0.066
2 0.288 0.547 0.09 0.046
2 0.505 0.547 0.09 0.046
2 0.238 0.625 0.088 0.046
2 0.336 0.625 0.088 0.046
2 0.456 0.625 0.088 0.046
2 0.553 0.625 0.088 0.046
2 0.797 0.669 0.128 0.226
4 0.394 0.416 0.114 0.056
4 0.394 0.717 0.114 0.056
4 0.322 0.894 0.136 0.064
4 0.952 0.3 0.07 0.088
4 0.797 0.596 0.154 0.41
5 0.527 0.104 0.122 0.066
5 0.394 0.201 0.23 0.07
5 0.111 0.498 0.082 0.066
5 0.249 0.8 0.126 0.066
5 0.395 0.8 0.1 0.066
5 0.395 0.966 0.1 0.062
5 0.603 0.928 0.118 0.066
5 0.823 0.897 0.114 0.056
3 0.118 0.201 0.094 0.008
3 0.061 0.498 0.012 0.008
3 0.158 0.498 0.012 0.008
3 0.394 0.236 0.006 0.024
3 0.527 0.138 0.006 0.044
3 0.394 0.451 0.006 0.014
3 0.394 0.458 0.218 0.008
3 0.285 0.423 0.006 0.062
3 0.502 0.423 0.006 0.062
3 0.288 0.569 0.006 0.02
3 0.505 0.569 0.006 0.02
3 0.394 0.694 0.006 0.024
3 0.394 0.682 0.218 0.008
3 0.288 0.647 0.006 0.062
3 0.505 0.647 0.006 0.062
3 0.603 0.561 0.024 0.008
3 0.797 0.225 0.006 0.266
3 0.891 0.109 0.07 0.008
3 0.952 0.399 0.006 0.112
3 0.9 0.533 0.098 0.008
3 0.143 0.8 0.05 0.008
3 0.322 0.746 0.006 0.164
3 0.395 0.834 0.006 0.07
3 0.603 0.862 0.128 0.008
3 0.665 0.834 0.006 0.164
6 0.527 0.506 0.718 0.988
6 0.951 0.506 0.094 0.988
6 0.384 0.5 0.43 0.778
6 0.395 0.5 0.404 0.722
6 0.395 0.495 0.39 0.65
6 0.395 0.346 0.374 0.148
6 0.395 0.618 0.374 0.344
6 0.753 0.61 0.168 0.436
6 0.952 0.269 0.082 0.23
6 0.952 0.618 0.082 0.414