0 0.19207317073170732 0.959349593495935 0.07113821138211382 0.08130081300813008
0 0.49390243902439024 0.967479674796748 0.2032520325203252 0.06504065040650407
0 0.8008130081300813 0.8943089430894309 0.07520325203252033 0.0508130081300813
0 0.0975609756097561 0.024390243902439025 0.056910569105691054 0.04878048780487805
2 0.3516260162601626 0.7002032520325203 0.06707317073170732 0.12804878048780488
2 0.3516260162601626 0.4796747967479675 0.06707317073170732 0.12804878048780488
2 0.5436991869918699 0.6971544715447154 0.046747967479674794 0.09146341463414634
2 0.5436991869918699 0.4766260162601626 0.046747967479674794 0.09146341463414634
2 0.6229674796747967 0.7479674796747967 0.046747967479674794 0.08943089430894309
2 0.6229674796747967 0.6483739837398373 0.046747967479674794 0.08943089430894309
2 0.6229674796747967 0.5264227642276422 0.046747967479674794 0.08943089430894309
2 0.6229674796747967 0.42784552845528456 0.046747967479674794 0.08943089430894309
2 0.6676829268292683 0.1798780487804878 0.22967479674796748 0.13008130081300814
4 0.4105691056910569 0.5894308943089431 0.056910569105691054 0.11585365853658537
4 0.7164634146341463 0.5894308943089431 0.056910569105691054 0.11585365853658537
4 0.8963414634146342 0.6626016260162602 0.06504065040650407 0.13821138211382114
4 0.2926829268292683 0.029471544715447155 0.08943089430894309 0.05894308943089431
4 0.5934959349593496 0.1798780487804878 0.4166666666666667 0.1565040650406504
5 0.09349593495934959 0.45426829268292684 0.06707317073170732 0.12398373983739837
5 0.19207317073170732 0.5894308943089431 0.07113821138211382 0.23373983739837398
5 0.49390243902439024 0.8770325203252033 0.06707317073170732 0.08333333333333333
5 0.8008130081300813 0.7367886178861789 0.06707317073170732 0.12804878048780488
5 0.8008130081300813 0.5884146341463414 0.06707317073170732 0.1016260162601626
5 0.9684959349593496 0.5894308943089431 0.06300813008130081 0.1016260162601626
5 0.9308943089430894 0.37703252032520324 0.06707317073170732 0.11991869918699187
5 0.899390243902439 0.15345528455284552 0.056910569105691054 0.11585365853658537
3 0.19207317073170732 0.8699186991869918 0.008130081300813009 0.09552845528455285
3 0.49390243902439024 0.9278455284552846 0.008130081300813009 0.012195121951219513
3 0.49390243902439024 0.8292682926829268 0.008130081300813009 0.012195121951219513
3 0.22764227642276422 0.5894308943089431 0.024390243902439025 0.006097560975609756
3 0.12804878048780488 0.45426829268292684 0.044715447154471545 0.006097560975609756
3 0.44613821138211385 0.5894308943089431 0.014227642276422764 0.006097560975609756
3 0.4532520325203252 0.5894308943089431 0.008130081300813009 0.22154471544715448
3 0.4176829268292683 0.7002032520325203 0.06300813008130081 0.006097560975609756
3 0.4176829268292683 0.4796747967479675 0.06300813008130081 0.006097560975609756
3 0.5660569105691057 0.6971544715447154 0.02032520325203252 0.006097560975609756
3 0.5660569105691057 0.4766260162601626 0.02032520325203252 0.006097560975609756
3 0.693089430894309 0.5894308943089431 0.024390243902439025 0.006097560975609756
3 0.6808943089430894 0.5894308943089431 0.008130081300813009 0.22154471544715448
3 0.6453252032520326 0.6971544715447154 0.06300813008130081 0.006097560975609756
3 0.6453252032520326 0.4766260162601626 0.06300813008130081 0.006097560975609756
3 0.5579268292682927 0.37703252032520324 0.008130081300813009 0.024390243902439025
3 0.21646341463414634 0.1798780487804878 0.2703252032520325 0.006097560975609756
3 0.09857723577235772 0.08434959349593496 0.008130081300813009 0.07113821138211382
3 0.3932926829268293 0.022357723577235773 0.11382113821138211 0.006097560975609756
3 0.5294715447154471 0.07520325203252033 0.008130081300813009 0.09959349593495935
3 0.8008130081300813 0.8445121951219512 0.008130081300813009 0.0508130081300813
3 0.7459349593495935 0.6626016260162602 0.16666666666666666 0.006097560975609756
3 0.8353658536585366 0.5884146341463414 0.07113821138211382 0.006097560975609756
3 0.8638211382113821 0.37703252032520324 0.008130081300813009 0.13008130081300814
3 0.8353658536585366 0.31402439024390244 0.16666666666666666 0.006097560975609756
6 0.5 0.45426829268292684 1 0.7296747967479674
6 0.5 0.03556910569105691 1 0.07113821138211382
6 0.4959349593495935 0.5995934959349594 0.790650406504065 0.4369918699186992
6 0.4959349593495935 0.5884146341463414 0.733739837398374 0.4105691056910569
6 0.49085365853658536 0.5884146341463414 0.6605691056910569 0.39634146341463417
6 0.3394308943089431 0.5884146341463414 0.15040650406504066 0.3800813008130081
6 0.6158536585365854 0.5884146341463414 0.34959349593495936 0.3800813008130081
6 0.6077235772357723 0.22459349593495934 0.44308943089430897 0.17073170731707318
6 0.2611788617886179 0.032520325203252036 0.23373983739837398 0.06504065040650407
6 0.6148373983739838 0.032520325203252036 0.42073170731707316 0.06504065040650407