0 0.2013888888888889 0.03968253968253968 0.06944444444444445 0.07936507936507936
0 0.49603174603174605 0.031746031746031744 0.1984126984126984 0.06349206349206349
0 0.7956349206349206 0.10317460317460317 0.07341269841269842 0.0496031746031746
0 0.11011904761904762 0.9543650793650794 0.05555555555555555 0.051587301587301584
2 0.35714285714285715 0.2926587301587302 0.06547619047619048 0.125
2 0.35714285714285715 0.5079365079365079 0.06547619047619048 0.125
2 0.5446428571428571 0.29563492063492064 0.04563492063492063 0.08928571428571429
2 0.5446428571428571 0.5109126984126984 0.04563492063492063 0.08928571428571429
2 0.6220238095238095 0.24603174603174602 0.04563492063492063 0.0873015873015873
2 0.6220238095238095 0.34325396825396826 0.04563492063492063 0.0873015873015873
2 0.6220238095238095 0.4623015873015873 0.04563492063492063 0.0873015873015873
2 0.6220238095238095 0.558531746031746 0.04563492063492063 0.0873015873015873
2 0.6656746031746031 0.8005952380952381 0.22420634920634921 0.12698412698412698
4 0.4146825396825397 0.4007936507936508 0.05555555555555555 0.1130952380952381
4 0.7132936507936508 0.4007936507936508 0.05555555555555555 0.1130952380952381
4 0.8888888888888888 0.32936507936507936 0.06349206349206349 0.1349206349206349
4 0.2996031746031746 0.9543650793650794 0.0873015873015873 0.06944444444444445
4 0.5932539682539683 0.8005952380952381 0.40674603174603174 0.1527777777777778
5 0.10515873015873016 0.5327380952380952 0.06547619047619048 0.12103174603174603
5 0.2013888888888889 0.4007936507936508 0.06944444444444445 0.22817460317460317
5 0.49603174603174605 0.12003968253968254 0.06547619047619048 0.08134920634920635
5 0.7956349206349206 0.2569444444444444 0.06547619047619048 0.125
5 0.7956349206349206 0.4017857142857143 0.06547619047619048 0.0992063492063492
5 0.9603174603174603 0.4017857142857143 0.061507936507936505 0.0992063492063492
5 0.9226190476190477 0.6081349206349206 0.06547619047619048 0.11706349206349206
5 0.8918650793650794 0.8263888888888888 0.05555555555555555 0.1130952380952381
3 0.2013888888888889 0.12698412698412698 0.007936507936507936 0.09325396825396826
3 0.49603174603174605 0.07043650793650794 0.007936507936507936 0.011904761904761904
3 0.49603174603174605 0.16666666666666666 0.007936507936507936 0.011904761904761904
3 0.2361111111111111 0.4007936507936508 0.023809523809523808 0.005952380952380952
3 0.1388888888888889 0.5327380952380952 0.04365079365079365 0.005952380952380952
3 0.4494047619047619 0.4007936507936508 0.013888888888888888 0.005952380952380952
3 0.45634920634920634 0.4007936507936508 0.007936507936507936 0.21626984126984128
3 0.42162698412698413 0.2926587301587302 0.061507936507936505 0.005952380952380952
3 0.42162698412698413 0.5079365079365079 0.061507936507936505 0.005952380952380952
3 0.566468253968254 0.29563492063492064 0.01984126984126984 0.005952380952380952
3 0.566468253968254 0.5109126984126984 0.01984126984126984 0.005952380952380952
3 0.6904761904761905 0.4007936507936508 0.023809523809523808 0.005952380952380952
3 0.6785714285714286 0.4007936507936508 0.007936507936507936 0.21626984126984128
3 0.6438492063492064 0.29563492063492064 0.061507936507936505 0.005952380952380952
3 0.6438492063492064 0.5109126984126984 0.061507936507936505 0.005952380952380952
3 0.558531746031746 0.6081349206349206 0.007936507936507936 0.023809523809523808
3 0.2251984126984127 0.8005952380952381 0.2638888888888889 0.005952380952380952
3 0.11011904761904762 0.8938492063492064 0.007936507936507936 0.06944444444444445
3 0.3978174603174603 0.9543650793650794 0.1111111111111111 0.005952380952380952
3 0.5307539682539683 0.9027777777777778 0.007936507936507936 0.09722222222222222
3 0.7956349206349206 0.15178571428571427 0.007936507936507936 0.0496031746031746
3 0.7420634920634921 0.32936507936507936 0.1626984126984127 0.005952380952380952
3 0.8293650793650794 0.4017857142857143 0.06944444444444445 0.005952380952380952
3 0.8571428571428571 0.6081349206349206 0.007936507936507936 0.12698412698412698
3 0.8293650793650794 0.6696428571428571 0.1626984126984127 0.005952380952380952
6 0.5069444444444444 0.5327380952380952 0.9861111111111112 0.7123015873015873
6 0.5069444444444444 0.9533730158730159 0.9861111111111112 0.09325396825396826
6 0.498015873015873 0.39087301587301587 0.7718253968253969 0.42658730158730157
6 0.498015873015873 0.4017857142857143 0.7162698412698413 0.4007936507936508
6 0.4930555555555556 0.4017857142857143 0.6448412698412699 0.3869047619047619
6 0.34523809523809523 0.4017857142857143 0.14682539682539683 0.37103174603174605
6 0.6150793650793651 0.4017857142857143 0.3412698412698413 0.37103174603174605
6 0.6071428571428571 0.7569444444444444 0.43253968253968256 0.16666666666666666
6 0.26884920634920634 0.9543650793650794 0.22817460317460317 0.08134920634920635
6 0.6150793650793651 0.9543650793650794 0.4107142857142857 0.08134920634920635