0 0.0478515625 0.1982421875 0.08203125 0.068359375
0 0.0390625 0.48828125 0.068359375 0.1953125
0 0.111328125 0.783203125 0.048828125 0.072265625
0 0.94921875 0.1083984375 0.05078125 0.0546875
2 0.2978515625 0.3515625 0.123046875 0.064453125
2 0.509765625 0.3515625 0.123046875 0.064453125
2 0.30078125 0.5361328125 0.087890625 0.044921875
2 0.5126953125 0.5361328125 0.087890625 0.044921875
2 0.251953125 0.6123046875 0.0859375 0.044921875
2 0.34765625 0.6123046875 0.0859375 0.044921875
2 0.46484375 0.6123046875 0.0859375 0.044921875
2 0.5595703125 0.6123046875 0.0859375 0.044921875
2 0.7978515625 0.6552734375 0.125 0.220703125
4 0.404296875 0.408203125 0.111328125 0.0546875
4 0.404296875 0.7021484375 0.111328125 0.0546875
4 0.333984375 0.875 0.1328125 0.0625
4 0.94921875 0.294921875 0.068359375 0.0859375
4 0.7978515625 0.583984375 0.150390625 0.400390625
5 0.5341796875 0.103515625 0.119140625 0.064453125
5 0.404296875 0.1982421875 0.224609375 0.068359375
5 0.1279296875 0.48828125 0.080078125 0.064453125
5 0.2626953125 0.783203125 0.123046875 0.064453125
5 0.4052734375 0.783203125 0.09765625 0.064453125
5 0.4052734375 0.9453125 0.09765625 0.060546875
5 0.6083984375 0.908203125 0.115234375 0.064453125
5 0.8232421875 0.8779296875 0.111328125 0.0546875
3 0.134765625 0.1982421875 0.091796875 0.0078125
3 0.0791015625 0.48828125 0.01171875 0.0078125
3 0.173828125 0.48828125 0.01171875 0.0078125
3 0.404296875 0.232421875 0.005859375 0.0234375
3 0.5341796875 0.13671875 0.005859375 0.04296875
3 0.404296875 0.4423828125 0.005859375 0.013671875
3 0.404296875 0.44921875 0.212890625 0.0078125
3 0.2978515625 0.4150390625 0.005859375 0.060546875
3 0.509765625 0.4150390625 0.005859375 0.060546875
3 0.30078125 0.5576171875 0.005859375 0.01953125
3 0.5126953125 0.5576171875 0.005859375 0.01953125
3 0.404296875 0.6796875 0.005859375 0.0234375
3 0.404296875 0.66796875 0.212890625 0.0078125
3 0.30078125 0.6337890625 0.005859375 0.060546875
3 0.5126953125 0.6337890625 0.005859375 0.060546875
3 0.6083984375 0.5498046875 0.0234375 0.0078125
3 0.7978515625 0.2216796875 0.005859375 0.259765625
3 0.8896484375 0.1083984375 0.068359375 0.0078125
3 0.94921875 0.3916015625 0.005859375 0.109375
3 0.8984375 0.5224609375 0.095703125 0.0078125
3 0.1591796875 0.783203125 0.048828125 0.0078125
3 0.333984375 0.73046875 0.005859375 0.16015625
3 0.4052734375 0.81640625 0.005859375 0.068359375
3 0.6083984375 0.84375 0.125 0.0078125
3 0.6689453125 0.81640625 0.005859375 0.16015625
6 0.5341796875 0.5 0.701171875 0.970703125
6 0.94921875 0.5 0.091796875 0.970703125
6 0.39453125 0.490234375 0.419921875 0.759765625
6 0.4052734375 0.490234375 0.39453125 0.705078125
6 0.4052734375 0.4853515625 0.380859375 0.634765625
6 0.4052734375 0.33984375 0.365234375 0.14453125
6 0.4052734375 0.60546875 0.365234375 0.3359375
6 0.7548828125 0.59765625 0.1640625 0.42578125
6 0.94921875 0.2646484375 0.080078125 0.224609375
6 0.94921875 0.60546875 0.080078125 0.404296875