0 0.8201219512195121 0.037601626016260166 0.07113821138211382 0.07520325203252033
0 0.5182926829268293 0.029471544715447155 0.2032520325203252 0.05894308943089431
0 0.21138211382113822 0.09959349593495935 0.07520325203252033 0.0508130081300813
0 0.9136178861788617 0.9715447154471545 0.056910569105691054 0.052845528455284556
2 0.6605691056910569 0.2936991869918699 0.06707317073170732 0.12804878048780488
2 0.6605691056910569 0.5142276422764228 0.06707317073170732 0.12804878048780488
2 0.4684959349593496 0.2967479674796748 0.046747967479674794 0.09146341463414634
2 0.4684959349593496 0.5172764227642277 0.046747967479674794 0.09146341463414634
2 0.38922764227642276 0.2459349593495935 0.046747967479674794 0.08943089430894309
2 0.38922764227642276 0.34552845528455284 0.046747967479674794 0.08943089430894309
2 0.38922764227642276 0.46747967479674796 0.046747967479674794 0.08943089430894309
2 0.38922764227642276 0.5660569105691057 0.046747967479674794 0.08943089430894309
2 0.3445121951219512 0.8140243902439024 0.22967479674796748 0.13008130081300814
4 0.6016260162601627 0.40447154471544716 0.056910569105691054 0.11585365853658537
4 0.29573170731707316 0.40447154471544716 0.056910569105691054 0.11585365853658537
4 0.11585365853658537 0.3313008130081301 0.06504065040650407 0.13821138211382114
4 0.7195121951219512 0.967479674796748 0.08943089430894309 0.06504065040650407
4 0.4186991869918699 0.8140243902439024 0.4166666666666667 0.1565040650406504
5 0.9186991869918699 0.5396341463414634 0.06707317073170732 0.12398373983739837
5 0.8201219512195121 0.40447154471544716 0.07113821138211382 0.23373983739837398
5 0.5182926829268293 0.11686991869918699 0.06707317073170732 0.08333333333333333
5 0.21138211382113822 0.2571138211382114 0.06707317073170732 0.12804878048780488
5 0.21138211382113822 0.4054878048780488 0.06707317073170732 0.1016260162601626
5 0.042682926829268296 0.4054878048780488 0.06300813008130081 0.1016260162601626
5 0.08130081300813008 0.616869918699187 0.06707317073170732 0.11991869918699187
5 0.11280487804878049 0.8404471544715447 0.056910569105691054 0.11585365853658537
3 0.8201219512195121 0.12398373983739837 0.008130081300813009 0.09552845528455285
3 0.5182926829268293 0.06605691056910569 0.008130081300813009 0.012195121951219513
3 0.5182926829268293 0.16463414634146342 0.008130081300813009 0.012195121951219513
3 0.7845528455284553 0.40447154471544716 0.024390243902439025 0.006097560975609756
3 0.8841463414634146 0.5396341463414634 0.044715447154471545 0.006097560975609756
3 0.5660569105691057 0.40447154471544716 0.014227642276422764 0.006097560975609756
3 0.5589430894308943 0.40447154471544716 0.008130081300813009 0.22154471544715448
3 0.5945121951219512 0.2936991869918699 0.06300813008130081 0.006097560975609756
3 0.5945121951219512 0.5142276422764228 0.06300813008130081 0.006097560975609756
3 0.44613821138211385 0.2967479674796748 0.02032520325203252 0.006097560975609756
3 0.44613821138211385 0.5172764227642277 0.02032520325203252 0.006097560975609756
3 0.31910569105691056 0.40447154471544716 0.024390243902439025 0.006097560975609756
3 0.3313008130081301 0.40447154471544716 0.008130081300813009 0.22154471544715448
3 0.366869918699187 0.2967479674796748 0.06300813008130081 0.006097560975609756
3 0.366869918699187 0.5172764227642277 0.06300813008130081 0.006097560975609756
3 0.45426829268292684 0.616869918699187 0.008130081300813009 0.024390243902439025
3 0.7957317073170732 0.8140243902439024 0.2703252032520325 0.006097560975609756
3 0.9136178861788617 0.9095528455284553 0.008130081300813009 0.07113821138211382
3 0.6189024390243902 0.9715447154471545 0.11382113821138211 0.006097560975609756
3 0.48272357723577236 0.9186991869918699 0.008130081300813009 0.09959349593495935
3 0.21138211382113822 0.14939024390243902 0.008130081300813009 0.0508130081300813
3 0.266260162601626 0.3313008130081301 0.16666666666666666 0.006097560975609756
3 0.17682926829268292 0.4054878048780488 0.07113821138211382 0.006097560975609756
3 0.1483739837398374 0.616869918699187 0.008130081300813009 0.13008130081300814
3 0.17682926829268292 0.6798780487804879 0.16666666666666666 0.006097560975609756
6 0.5010162601626016 0.5396341463414634 0.9979674796747967 0.7296747967479674
6 0.5010162601626016 0.9613821138211383 0.9979674796747967 0.07723577235772358
6 0.516260162601626 0.3943089430894309 0.790650406504065 0.4369918699186992
6 0.516260162601626 0.4054878048780488 0.733739837398374 0.4105691056910569
6 0.5213414634146342 0.4054878048780488 0.6605691056910569 0.39634146341463417
6 0.6727642276422764 0.4054878048780488 0.15040650406504066 0.3800813008130081
6 0.39634146341463417 0.4054878048780488 0.34959349593495936 0.3800813008130081
6 0.40447154471544716 0.7693089430894309 0.44308943089430897 0.17073170731707318
6 0.7510162601626016 0.9644308943089431 0.23373983739837398 0.07113821138211382
6 0.39735772357723576 0.9644308943089431 0.42073170731707316 0.07113821138211382