0 0.035140562248995984 0.19979919678714858 0.07028112449799197 0.07028112449799197
0 0.02710843373493976 0.4979919678714859 0.05421686746987952 0.20080321285140562
0 0.09437751004016064 0.8012048192771084 0.050200803212851405 0.07429718875502007
0 0.9558232931726908 0.10742971887550201 0.05220883534136546 0.05622489959839357
2 0.286144578313253 0.357429718875502 0.12650602409638553 0.06626506024096386
2 0.5040160642570282 0.357429718875502 0.12650602409638553 0.06626506024096386
2 0.2891566265060241 0.5471887550200804 0.09036144578313253 0.04618473895582329
2 0.5070281124497992 0.5471887550200804 0.09036144578313253 0.04618473895582329
2 0.2389558232931727 0.6255020080321285 0.08835341365461848 0.04618473895582329
2 0.3373493975903614 0.6255020080321285 0.08835341365461848 0.04618473895582329
2 0.4578313253012048 0.6255020080321285 0.08835341365461848 0.04618473895582329
2 0.5552208835341366 0.6255020080321285 0.08835341365461848 0.04618473895582329
2 0.8002008032128514 0.6696787148594378 0.1285140562248996 0.22690763052208834
4 0.39558232931726905 0.41566265060240964 0.1144578313253012 0.05622489959839357
4 0.39558232931726905 0.7178714859437751 0.1144578313253012 0.05622489959839357
4 0.3232931726907631 0.8955823293172691 0.13654618473895583 0.0642570281124498
4 0.9558232931726908 0.2991967871485944 0.07028112449799197 0.08835341365461848
4 0.8002008032128514 0.5963855421686747 0.15461847389558234 0.41164658634538154
5 0.5291164658634538 0.10240963855421686 0.12248995983935743 0.06626506024096386
5 0.39558232931726905 0.19979919678714858 0.23092369477911648 0.07028112449799197
5 0.11144578313253012 0.4979919678714859 0.0823293172690763 0.06626506024096386
5 0.25 0.8012048192771084 0.12650602409638553 0.06626506024096386
5 0.3965863453815261 0.8012048192771084 0.10040160642570281 0.06626506024096386
5 0.3965863453815261 0.9678714859437751 0.10040160642570281 0.06224899598393574
5 0.6054216867469879 0.929718875502008 0.11847389558232932 0.06626506024096386
5 0.8263052208835341 0.8985943775100401 0.1144578313253012 0.05622489959839357
3 0.11847389558232932 0.19979919678714858 0.09437751004016064 0.008032128514056224
3 0.06124497991967871 0.4979919678714859 0.012048192771084338 0.008032128514056224
3 0.15863453815261044 0.4979919678714859 0.012048192771084338 0.008032128514056224
3 0.39558232931726905 0.23493975903614459 0.006024096385542169 0.024096385542168676
3 0.5291164658634538 0.13654618473895583 0.006024096385542169 0.04417670682730924
3 0.39558232931726905 0.4508032128514056 0.006024096385542169 0.014056224899598393
3 0.39558232931726905 0.4578313253012048 0.21887550200803213 0.008032128514056224
3 0.286144578313253 0.4226907630522088 0.006024096385542169 0.06224899598393574
3 0.5040160642570282 0.4226907630522088 0.006024096385542169 0.06224899598393574
3 0.2891566265060241 0.5692771084337349 0.006024096385542169 0.020080321285140562
3 0.5070281124497992 0.5692771084337349 0.006024096385542169 0.020080321285140562
3 0.39558232931726905 0.6947791164658634 0.006024096385542169 0.024096385542168676
3 0.39558232931726905 0.6827309236947792 0.21887550200803213 0.008032128514056224
3 0.2891566265060241 0.6475903614457831 0.006024096385542169 0.06224899598393574
3 0.5070281124497992 0.6475903614457831 0.006024096385542169 0.06224899598393574
3 0.6054216867469879 0.5612449799196787 0.024096385542168676 0.008032128514056224
3 0.8002008032128514 0.22389558232931728 0.006024096385542169 0.26706827309236947
3 0.8945783132530121 0.10742971887550201 0.07028112449799197 0.008032128514056224
3 0.9558232931726908 0.3985943775100402 0.006024096385542169 0.11244979919678715
3 0.9036144578313253 0.5331325301204819 0.09839357429718876 0.008032128514056224
3 0.14357429718875503 0.8012048192771084 0.050200803212851405 0.008032128514056224
3 0.3232931726907631 0.7469879518072289 0.006024096385542169 0.1646586345381526
3 0.3965863453815261 0.8353413654618473 0.006024096385542169 0.07028112449799197
3 0.6054216867469879 0.8634538152610441 0.1285140562248996 0.008032128514056224
3 0.6676706827309237 0.8353413654618473 0.006024096385542169 0.1646586345381526
6 0.5291164658634538 0.5050200803212851 0.7208835341365462 0.9899598393574297
6 0.9538152610441767 0.5050200803212851 0.09236947791164658 0.9899598393574297
6 0.3855421686746988 0.5 0.43172690763052207 0.7811244979919679
6 0.3965863453815261 0.5 0.40562248995983935 0.7248995983935743
6 0.3965863453815261 0.49497991967871485 0.39156626506024095 0.6526104417670683
6 0.3965863453815261 0.3453815261044177 0.3755020080321285 0.14859437751004015
6 0.3965863453815261 0.6184738955823293 0.3755020080321285 0.3453815261044177
6 0.7560240963855421 0.6104417670682731 0.1686746987951807 0.43775100401606426
6 0.9558232931726908 0.2680722891566265 0.0823293172690763 0.23092369477911648
6 0.9558232931726908 0.6184738955823293 0.0823293172690763 0.41566265060240964