0 0.040513833992094864 0.19861660079051383 0.08102766798418973 0.0691699604743083
0 0.03260869565217391 0.49209486166007904 0.06521739130434782 0.1976284584980237
0 0.10474308300395258 0.7905138339920948 0.04940711462450593 0.07312252964426877
0 0.9525691699604744 0.10770750988142293 0.05138339920948617 0.05533596837944664
2 0.29347826086956524 0.35375494071146246 0.12450592885375494 0.06521739130434782
2 0.5079051383399209 0.35375494071146246 0.12450592885375494 0.06521739130434782
2 0.2964426877470356 0.5405138339920948 0.08893280632411067 0.045454545454545456
2 0.5108695652173914 0.5405138339920948 0.08893280632411067 0.045454545454545456
2 0.24703557312252963 0.6175889328063241 0.08695652173913043 0.045454545454545456
2 0.3438735177865613 0.6175889328063241 0.08695652173913043 0.045454545454545456
2 0.4624505928853755 0.6175889328063241 0.08695652173913043 0.045454545454545456
2 0.558300395256917 0.6175889328063241 0.08695652173913043 0.045454545454545456
2 0.799407114624506 0.6610671936758893 0.12648221343873517 0.22332015810276679
4 0.40118577075098816 0.41106719367588934 0.11264822134387352 0.05533596837944664
4 0.40118577075098816 0.708498023715415 0.11264822134387352 0.05533596837944664
4 0.3300395256916996 0.883399209486166 0.13438735177865613 0.06324110671936758
4 0.9525691699604744 0.2964426877470356 0.0691699604743083 0.08695652173913043
4 0.799407114624506 0.5889328063241107 0.15217391304347827 0.4051383399209486
5 0.532608695652174 0.10276679841897234 0.12055335968379446 0.06521739130434782
5 0.40118577075098816 0.19861660079051383 0.22727272727272727 0.0691699604743083
5 0.12154150197628459 0.49209486166007904 0.08102766798418973 0.06521739130434782
5 0.25790513833992096 0.7905138339920948 0.12450592885375494 0.06521739130434782
5 0.40217391304347827 0.7905138339920948 0.09881422924901186 0.06521739130434782
5 0.40217391304347827 0.9545454545454546 0.09881422924901186 0.06126482213438735
5 0.607707509881423 0.9169960474308301 0.116600790513834 0.06521739130434782
5 0.825098814229249 0.8863636363636364 0.11264822134387352 0.05533596837944664
3 0.12845849802371542 0.19861660079051383 0.09288537549407115 0.007905138339920948
3 0.07213438735177866 0.49209486166007904 0.011857707509881422 0.007905138339920948
3 0.16798418972332016 0.49209486166007904 0.011857707509881422 0.007905138339920948
3 0.40118577075098816 0.233201581027668 0.005928853754940711 0.023715415019762844
3 0.532608695652174 0.13636363636363635 0.005928853754940711 0.043478260869565216
3 0.40118577075098816 0.44565217391304346 0.005928853754940711 0.01383399209486166
3 0.40118577075098816 0.4525691699604743 0.21541501976284586 0.007905138339920948
3 0.29347826086956524 0.41798418972332013 0.005928853754940711 0.06126482213438735
3 0.5079051383399209 0.41798418972332013 0.005928853754940711 0.06126482213438735
3 0.2964426877470356 0.5622529644268774 0.005928853754940711 0.019762845849802372
3 0.5108695652173914 0.5622529644268774 0.005928853754940711 0.019762845849802372
3 0.40118577075098816 0.6857707509881423 0.005928853754940711 0.023715415019762844
3 0.40118577075098816 0.6739130434782609 0.21541501976284586 0.007905138339920948
3 0.2964426877470356 0.6393280632411067 0.005928853754940711 0.06126482213438735
3 0.5108695652173914 0.6393280632411067 0.005928853754940711 0.06126482213438735
3 0.607707509881423 0.5543478260869565 0.023715415019762844 0.007905138339920948
3 0.799407114624506 0.22233201581027667 0.005928853754940711 0.2628458498023715
3 0.892292490118577 0.10770750988142293 0.0691699604743083 0.007905138339920948
3 0.9525691699604744 0.3942687747035573 0.005928853754940711 0.11067193675889328
3 0.9011857707509882 0.5266798418972332 0.09683794466403162 0.007905138339920948
3 0.15316205533596838 0.7905138339920948 0.04940711462450593 0.007905138339920948
3 0.3300395256916996 0.7371541501976284 0.005928853754940711 0.16205533596837945
3 0.40217391304347827 0.8241106719367589 0.005928853754940711 0.0691699604743083
3 0.607707509881423 0.8517786561264822 0.12648221343873517 0.007905138339920948
3 0.6689723320158103 0.8241106719367589 0.005928853754940711 0.16205533596837945
6 0.532608695652174 0.5039525691699605 0.7094861660079052 0.9822134387351779
6 0.9525691699604744 0.5039525691699605 0.09288537549407115 0.9822134387351779
6 0.391304347826087 0.49407114624505927 0.424901185770751 0.7687747035573123
6 0.40217391304347827 0.49407114624505927 0.39920948616600793 0.7134387351778656
6 0.40217391304347827 0.4891304347826087 0.38537549407114624 0.642292490118577
6 0.40217391304347827 0.34189723320158105 0.3695652173913043 0.14624505928853754
6 0.40217391304347827 0.6106719367588933 0.3695652173913043 0.33992094861660077
6 0.7559288537549407 0.6027667984189723 0.16600790513833993 0.4308300395256917
6 0.9525691699604744 0.2658102766798419 0.08102766798418973 0.22727272727272727
6 0.9525691699604744 0.6106719367588933 0.08102766798418973 0.4090909090909091