0 0.028481012658227847 0.20569620253164558 0.056962025316455694 0.07383966244725738
0 0.020042194092827006 0.5189873417721519 0.04008438818565401 0.2109704641350211
0 0.08227848101265822 0.8375527426160337 0.052742616033755275 0.07805907172995781
0 0.979957805907173 0.10759493670886076 0.04008438818565401 0.05907172995780591
2 0.28375527426160335 0.37130801687763715 0.13291139240506328 0.06962025316455696
2 0.5126582278481012 0.37130801687763715 0.13291139240506328 0.06962025316455696
2 0.2869198312236287 0.570675105485232 0.0949367088607595 0.04852320675105485
2 0.5158227848101266 0.570675105485232 0.0949367088607595 0.04852320675105485
2 0.23417721518987342 0.6529535864978903 0.09282700421940929 0.04852320675105485
2 0.33755274261603374 0.6529535864978903 0.09282700421940929 0.04852320675105485
2 0.4641350210970464 0.6529535864978903 0.09282700421940929 0.04852320675105485
2 0.5664556962025317 0.6529535864978903 0.09282700421940929 0.04852320675105485
2 0.8238396624472574 0.6993670886075949 0.1350210970464135 0.23839662447257384
4 0.3987341772151899 0.43248945147679324 0.12025316455696203 0.05907172995780591
4 0.3987341772151899 0.75 0.12025316455696203 0.05907172995780591
4 0.3227848101265823 0.9367088607594937 0.14345991561181434 0.06751054852320675
4 0.9746835443037974 0.310126582278481 0.05063291139240506 0.09282700421940929
4 0.8238396624472574 0.6223628691983122 0.16244725738396623 0.43248945147679324
5 0.5390295358649789 0.10337552742616034 0.12869198312236288 0.06962025316455696
5 0.3987341772151899 0.20569620253164558 0.24261603375527427 0.07383966244725738
5 0.10021097046413502 0.5189873417721519 0.08649789029535865 0.06962025316455696
5 0.24578059071729957 0.8375527426160337 0.13291139240506328 0.06962025316455696
5 0.399789029535865 0.8375527426160337 0.10548523206751055 0.06962025316455696
5 0.3987341772151899 0.989451476793249 0.10548523206751055 0.02109704641350211
5 0.619198312236287 0.9683544303797469 0.12447257383966245 0.06329113924050633
5 0.8512658227848101 0.939873417721519 0.12025316455696203 0.05907172995780591
3 0.10759493670886076 0.20569620253164558 0.09915611814345991 0.008438818565400843
3 0.04746835443037975 0.5189873417721519 0.012658227848101266 0.008438818565400843
3 0.14978902953586498 0.5189873417721519 0.012658227848101266 0.008438818565400843
3 0.3987341772151899 0.24261603375527427 0.006329113924050633 0.02531645569620253
3 0.5390295358649789 0.13924050632911392 0.006329113924050633 0.046413502109704644
3 0.3987341772151899 0.4694092827004219 0.006329113924050633 0.014767932489451477
3 0.3987341772151899 0.4767932489451477 0.229957805907173 0.008438818565400843
3 0.28375527426160335 0.439873417721519 0.006329113924050633 0.06540084388185655
3 0.5126582278481012 0.439873417721519 0.006329113924050633 0.06540084388185655
3 0.2869198312236287 0.5938818565400844 0.006329113924050633 0.02109704641350211
3 0.5158227848101266 0.5938818565400844 0.006329113924050633 0.02109704641350211
3 0.3987341772151899 0.7257383966244726 0.006329113924050633 0.02531645569620253
3 0.3987341772151899 0.7130801687763713 0.229957805907173 0.008438818565400843
3 0.2869198312236287 0.6761603375527426 0.006329113924050633 0.06540084388185655
3 0.5158227848101266 0.6761603375527426 0.006329113924050633 0.06540084388185655
3 0.619198312236287 0.5854430379746836 0.02531645569620253 0.008438818565400843
3 0.8238396624472574 0.2310126582278481 0.006329113924050633 0.2805907172995781
3 0.9229957805907173 0.10864978902953587 0.07383966244725738 0.008438818565400843
3 0.9873417721518988 0.41455696202531644 0.006329113924050633 0.11814345991561181
3 0.9324894514767933 0.5559071729957806 0.10337552742616034 0.008438818565400843
3 0.1339662447257384 0.8375527426160337 0.052742616033755275 0.008438818565400843
3 0.3227848101265823 0.7805907172995781 0.006329113924050633 0.1729957805907173
3 0.399789029535865 0.8734177215189873 0.006329113924050633 0.07383966244725738
3 0.619198312236287 0.9029535864978903 0.1350210970464135 0.008438818565400843
3 0.6845991561181435 0.8734177215189873 0.006329113924050633 0.1729957805907173
6 0.5390295358649789 0.5031645569620253 0.7573839662447257 0.9936708860759493
6 0.9683544303797469 0.5031645569620253 0.06329113924050633 0.9936708860759493
6 0.3881856540084388 0.5210970464135021 0.45358649789029537 0.820675105485232
6 0.399789029535865 0.5210970464135021 0.42616033755274263 0.7616033755274262
6 0.399789029535865 0.5158227848101266 0.41139240506329117 0.6856540084388185
6 0.399789029535865 0.35864978902953587 0.39451476793248946 0.15611814345991562
6 0.399789029535865 0.6455696202531646 0.39451476793248946 0.3628691983122363
6 0.7774261603375527 0.6371308016877637 0.17721518987341772 0.459915611814346
6 0.9715189873417721 0.27742616033755274 0.056962025316455694 0.24261603375527427
6 0.9715189873417721 0.6445147679324894 0.056962025316455694 0.43670886075949367