0 0.036734693877551024 0.1989795918367347 0.07346938775510205 0.07142857142857142
0 0.02857142857142857 0.5020408163265306 0.05714285714285714 0.20408163265306123
0 0.09795918367346938 0.810204081632653 0.05102040816326531 0.07551020408163266
0 0.9734693877551021 0.10510204081632653 0.053061224489795916 0.05714285714285714
2 0.29285714285714287 0.35918367346938773 0.12857142857142856 0.0673469387755102
2 0.5142857142857142 0.35918367346938773 0.12857142857142856 0.0673469387755102
2 0.29591836734693877 0.5520408163265306 0.09183673469387756 0.04693877551020408
2 0.5173469387755102 0.5520408163265306 0.09183673469387756 0.04693877551020408
2 0.24489795918367346 0.6316326530612245 0.08979591836734693 0.04693877551020408
2 0.3448979591836735 0.6316326530612245 0.08979591836734693 0.04693877551020408
2 0.4673469387755102 0.6316326530612245 0.08979591836734693 0.04693877551020408
2 0.5663265306122449 0.6316326530612245 0.08979591836734693 0.04693877551020408
2 0.8153061224489796 0.676530612244898 0.1306122448979592 0.23061224489795917
4 0.40408163265306124 0.41836734693877553 0.11632653061224489 0.05714285714285714
4 0.40408163265306124 0.7255102040816327 0.11632653061224489 0.05714285714285714
4 0.3306122448979592 0.9061224489795918 0.13877551020408163 0.0653061224489796
4 0.9683673469387755 0.3 0.06326530612244897 0.08979591836734693
4 0.8153061224489796 0.6020408163265306 0.15714285714285714 0.41836734693877553
5 0.539795918367347 0.1 0.12448979591836734 0.0673469387755102
5 0.40408163265306124 0.1989795918367347 0.23469387755102042 0.07142857142857142
5 0.11530612244897959 0.5020408163265306 0.0836734693877551 0.0673469387755102
5 0.25612244897959185 0.810204081632653 0.12857142857142856 0.0673469387755102
5 0.4051020408163265 0.810204081632653 0.10204081632653061 0.0673469387755102
5 0.40408163265306124 0.9734693877551021 0.10204081632653061 0.053061224489795916
5 0.6173469387755102 0.9408163265306122 0.12040816326530612 0.0673469387755102
5 0.8418367346938775 0.9091836734693878 0.11632653061224489 0.05714285714285714
3 0.12244897959183673 0.1989795918367347 0.09591836734693877 0.00816326530612245
3 0.06428571428571428 0.5020408163265306 0.012244897959183673 0.00816326530612245
3 0.16326530612244897 0.5020408163265306 0.012244897959183673 0.00816326530612245
3 0.40408163265306124 0.23469387755102042 0.006122448979591836 0.024489795918367346
3 0.539795918367347 0.1346938775510204 0.006122448979591836 0.044897959183673466
3 0.40408163265306124 0.45408163265306123 0.006122448979591836 0.014285714285714285
3 0.40408163265306124 0.46122448979591835 0.22244897959183674 0.00816326530612245
3 0.29285714285714287 0.42551020408163265 0.006122448979591836 0.06326530612244897
3 0.5142857142857142 0.42551020408163265 0.006122448979591836 0.06326530612244897
3 0.29591836734693877 0.5744897959183674 0.006122448979591836 0.02040816326530612
3 0.5173469387755102 0.5744897959183674 0.006122448979591836 0.02040816326530612
3 0.40408163265306124 0.7020408163265306 0.006122448979591836 0.024489795918367346
3 0.40408163265306124 0.689795918367347 0.22244897959183674 0.00816326530612245
3 0.29591836734693877 0.6540816326530612 0.006122448979591836 0.06326530612244897
3 0.5173469387755102 0.6540816326530612 0.006122448979591836 0.06326530612244897
3 0.6173469387755102 0.5663265306122449 0.024489795918367346 0.00816326530612245
3 0.8153061224489796 0.22346938775510203 0.006122448979591836 0.2714285714285714
3 0.9112244897959184 0.10510204081632653 0.07142857142857142 0.00816326530612245
3 0.9734693877551021 0.4010204081632653 0.006122448979591836 0.11428571428571428
3 0.9204081632653062 0.5377551020408163 0.1 0.00816326530612245
3 0.14795918367346939 0.810204081632653 0.05102040816326531 0.00816326530612245
3 0.3306122448979592 0.7551020408163265 0.006122448979591836 0.1673469387755102
3 0.4051020408163265 0.8448979591836735 0.006122448979591836 0.07142857142857142
3 0.6173469387755102 0.8734693877551021 0.1306122448979592 0.00816326530612245
3 0.6806122448979591 0.8448979591836735 0.006122448979591836 0.1673469387755102
6 0.539795918367347 0.503061224489796 0.7326530612244898 0.9938775510204082
6 0.9622448979591837 0.503061224489796 0.07551020408163266 0.9938775510204082
6 0.39387755102040817 0.5040816326530613 0.4387755102040816 0.7938775510204081
6 0.4051020408163265 0.5040816326530613 0.4122448979591837 0.736734693877551
6 0.4051020408163265 0.4989795918367347 0.3979591836734694 0.6632653061224489
6 0.4051020408163265 0.3469387755102041 0.3816326530612245 0.1510204081632653
6 0.4051020408163265 0.6244897959183674 0.3816326530612245 0.3510204081632653
6 0.7704081632653061 0.6163265306122448 0.17142857142857143 0.4448979591836735
6 0.9653061224489796 0.2683673469387755 0.06938775510204082 0.23469387755102042
6 0.9653061224489796 0.6234693877551021 0.06938775510204082 0.42244897959183675