6 0.4638671875 0.5 0.685546875 0.96484375
6 0.60205078125 0.490234375 0.3798828125 0.6845703125
6 0.60205078125 0.32177734375 0.3642578125 0.134765625
6 0.60205078125 0.58984375 0.3642578125 0.2197265625
6 0.0498046875 0.5 0.080078125 0.96484375
6 0.0498046875 0.27197265625 0.076171875 0.1845703125
6 0.244140625 0.58984375 0.23046875 0.4599609375
0 0.94921875 0.1982421875 0.087890625 0.0751953125
0 0.95703125 0.490234375 0.07421875 0.1904296875
0 0.88916015625 0.78515625 0.0458984375 0.0751953125
5 0.8701171875 0.490234375 0.076171875 0.1201171875
1 0.59619140625 0.1982421875 0.267578125 0.0654296875
5 0.46923828125 0.10498046875 0.1142578125 0.0654296875
2 0.69921875 0.35498046875 0.1142578125 0.0517578125
2 0.5048828125 0.35498046875 0.1142578125 0.0517578125
4 0.60205078125 0.41015625 0.1142578125 0.0517578125
2 0.69921875 0.6298828125 0.1142578125 0.0751953125
2 0.5048828125 0.6298828125 0.1142578125 0.0751953125
4 0.60205078125 0.701171875 0.1142578125 0.0517578125
1 0.73486328125 0.78515625 0.1162109375 0.0654296875
1 0.59619140625 0.78515625 0.09765625 0.0654296875
1 0.66796875 0.8720703125 0.1298828125 0.0576171875
1 0.59619140625 0.93798828125 0.09765625 0.0576171875
1 0.39208984375 0.90185546875 0.1083984375 0.0517578125
2 0.2021484375 0.46484375 0.125 0.1318359375
4 0.2021484375 0.662109375 0.1162109375 0.2451171875
4 0.0498046875 0.3017578125 0.0615234375 0.087890625
5 0.0498046875 0.52001953125 0.0263671875 0.0419921875
5 0.330078125 0.7880859375 0.0263671875 0.0419921875
3 0.90478515625 0.1982421875 0.087890625 0.0048828125
3 0.919921875 0.490234375 0.0048828125 0.025390625
3 0.59619140625 0.25 0.0048828125 0.0400390625
3 0.69921875 0.4150390625 0.0048828125 0.0703125
3 0.5048828125 0.4150390625 0.0048828125 0.0703125
3 0.59619140625 0.4482421875 0.0048828125 0.03515625
3 0.66796875 0.73779296875 0.0048828125 0.0751953125
3 0.59619140625 0.73779296875 0.0048828125 0.0751953125
3 0.51513671875 0.73779296875 0.0048828125 0.0751953125
3 0.8701171875 0.78515625 0.0400390625 0.0048828125
3 0.59619140625 0.81396484375 0.08984375 0.0048828125
3 0.412109375 0.5517578125 0.1181640625 0.0048828125
3 0.4482421875 0.8720703125 0.169921875 0.0048828125
3 0.330078125 0.83984375 0.0048828125 0.1103515625
3 0.2021484375 0.259765625 0.0048828125 0.134765625
3 0.11181640625 0.5751953125 0.1201171875 0.0048828125