0 0.963 0.187 0.074 0.07
0 0.971 0.484 0.058 0.2
0 0.902 0.786 0.05 0.074
0 0.044 0.095 0.052 0.056
2 0.711 0.344 0.126 0.066
2 0.494 0.344 0.126 0.066
2 0.708 0.533 0.09 0.046
2 0.491 0.533 0.09 0.046
2 0.758 0.611 0.088 0.046
2 0.66 0.611 0.088 0.046
2 0.54 0.611 0.088 0.046
2 0.443 0.611 0.088 0.046
2 0.199 0.655 0.128 0.226
4 0.602 0.402 0.114 0.056
4 0.602 0.703 0.114 0.056
4 0.674 0.88 0.136 0.064
4 0.044 0.286 0.07 0.088
4 0.199 0.582 0.154 0.41
5 0.469 0.09 0.122 0.066
5 0.602 0.187 0.23 0.07
5 0.885 0.484 0.082 0.066
5 0.747 0.786 0.126 0.066
5 0.601 0.786 0.1 0.066
5 0.601 0.952 0.1 0.062
5 0.393 0.914 0.118 0.066
5 0.173 0.883 0.114 0.056
3 0.878 0.187 0.094 0.008
3 0.935 0.484 0.012 0.008
3 0.838 0.484 0.012 0.008
3 0.602 0.222 0.006 0.024
3 0.469 0.124 0.006 0.044
3 0.602 0.437 0.006 0.014
3 0.602 0.444 0.218 0.008
3 0.711 0.409 0.006 0.062
3 0.494 0.409 0.006 0.062
3 0.708 0.555 0.006 0.02
3 0.491 0.555 0.006 0.02
3 0.602 0.68 0.006 0.024
3 0.602 0.668 0.218 0.008
3 0.708 0.633 0.006 0.062
3 0.491 0.633 0.006 0.062
3 0.393 0.547 0.024 0.008
3 0.199 0.211 0.006 0.266
3 0.105 0.095 0.07 0.008
3 0.044 0.385 0.006 0.112
3 0.096 0.519 0.098 0.008
3 0.853 0.786 0.05 0.008
3 0.674 0.732 0.006 0.164
3 0.601 0.82 0.006 0.07
3 0.393 0.848 0.128 0.008
3 0.331 0.82 0.006 0.164
6 0.469 0.496 0.718 0.992
6 0.046 0.496 0.092 0.992
6 0.612 0.486 0.43 0.778
6 0.601 0.486 0.404 0.722
6 0.601 0.481 0.39 0.65
6 0.601 0.332 0.374 0.148
6 0.601 0.604 0.374 0.344
6 0.243 0.596 0.168 0.436
6 0.044 0.255 0.082 0.23
6 0.044 0.604 0.082 0.414