0 0.165625 0.9614583333333333 0.07291666666666667 0.07708333333333334
0 0.475 0.9697916666666667 0.20833333333333334 0.06041666666666667
0 0.7895833333333333 0.8979166666666667 0.07708333333333334 0.052083333333333336
0 0.06875 0.015625 0.058333333333333334 0.03125
2 0.32916666666666666 0.6989583333333333 0.06875 0.13125
2 0.32916666666666666 0.47291666666666665 0.06875 0.13125
2 0.5260416666666666 0.6958333333333333 0.04791666666666667 0.09375
2 0.5260416666666666 0.46979166666666666 0.04791666666666667 0.09375
2 0.6072916666666667 0.7479166666666667 0.04791666666666667 0.09166666666666666
2 0.6072916666666667 0.6458333333333334 0.04791666666666667 0.09166666666666666
2 0.6072916666666667 0.5208333333333334 0.04791666666666667 0.09166666666666666
2 0.6072916666666667 0.4197916666666667 0.04791666666666667 0.09166666666666666
2 0.653125 0.165625 0.23541666666666666 0.13333333333333333
4 0.38958333333333334 0.5854166666666667 0.058333333333333334 0.11875
4 0.703125 0.5854166666666667 0.058333333333333334 0.11875
4 0.8875 0.6604166666666667 0.06666666666666667 0.14166666666666666
4 0.26875 0.020833333333333332 0.09166666666666666 0.041666666666666664
4 0.5770833333333333 0.165625 0.4270833333333333 0.16041666666666668
5 0.06458333333333334 0.446875 0.06875 0.12708333333333333
5 0.165625 0.5854166666666667 0.07291666666666667 0.23958333333333334
5 0.475 0.8802083333333334 0.06875 0.08541666666666667
5 0.7895833333333333 0.7364583333333333 0.06875 0.13125
5 0.7895833333333333 0.584375 0.06875 0.10416666666666667
5 0.9625 0.584375 0.06458333333333334 0.10416666666666667
5 0.9229166666666667 0.36770833333333336 0.06875 0.12291666666666666
5 0.890625 0.13854166666666667 0.058333333333333334 0.11875
3 0.165625 0.8729166666666667 0.008333333333333333 0.09791666666666667
3 0.475 0.9322916666666666 0.008333333333333333 0.0125
3 0.475 0.83125 0.008333333333333333 0.0125
3 0.20208333333333334 0.5854166666666667 0.025 0.00625
3 0.1 0.446875 0.04583333333333333 0.00625
3 0.42604166666666665 0.5854166666666667 0.014583333333333334 0.00625
3 0.43333333333333335 0.5854166666666667 0.008333333333333333 0.22708333333333333
3 0.396875 0.6989583333333333 0.06458333333333334 0.00625
3 0.396875 0.47291666666666665 0.06458333333333334 0.00625
3 0.5489583333333333 0.6958333333333333 0.020833333333333332 0.00625
3 0.5489583333333333 0.46979166666666666 0.020833333333333332 0.00625
3 0.6791666666666667 0.5854166666666667 0.025 0.00625
3 0.6666666666666666 0.5854166666666667 0.008333333333333333 0.22708333333333333
3 0.6302083333333334 0.6958333333333333 0.06458333333333334 0.00625
3 0.6302083333333334 0.46979166666666666 0.06458333333333334 0.00625
3 0.540625 0.36770833333333336 0.008333333333333333 0.025
3 0.190625 0.165625 0.27708333333333335 0.00625
3 0.06979166666666667 0.06770833333333333 0.008333333333333333 0.07291666666666667
3 0.371875 0.004166666666666667 0.11666666666666667 0.00625
3 0.5114583333333333 0.058333333333333334 0.008333333333333333 0.10208333333333333
3 0.7895833333333333 0.846875 0.008333333333333333 0.052083333333333336
3 0.7333333333333333 0.6604166666666667 0.17083333333333334 0.00625
3 0.825 0.584375 0.07291666666666667 0.00625
3 0.8541666666666666 0.36770833333333336 0.008333333333333333 0.13333333333333333
3 0.825 0.303125 0.17083333333333334 0.00625
6 0.5 0.446875 1 0.7479166666666667
6 0.5 0.027083333333333334 1 0.05416666666666667
6 0.47708333333333336 0.5958333333333333 0.8104166666666667 0.4479166666666667
6 0.47708333333333336 0.584375 0.7520833333333333 0.42083333333333334
6 0.471875 0.584375 0.6770833333333334 0.40625
6 0.31666666666666665 0.584375 0.15416666666666667 0.38958333333333334
6 0.6 0.584375 0.35833333333333334 0.38958333333333334
6 0.5916666666666667 0.21145833333333333 0.45416666666666666 0.175
6 0.23645833333333333 0.023958333333333335 0.23958333333333334 0.04791666666666667
6 0.5989583333333334 0.023958333333333335 0.43125 0.04791666666666667