0 0.9715189873417721 0.15928270042194093 0.056962025316455694 0.07383966244725738
0 0.979957805907173 0.47257383966244726 0.04008438818565401 0.2109704641350211
0 0.9177215189873418 0.7911392405063291 0.052742616033755275 0.07805907172995781
0 0.020042194092827006 0.06118143459915612 0.04008438818565401 0.05907172995780591
2 0.7162447257383966 0.32489451476793246 0.13291139240506328 0.06962025316455696
2 0.4873417721518987 0.32489451476793246 0.13291139240506328 0.06962025316455696
2 0.7130801687763713 0.5242616033755274 0.0949367088607595 0.04852320675105485
2 0.48417721518987344 0.5242616033755274 0.0949367088607595 0.04852320675105485
2 0.7658227848101266 0.6065400843881856 0.09282700421940929 0.04852320675105485
2 0.6624472573839663 0.6065400843881856 0.09282700421940929 0.04852320675105485
2 0.5358649789029536 0.6065400843881856 0.09282700421940929 0.04852320675105485
2 0.43354430379746833 0.6065400843881856 0.09282700421940929 0.04852320675105485
2 0.17616033755274263 0.6529535864978903 0.1350210970464135 0.23839662447257384
4 0.6012658227848101 0.3860759493670886 0.12025316455696203 0.05907172995780591
4 0.6012658227848101 0.7035864978902954 0.12025316455696203 0.05907172995780591
4 0.6772151898734177 0.890295358649789 0.14345991561181434 0.06751054852320675
4 0.02531645569620253 0.26371308016877637 0.05063291139240506 0.09282700421940929
4 0.17616033755274263 0.5759493670886076 0.16244725738396623 0.43248945147679324
5 0.4609704641350211 0.056962025316455694 0.12869198312236288 0.06962025316455696
5 0.6012658227848101 0.15928270042194093 0.24261603375527427 0.07383966244725738
5 0.8997890295358649 0.47257383966244726 0.08649789029535865 0.06962025316455696
5 0.7542194092827004 0.7911392405063291 0.13291139240506328 0.06962025316455696
5 0.6002109704641351 0.7911392405063291 0.10548523206751055 0.06962025316455696
5 0.6002109704641351 0.9662447257383966 0.10548523206751055 0.06540084388185655
5 0.3808016877637131 0.9261603375527426 0.12447257383966245 0.06962025316455696
5 0.14873417721518986 0.8934599156118144 0.12025316455696203 0.05907172995780591
3 0.8924050632911392 0.15928270042194093 0.09915611814345991 0.008438818565400843
3 0.9525316455696202 0.47257383966244726 0.012658227848101266 0.008438818565400843
3 0.8502109704641351 0.47257383966244726 0.012658227848101266 0.008438818565400843
3 0.6012658227848101 0.1962025316455696 0.006329113924050633 0.02531645569620253
3 0.4609704641350211 0.09282700421940929 0.006329113924050633 0.046413502109704644
3 0.6012658227848101 0.4229957805907173 0.006329113924050633 0.014767932489451477
3 0.6012658227848101 0.43037974683544306 0.229957805907173 0.008438818565400843
3 0.7162447257383966 0.39345991561181437 0.006329113924050633 0.06540084388185655
3 0.4873417721518987 0.39345991561181437 0.006329113924050633 0.06540084388185655
3 0.7130801687763713 0.5474683544303798 0.006329113924050633 0.02109704641350211
3 0.48417721518987344 0.5474683544303798 0.006329113924050633 0.02109704641350211
3 0.6012658227848101 0.679324894514768 0.006329113924050633 0.02531645569620253
3 0.6012658227848101 0.6666666666666666 0.229957805907173 0.008438818565400843
3 0.7130801687763713 0.629746835443038 0.006329113924050633 0.06540084388185655
3 0.48417721518987344 0.629746835443038 0.006329113924050633 0.06540084388185655
3 0.3808016877637131 0.5390295358649789 0.02531645569620253 0.008438818565400843
3 0.17616033755274263 0.18459915611814345 0.006329113924050633 0.2805907172995781
3 0.0770042194092827 0.06223628691983123 0.07383966244725738 0.008438818565400843
3 0.012658227848101266 0.3681434599156118 0.006329113924050633 0.11814345991561181
3 0.06751054852320675 0.509493670886076 0.10337552742616034 0.008438818565400843
3 0.8660337552742616 0.7911392405063291 0.052742616033755275 0.008438818565400843
3 0.6772151898734177 0.7341772151898734 0.006329113924050633 0.1729957805907173
3 0.6002109704641351 0.8270042194092827 0.006329113924050633 0.07383966244725738
3 0.3808016877637131 0.8565400843881856 0.1350210970464135 0.008438818565400843
3 0.3154008438818565 0.8270042194092827 0.006329113924050633 0.1729957805907173
6 0.4609704641350211 0.5 0.7573839662447257 1
6 0.03164556962025317 0.5 0.06329113924050633 1
6 0.6118143459915611 0.47468354430379744 0.45358649789029537 0.820675105485232
6 0.6002109704641351 0.47468354430379744 0.42616033755274263 0.7616033755274262
6 0.6002109704641351 0.4694092827004219 0.41139240506329117 0.6856540084388185
6 0.6002109704641351 0.31223628691983124 0.39451476793248946 0.15611814345991562
6 0.6002109704641351 0.5991561181434599 0.39451476793248946 0.3628691983122363
6 0.22257383966244726 0.5907172995780591 0.17721518987341772 0.459915611814346
6 0.028481012658227847 0.2310126582278481 0.056962025316455694 0.24261603375527427
6 0.028481012658227847 0.5981012658227848 0.056962025316455694 0.43670886075949367