0 0.9054878048780488 0.18597560975609756 0.052845528455284556 0.08333333333333333
0 0.9054878048780488 0.40447154471544716 0.052845528455284556 0.08333333333333333
0 0.9054878048780488 0.5813008130081301 0.052845528455284556 0.08333333333333333
2 0.6554878048780488 0.08130081300813008 0.04065040650406504 0.06300813008130081
2 0.5619918699186992 0.5914634146341463 0.052845528455284556 0.08333333333333333
2 0.551829268292683 0.8099593495934959 0.052845528455284556 0.08333333333333333
2 0.5 0.8099593495934959 0.052845528455284556 0.08333333333333333
2 0.4369918699186992 0.8099593495934959 0.052845528455284556 0.08333333333333333
2 0.5 0.15447154471544716 0.052845528455284556 0.08333333333333333
2 0.5 0.4247967479674797 0.052845528455284556 0.08333333333333333
2 0.4065040650406504 0.08130081300813008 0.052845528455284556 0.08333333333333333
2 0.4065040650406504 0.23780487804878048 0.052845528455284556 0.08333333333333333
2 0.4065040650406504 0.40447154471544716 0.052845528455284556 0.08333333333333333
2 0.3953252032520325 0.5497967479674797 0.06300813008130081 0.09349593495934959
2 0.3333333333333333 0.3943089430894309 0.052845528455284556 0.08333333333333333
4 0.6554878048780488 0.18597560975609756 0.052845528455284556 0.08333333333333333
4 0.6554878048780488 0.7063008130081301 0.052845528455284556 0.08333333333333333
4 0.3333333333333333 0.6961382113821138 0.052845528455284556 0.08333333333333333
4 0.13516260162601626 0.2997967479674797 0.052845528455284556 0.08333333333333333
1 0.5833333333333334 0.27947154471544716 0.052845528455284556 0.08333333333333333
5 0.7804878048780488 0.18597560975609756 0.052845528455284556 0.08333333333333333
5 0.7286585365853658 0.18597560975609756 0.052845528455284556 0.08333333333333333
5 0.7601626016260162 0.4563008130081301 0.06300813008130081 0.09349593495934959
5 0.22967479674796748 0.15447154471544716 0.052845528455284556 0.08333333333333333
5 0.22967479674796748 0.2997967479674797 0.052845528455284556 0.08333333333333333
5 0.22967479674796748 0.44613821138211385 0.052845528455284556 0.08333333333333333
3 0.8434959349593496 0.18597560975609756 0.06300813008130081 0.01016260162601626
3 0.6869918699186992 0.18597560975609756 0.03048780487804878 0.01016260162601626
3 0.6554878048780488 0.13414634146341464 0.01016260162601626 0.04065040650406504
3 0.625 0.18597560975609756 0.02032520325203252 0.01016260162601626
3 0.6138211382113821 0.22764227642276422 0.01016260162601626 0.09349593495934959
3 0.6036585365853658 0.27947154471544716 0.02032520325203252 0.01016260162601626
3 0.8323170731707317 0.4563008130081301 0.052845528455284556 0.01016260162601626
3 0.7184959349593496 0.4563008130081301 0.03048780487804878 0.01016260162601626
3 0.7083333333333334 0.5813008130081301 0.01016260162601626 0.25
3 0.6453252032520326 0.5914634146341463 0.11382113821138211 0.01016260162601626
3 0.676829268292683 0.7063008130081301 0.03048780487804878 0.01016260162601626
3 0.551829268292683 0.27947154471544716 0.02032520325203252 0.01016260162601626
3 0.5416666666666666 0.21747967479674796 0.01016260162601626 0.12398373983739837
3 0.5416666666666666 0.35264227642276424 0.01016260162601626 0.14634146341463414
3 0.5203252032520326 0.15447154471544716 0.03048780487804878 0.01016260162601626
3 0.5203252032520326 0.4247967479674797 0.03048780487804878 0.01016260162601626
3 0.4684959349593496 0.15447154471544716 0.02032520325203252 0.01016260162601626
3 0.4583333333333333 0.11280487804878049 0.01016260162601626 0.08333333333333333
3 0.4583333333333333 0.19613821138211382 0.01016260162601626 0.08333333333333333
3 0.4369918699186992 0.08130081300813008 0.03048780487804878 0.01016260162601626
3 0.4369918699186992 0.23780487804878048 0.03048780487804878 0.01016260162601626
3 0.4583333333333333 0.4247967479674797 0.04065040650406504 0.01016260162601626
3 0.375 0.23780487804878048 0.03048780487804878 0.01016260162601626
3 0.3648373983739837 0.31097560975609756 0.01016260162601626 0.14634146341463414
3 0.35365853658536583 0.3943089430894309 0.03048780487804878 0.01016260162601626
3 0.4268292682926829 0.47764227642276424 0.01016260162601626 0.08333333333333333
3 0.4065040650406504 0.5182926829268293 0.03048780487804878 0.01016260162601626
3 0.3648373983739837 0.5182926829268293 0.01016260162601626 0.08333333333333333
3 0.35365853658536583 0.44613821138211385 0.03048780487804878 0.01016260162601626
3 0.5 0.5914634146341463 0.14634146341463414 0.01016260162601626
3 0.3648373983739837 0.6432926829268293 0.01016260162601626 0.10365853658536585
3 0.35365853658536583 0.6961382113821138 0.03048780487804878 0.01016260162601626
3 0.625 0.7063008130081301 0.03048780487804878 0.01016260162601626
3 0.6138211382113821 0.758130081300813 0.01016260162601626 0.10365853658536585
3 0.5934959349593496 0.8099593495934959 0.04065040650406504 0.01016260162601626
3 0.5203252032520326 0.8099593495934959 0.02032520325203252 0.01016260162601626
3 0.4684959349593496 0.8099593495934959 0.02032520325203252 0.01016260162601626
3 0.4065040650406504 0.8099593495934959 0.06300813008130081 0.01016260162601626
3 0.375 0.758130081300813 0.01016260162601626 0.10365853658536585
3 0.3333333333333333 0.5497967479674797 0.01016260162601626 0.2073170731707317
3 0.19817073170731708 0.15447154471544716 0.02032520325203252 0.01016260162601626
3 0.18800813008130082 0.22764227642276422 0.01016260162601626 0.14634146341463414
3 0.16666666666666666 0.2997967479674797 0.03048780487804878 0.01016260162601626
3 0.19817073170731708 0.2997967479674797 0.04065040650406504 0.01016260162601626
3 0.19817073170731708 0.44613821138211385 0.02032520325203252 0.01016260162601626
3 0.18800813008130082 0.37296747967479676 0.01016260162601626 0.14634146341463414
6 0.9054878048780488 0.383130081300813 0.11382113821138211 0.573170731707317
6 0.4583333333333333 0.508130081300813 0.7276422764227642 0.9776422764227642
6 0.5 0.47764227642276424 0.4166666666666667 0.8841463414634146