0 0.8901209677419355 0.17641129032258066 0.05241935483870968 0.08266129032258064
0 0.8901209677419355 0.39314516129032256 0.05241935483870968 0.08266129032258064
0 0.8901209677419355 0.5685483870967742 0.05241935483870968 0.08266129032258064
2 0.6421370967741935 0.07258064516129033 0.04032258064516129 0.0625
2 0.5493951612903226 0.5786290322580645 0.05241935483870968 0.08266129032258064
2 0.5393145161290323 0.7953629032258065 0.05241935483870968 0.08266129032258064
2 0.4879032258064516 0.7953629032258065 0.05241935483870968 0.08266129032258064
2 0.4254032258064516 0.7953629032258065 0.05241935483870968 0.08266129032258064
2 0.4879032258064516 0.14516129032258066 0.05241935483870968 0.08266129032258064
2 0.4879032258064516 0.41330645161290325 0.05241935483870968 0.08266129032258064
2 0.3951612903225806 0.07258064516129033 0.05241935483870968 0.08266129032258064
2 0.3951612903225806 0.22782258064516128 0.05241935483870968 0.08266129032258064
2 0.3951612903225806 0.39314516129032256 0.05241935483870968 0.08266129032258064
2 0.3840725806451613 0.5372983870967742 0.0625 0.09274193548387097
2 0.3225806451612903 0.38306451612903225 0.05241935483870968 0.08266129032258064
4 0.6421370967741935 0.17641129032258066 0.05241935483870968 0.08266129032258064
4 0.6421370967741935 0.6925403225806451 0.05241935483870968 0.08266129032258064
4 0.3225806451612903 0.6824596774193549 0.05241935483870968 0.08266129032258064
4 0.12600806451612903 0.28931451612903225 0.05241935483870968 0.08266129032258064
1 0.5705645161290323 0.2691532258064516 0.05241935483870968 0.08266129032258064
5 0.7661290322580645 0.17641129032258066 0.05241935483870968 0.08266129032258064
5 0.7147177419354839 0.17641129032258066 0.05241935483870968 0.08266129032258064
5 0.7459677419354839 0.44455645161290325 0.0625 0.09274193548387097
5 0.21975806451612903 0.14516129032258066 0.05241935483870968 0.08266129032258064
5 0.21975806451612903 0.28931451612903225 0.05241935483870968 0.08266129032258064
5 0.21975806451612903 0.4344758064516129 0.05241935483870968 0.08266129032258064
3 0.8286290322580645 0.17641129032258066 0.0625 0.010080645161290322
3 0.6733870967741935 0.17641129032258066 0.03024193548387097 0.010080645161290322
3 0.6421370967741935 0.125 0.010080645161290322 0.04032258064516129
3 0.6118951612903226 0.17641129032258066 0.020161290322580645 0.010080645161290322
3 0.6008064516129032 0.21774193548387097 0.010080645161290322 0.09274193548387097
3 0.5907258064516129 0.2691532258064516 0.020161290322580645 0.010080645161290322
3 0.8175403225806451 0.44455645161290325 0.05241935483870968 0.010080645161290322
3 0.7046370967741935 0.44455645161290325 0.03024193548387097 0.010080645161290322
3 0.6945564516129032 0.5685483870967742 0.010080645161290322 0.24798387096774194
3 0.6320564516129032 0.5786290322580645 0.11290322580645161 0.010080645161290322
3 0.6633064516129032 0.6925403225806451 0.03024193548387097 0.010080645161290322
3 0.5393145161290323 0.2691532258064516 0.020161290322580645 0.010080645161290322
3 0.5292338709677419 0.20766129032258066 0.010080645161290322 0.12298387096774194
3 0.5292338709677419 0.34173387096774194 0.010080645161290322 0.14516129032258066
3 0.5080645161290323 0.14516129032258066 0.03024193548387097 0.010080645161290322
3 0.5080645161290323 0.41330645161290325 0.03024193548387097 0.010080645161290322
3 0.4566532258064516 0.14516129032258066 0.020161290322580645 0.010080645161290322
3 0.4465725806451613 0.10383064516129033 0.010080645161290322 0.08266129032258064
3 0.4465725806451613 0.18649193548387097 0.010080645161290322 0.08266129032258064
3 0.4254032258064516 0.07258064516129033 0.03024193548387097 0.010080645161290322
3 0.4254032258064516 0.22782258064516128 0.03024193548387097 0.010080645161290322
3 0.4465725806451613 0.41330645161290325 0.04032258064516129 0.010080645161290322
3 0.3639112903225806 0.22782258064516128 0.03024193548387097 0.010080645161290322
3 0.3538306451612903 0.3004032258064516 0.010080645161290322 0.14516129032258066
3 0.34274193548387094 0.38306451612903225 0.03024193548387097 0.010080645161290322
3 0.4153225806451613 0.4657258064516129 0.010080645161290322 0.08266129032258064
3 0.3951612903225806 0.5060483870967742 0.03024193548387097 0.010080645161290322
3 0.3538306451612903 0.5060483870967742 0.010080645161290322 0.08266129032258064
3 0.34274193548387094 0.4344758064516129 0.03024193548387097 0.010080645161290322
3 0.4879032258064516 0.5786290322580645 0.14516129032258066 0.010080645161290322
3 0.3538306451612903 0.6300403225806451 0.010080645161290322 0.1028225806451613
3 0.34274193548387094 0.6824596774193549 0.03024193548387097 0.010080645161290322
3 0.6118951612903226 0.6925403225806451 0.03024193548387097 0.010080645161290322
3 0.6008064516129032 0.7439516129032258 0.010080645161290322 0.1028225806451613
3 0.5806451612903226 0.7953629032258065 0.04032258064516129 0.010080645161290322
3 0.5080645161290323 0.7953629032258065 0.020161290322580645 0.010080645161290322
3 0.4566532258064516 0.7953629032258065 0.020161290322580645 0.010080645161290322
3 0.3951612903225806 0.7953629032258065 0.0625 0.010080645161290322
3 0.3639112903225806 0.7439516129032258 0.010080645161290322 0.1028225806451613
3 0.3225806451612903 0.5372983870967742 0.010080645161290322 0.2056451612903226
3 0.18850806451612903 0.14516129032258066 0.020161290322580645 0.010080645161290322
3 0.17842741935483872 0.21774193548387097 0.010080645161290322 0.14516129032258066
3 0.15725806451612903 0.28931451612903225 0.03024193548387097 0.010080645161290322
3 0.18850806451612903 0.28931451612903225 0.04032258064516129 0.010080645161290322
3 0.18850806451612903 0.4344758064516129 0.020161290322580645 0.010080645161290322
3 0.17842741935483872 0.36189516129032256 0.010080645161290322 0.14516129032258066
6 0.8901209677419355 0.3719758064516129 0.11290322580645161 0.5685483870967742
6 0.4465725806451613 0.4959677419354839 0.7217741935483871 0.969758064516129
6 0.4879032258064516 0.4657258064516129 0.41330645161290325 0.8770161290322581