0 0.8079268292682927 0.10873983739837398 0.08333333333333333 0.052845528455284556
0 0.5894308943089431 0.10873983739837398 0.08333333333333333 0.052845528455284556
0 0.41260162601626016 0.10873983739837398 0.08333333333333333 0.052845528455284556
2 0.9126016260162602 0.358739837398374 0.06300813008130081 0.04065040650406504
2 0.4024390243902439 0.45223577235772355 0.08333333333333333 0.052845528455284556
2 0.1839430894308943 0.46239837398373984 0.08333333333333333 0.052845528455284556
2 0.1839430894308943 0.5142276422764228 0.08333333333333333 0.052845528455284556
2 0.1839430894308943 0.5772357723577236 0.08333333333333333 0.052845528455284556
2 0.8394308943089431 0.5142276422764228 0.08333333333333333 0.052845528455284556
2 0.5691056910569106 0.5142276422764228 0.08333333333333333 0.052845528455284556
2 0.9126016260162602 0.6077235772357723 0.08333333333333333 0.052845528455284556
2 0.7560975609756098 0.6077235772357723 0.08333333333333333 0.052845528455284556
2 0.5894308943089431 0.6077235772357723 0.08333333333333333 0.052845528455284556
2 0.44410569105691056 0.6189024390243902 0.09349593495934959 0.06300813008130081
2 0.5995934959349594 0.6808943089430894 0.08333333333333333 0.052845528455284556
4 0.8079268292682927 0.358739837398374 0.08333333333333333 0.052845528455284556
4 0.28760162601626016 0.358739837398374 0.08333333333333333 0.052845528455284556
4 0.29776422764227645 0.6808943089430894 0.08333333333333333 0.052845528455284556
4 0.6941056910569106 0.8790650406504065 0.08333333333333333 0.052845528455284556
1 0.7144308943089431 0.43089430894308944 0.08333333333333333 0.052845528455284556
5 0.8079268292682927 0.23373983739837398 0.08333333333333333 0.052845528455284556
5 0.8079268292682927 0.2855691056910569 0.08333333333333333 0.052845528455284556
5 0.5376016260162602 0.2540650406504065 0.09349593495934959 0.06300813008130081
5 0.8394308943089431 0.7845528455284553 0.08333333333333333 0.052845528455284556
5 0.6941056910569106 0.7845528455284553 0.08333333333333333 0.052845528455284556
5 0.5477642276422764 0.7845528455284553 0.08333333333333333 0.052845528455284556
3 0.8079268292682927 0.17073170731707318 0.01016260162601626 0.06300813008130081
3 0.8079268292682927 0.32723577235772355 0.01016260162601626 0.03048780487804878
3 0.8597560975609756 0.358739837398374 0.04065040650406504 0.01016260162601626
3 0.8079268292682927 0.38922764227642276 0.01016260162601626 0.02032520325203252
3 0.766260162601626 0.40040650406504064 0.09349593495934959 0.01016260162601626
3 0.7144308943089431 0.4105691056910569 0.01016260162601626 0.02032520325203252
3 0.5376016260162602 0.18191056910569106 0.01016260162601626 0.052845528455284556
3 0.5376016260162602 0.29573170731707316 0.01016260162601626 0.03048780487804878
3 0.41260162601626016 0.30589430894308944 0.25 0.01016260162601626
3 0.4024390243902439 0.36890243902439024 0.01016260162601626 0.11382113821138211
3 0.28760162601626016 0.33739837398373984 0.01016260162601626 0.03048780487804878
3 0.7144308943089431 0.46239837398373984 0.01016260162601626 0.02032520325203252
3 0.7764227642276422 0.4725609756097561 0.12398373983739837 0.01016260162601626
3 0.641260162601626 0.4725609756097561 0.14634146341463414 0.01016260162601626
3 0.8394308943089431 0.49390243902439024 0.01016260162601626 0.03048780487804878
3 0.5691056910569106 0.49390243902439024 0.01016260162601626 0.03048780487804878
3 0.8394308943089431 0.5457317073170732 0.01016260162601626 0.02032520325203252
3 0.8810975609756098 0.5558943089430894 0.08333333333333333 0.01016260162601626
3 0.7977642276422764 0.5558943089430894 0.08333333333333333 0.01016260162601626
3 0.9126016260162602 0.5772357723577236 0.01016260162601626 0.03048780487804878
3 0.7560975609756098 0.5772357723577236 0.01016260162601626 0.03048780487804878
3 0.5691056910569106 0.5558943089430894 0.01016260162601626 0.04065040650406504
3 0.7560975609756098 0.6392276422764228 0.01016260162601626 0.03048780487804878
3 0.6829268292682927 0.649390243902439 0.14634146341463414 0.01016260162601626
3 0.5995934959349594 0.6605691056910569 0.01016260162601626 0.03048780487804878
3 0.516260162601626 0.5873983739837398 0.08333333333333333 0.01016260162601626
3 0.47560975609756095 0.6077235772357723 0.01016260162601626 0.03048780487804878
3 0.47560975609756095 0.649390243902439 0.08333333333333333 0.01016260162601626
3 0.5477642276422764 0.6605691056910569 0.01016260162601626 0.03048780487804878
3 0.4024390243902439 0.5142276422764228 0.01016260162601626 0.14634146341463414
3 0.35060975609756095 0.649390243902439 0.10365853658536585 0.01016260162601626
3 0.29776422764227645 0.6605691056910569 0.01016260162601626 0.03048780487804878
3 0.28760162601626016 0.38922764227642276 0.01016260162601626 0.03048780487804878
3 0.23577235772357724 0.40040650406504064 0.10365853658536585 0.01016260162601626
3 0.1839430894308943 0.42073170731707316 0.01016260162601626 0.04065040650406504
3 0.1839430894308943 0.49390243902439024 0.01016260162601626 0.02032520325203252
3 0.1839430894308943 0.5457317073170732 0.01016260162601626 0.02032520325203252
3 0.1839430894308943 0.6077235772357723 0.01016260162601626 0.06300813008130081
3 0.23577235772357724 0.6392276422764228 0.10365853658536585 0.01016260162601626
3 0.44410569105691056 0.6808943089430894 0.2073170731707317 0.01016260162601626
3 0.8394308943089431 0.8160569105691057 0.01016260162601626 0.02032520325203252
3 0.766260162601626 0.8262195121951219 0.14634146341463414 0.01016260162601626
3 0.6941056910569106 0.8475609756097561 0.01016260162601626 0.03048780487804878
3 0.6941056910569106 0.8160569105691057 0.01016260162601626 0.04065040650406504
3 0.5477642276422764 0.8160569105691057 0.01016260162601626 0.02032520325203252
3 0.6209349593495935 0.8262195121951219 0.14634146341463414 0.01016260162601626
6 0.6107723577235772 0.10873983739837398 0.573170731707317 0.11382113821138211
6 0.4878048780487805 0.5548780487804879 0.975609756097561 0.7276422764227642
6 0.516260162601626 0.5142276422764228 0.8841463414634146 0.4166666666666667