0 0.19783464566929135 0.1171259842519685 0.08070866141732283 0.051181102362204724
0 0.4094488188976378 0.1171259842519685 0.08070866141732283 0.051181102362204724
0 0.5807086614173228 0.1171259842519685 0.08070866141732283 0.051181102362204724
2 0.09645669291338582 0.359251968503937 0.0610236220472441 0.03937007874015748
2 0.5905511811023622 0.4498031496062992 0.08070866141732283 0.051181102362204724
2 0.8021653543307087 0.4596456692913386 0.08070866141732283 0.051181102362204724
2 0.8021653543307087 0.5098425196850394 0.08070866141732283 0.051181102362204724
2 0.8021653543307087 0.5708661417322834 0.08070866141732283 0.051181102362204724
2 0.1673228346456693 0.5098425196850394 0.08070866141732283 0.051181102362204724
2 0.42913385826771655 0.5098425196850394 0.08070866141732283 0.051181102362204724
2 0.09645669291338582 0.6003937007874016 0.08070866141732283 0.051181102362204724
2 0.24803149606299213 0.6003937007874016 0.08070866141732283 0.051181102362204724
2 0.4094488188976378 0.6003937007874016 0.08070866141732283 0.051181102362204724
2 0.5501968503937008 0.6112204724409449 0.09055118110236221 0.0610236220472441
2 0.39960629921259844 0.6712598425196851 0.08070866141732283 0.051181102362204724
4 0.19783464566929135 0.359251968503937 0.08070866141732283 0.051181102362204724
4 0.7017716535433071 0.359251968503937 0.08070866141732283 0.051181102362204724
4 0.6919291338582677 0.6712598425196851 0.08070866141732283 0.051181102362204724
4 0.3080708661417323 0.8631889763779528 0.08070866141732283 0.051181102362204724
1 0.28838582677165353 0.42913385826771655 0.08070866141732283 0.051181102362204724
5 0.19783464566929135 0.23818897637795275 0.08070866141732283 0.051181102362204724
5 0.19783464566929135 0.28838582677165353 0.08070866141732283 0.051181102362204724
5 0.4596456692913386 0.2578740157480315 0.09055118110236221 0.0610236220472441
5 0.1673228346456693 0.7716535433070866 0.08070866141732283 0.051181102362204724
5 0.3080708661417323 0.7716535433070866 0.08070866141732283 0.051181102362204724
5 0.4498031496062992 0.7716535433070866 0.08070866141732283 0.051181102362204724
3 0.19783464566929135 0.17716535433070865 0.00984251968503937 0.0610236220472441
3 0.19783464566929135 0.328740157480315 0.00984251968503937 0.02952755905511811
3 0.14763779527559054 0.359251968503937 0.03937007874015748 0.00984251968503937
3 0.19783464566929135 0.3887795275590551 0.00984251968503937 0.01968503937007874
3 0.23818897637795275 0.39960629921259844 0.09055118110236221 0.00984251968503937
3 0.28838582677165353 0.4094488188976378 0.00984251968503937 0.01968503937007874
3 0.4596456692913386 0.18799212598425197 0.00984251968503937 0.051181102362204724
3 0.4596456692913386 0.29822834645669294 0.00984251968503937 0.02952755905511811
3 0.5807086614173228 0.3080708661417323 0.2421259842519685 0.00984251968503937
3 0.5905511811023622 0.3690944881889764 0.00984251968503937 0.11023622047244094
3 0.7017716535433071 0.33858267716535434 0.00984251968503937 0.02952755905511811
3 0.28838582677165353 0.4596456692913386 0.00984251968503937 0.01968503937007874
3 0.2283464566929134 0.46948818897637795 0.12007874015748031 0.00984251968503937
3 0.359251968503937 0.46948818897637795 0.14173228346456693 0.00984251968503937
3 0.1673228346456693 0.49015748031496065 0.00984251968503937 0.02952755905511811
3 0.42913385826771655 0.49015748031496065 0.00984251968503937 0.02952755905511811
3 0.1673228346456693 0.5403543307086615 0.00984251968503937 0.01968503937007874
3 0.12696850393700787 0.5501968503937008 0.08070866141732283 0.00984251968503937
3 0.2076771653543307 0.5501968503937008 0.08070866141732283 0.00984251968503937
3 0.09645669291338582 0.5708661417322834 0.00984251968503937 0.02952755905511811
3 0.24803149606299213 0.5708661417322834 0.00984251968503937 0.02952755905511811
3 0.42913385826771655 0.5501968503937008 0.00984251968503937 0.03937007874015748
3 0.24803149606299213 0.6309055118110236 0.00984251968503937 0.02952755905511811
3 0.3188976377952756 0.640748031496063 0.14173228346456693 0.00984251968503937
3 0.39960629921259844 0.6515748031496063 0.00984251968503937 0.02952755905511811
3 0.48031496062992124 0.5807086614173228 0.08070866141732283 0.00984251968503937
3 0.5196850393700787 0.6003937007874016 0.00984251968503937 0.02952755905511811
3 0.5196850393700787 0.640748031496063 0.08070866141732283 0.00984251968503937
3 0.4498031496062992 0.6515748031496063 0.00984251968503937 0.02952755905511811
3 0.5905511811023622 0.5098425196850394 0.00984251968503937 0.14173228346456693
3 0.640748031496063 0.640748031496063 0.10039370078740158 0.00984251968503937
3 0.6919291338582677 0.6515748031496063 0.00984251968503937 0.02952755905511811
3 0.7017716535433071 0.3887795275590551 0.00984251968503937 0.02952755905511811
3 0.7519685039370079 0.39960629921259844 0.10039370078740158 0.00984251968503937
3 0.8021653543307087 0.41929133858267714 0.00984251968503937 0.03937007874015748
3 0.8021653543307087 0.49015748031496065 0.00984251968503937 0.01968503937007874
3 0.8021653543307087 0.5403543307086615 0.00984251968503937 0.01968503937007874
3 0.8021653543307087 0.6003937007874016 0.00984251968503937 0.0610236220472441
3 0.7519685039370079 0.6309055118110236 0.10039370078740158 0.00984251968503937
3 0.5501968503937008 0.6712598425196851 0.20078740157480315 0.00984251968503937
3 0.1673228346456693 0.8021653543307087 0.00984251968503937 0.01968503937007874
3 0.23818897637795275 0.812007874015748 0.14173228346456693 0.00984251968503937
3 0.3080708661417323 0.8326771653543307 0.00984251968503937 0.02952755905511811
3 0.3080708661417323 0.8021653543307087 0.00984251968503937 0.03937007874015748
3 0.4498031496062992 0.8021653543307087 0.00984251968503937 0.01968503937007874
3 0.37893700787401574 0.812007874015748 0.14173228346456693 0.00984251968503937
6 0.3887795275590551 0.1171259842519685 0.5551181102362205 0.11023622047244094
6 0.5098425196850394 0.5501968503937008 0.9468503937007874 0.7047244094488189
6 0.48031496062992124 0.5098425196850394 0.8562992125984252 0.4035433070866142