0 0.8654661016949152 0.9396186440677966 0.08686440677966102 0.05508474576271186
0 0.6377118644067796 0.9396186440677966 0.08686440677966102 0.05508474576271186
0 0.4533898305084746 0.9396186440677966 0.08686440677966102 0.05508474576271186
2 0.9713983050847458 0.6800847457627118 0.057203389830508475 0.0423728813559322
2 0.4427966101694915 0.5815677966101694 0.08686440677966102 0.05508474576271186
2 0.21504237288135594 0.5709745762711864 0.08686440677966102 0.05508474576271186
2 0.21504237288135594 0.5169491525423728 0.08686440677966102 0.05508474576271186
2 0.21504237288135594 0.451271186440678 0.08686440677966102 0.05508474576271186
2 0.8983050847457628 0.5169491525423728 0.08686440677966102 0.05508474576271186
2 0.6165254237288136 0.5169491525423728 0.08686440677966102 0.05508474576271186
2 0.9661016949152542 0.4194915254237288 0.06779661016949153 0.05508474576271186
2 0.8114406779661016 0.4194915254237288 0.08686440677966102 0.05508474576271186
2 0.6377118644067796 0.4194915254237288 0.08686440677966102 0.05508474576271186
2 0.486228813559322 0.4078389830508475 0.09745762711864407 0.06567796610169492
2 0.6483050847457628 0.3432203389830508 0.08686440677966102 0.05508474576271186
4 0.8654661016949152 0.6790254237288136 0.08686440677966102 0.05508474576271186
4 0.3230932203389831 0.6790254237288136 0.08686440677966102 0.05508474576271186
4 0.3336864406779661 0.3432203389830508 0.08686440677966102 0.05508474576271186
4 0.746822033898305 0.13665254237288135 0.08686440677966102 0.05508474576271186
1 0.7680084745762712 0.6038135593220338 0.08686440677966102 0.05508474576271186
5 0.8654661016949152 0.809322033898305 0.08686440677966102 0.05508474576271186
5 0.8654661016949152 0.7552966101694916 0.08686440677966102 0.05508474576271186
5 0.5836864406779662 0.788135593220339 0.09745762711864407 0.06567796610169492
5 0.8983050847457628 0.23516949152542374 0.08686440677966102 0.05508474576271186
5 0.746822033898305 0.23516949152542374 0.08686440677966102 0.05508474576271186
5 0.5942796610169492 0.23516949152542374 0.08686440677966102 0.05508474576271186
3 0.8654661016949152 0.875 0.01059322033898305 0.06567796610169492
3 0.8654661016949152 0.711864406779661 0.01059322033898305 0.03177966101694915
3 0.9194915254237288 0.6790254237288136 0.0423728813559322 0.01059322033898305
3 0.8654661016949152 0.6472457627118644 0.01059322033898305 0.0211864406779661
3 0.8220338983050848 0.635593220338983 0.09745762711864407 0.01059322033898305
3 0.7680084745762712 0.625 0.01059322033898305 0.0211864406779661
3 0.5836864406779662 0.8633474576271186 0.01059322033898305 0.05508474576271186
3 0.5836864406779662 0.7447033898305084 0.01059322033898305 0.03177966101694915
3 0.4533898305084746 0.7341101694915254 0.2605932203389831 0.01059322033898305
3 0.4427966101694915 0.6684322033898306 0.01059322033898305 0.11864406779661017
3 0.3230932203389831 0.701271186440678 0.01059322033898305 0.03177966101694915
3 0.7680084745762712 0.5709745762711864 0.01059322033898305 0.0211864406779661
3 0.8326271186440678 0.5603813559322034 0.1292372881355932 0.01059322033898305
3 0.6917372881355932 0.5603813559322034 0.15254237288135594 0.01059322033898305
3 0.8983050847457628 0.538135593220339 0.01059322033898305 0.03177966101694915
3 0.6165254237288136 0.538135593220339 0.01059322033898305 0.03177966101694915
3 0.8983050847457628 0.4841101694915254 0.01059322033898305 0.0211864406779661
3 0.9417372881355932 0.4735169491525424 0.08686440677966102 0.01059322033898305
3 0.8548728813559322 0.4735169491525424 0.08686440677966102 0.01059322033898305
3 0.9745762711864406 0.451271186440678 0.01059322033898305 0.03177966101694915
3 0.8114406779661016 0.451271186440678 0.01059322033898305 0.03177966101694915
3 0.6165254237288136 0.4735169491525424 0.01059322033898305 0.0423728813559322
3 0.8114406779661016 0.3866525423728814 0.01059322033898305 0.03177966101694915
3 0.7351694915254238 0.3760593220338983 0.15254237288135594 0.01059322033898305
3 0.6483050847457628 0.3644067796610169 0.01059322033898305 0.03177966101694915
3 0.5614406779661016 0.4406779661016949 0.08686440677966102 0.01059322033898305
3 0.5190677966101694 0.4194915254237288 0.01059322033898305 0.03177966101694915
3 0.5190677966101694 0.3760593220338983 0.08686440677966102 0.01059322033898305
3 0.5942796610169492 0.3644067796610169 0.01059322033898305 0.03177966101694915
3 0.4427966101694915 0.5169491525423728 0.01059322033898305 0.15254237288135594
3 0.388771186440678 0.3760593220338983 0.10805084745762712 0.01059322033898305
3 0.3336864406779661 0.3644067796610169 0.01059322033898305 0.03177966101694915
3 0.3230932203389831 0.6472457627118644 0.01059322033898305 0.03177966101694915
3 0.2690677966101695 0.635593220338983 0.10805084745762712 0.01059322033898305
3 0.21504237288135594 0.614406779661017 0.01059322033898305 0.0423728813559322
3 0.21504237288135594 0.538135593220339 0.01059322033898305 0.0211864406779661
3 0.21504237288135594 0.4841101694915254 0.01059322033898305 0.0211864406779661
3 0.21504237288135594 0.4194915254237288 0.01059322033898305 0.06567796610169492
3 0.2690677966101695 0.3866525423728814 0.10805084745762712 0.01059322033898305
3 0.486228813559322 0.3432203389830508 0.21610169491525424 0.01059322033898305
3 0.8983050847457628 0.20233050847457626 0.01059322033898305 0.0211864406779661
3 0.8220338983050848 0.1917372881355932 0.15254237288135594 0.01059322033898305
3 0.746822033898305 0.1694915254237288 0.01059322033898305 0.03177966101694915
3 0.746822033898305 0.20233050847457626 0.01059322033898305 0.0423728813559322
3 0.5942796610169492 0.20233050847457626 0.01059322033898305 0.0211864406779661
3 0.6705508474576272 0.1917372881355932 0.15254237288135594 0.01059322033898305
6 0.659957627118644 0.9396186440677966 0.597457627118644 0.11864406779661017
6 0.510593220338983 0.4745762711864407 0.9788135593220338 0.7584745762711864
6 0.5508474576271186 0.5180084745762712 0.8983050847457628 0.4343220338983051