0 0.17121848739495799 0.8939075630252101 0.0861344537815126 0.0546218487394958
0 0.39705882352941174 0.8939075630252101 0.0861344537815126 0.0546218487394958
0 0.5798319327731093 0.8939075630252101 0.0861344537815126 0.0546218487394958
2 0.06302521008403361 0.6355042016806722 0.06512605042016807 0.04201680672268908
2 0.5903361344537815 0.5388655462184874 0.0861344537815126 0.0546218487394958
2 0.8161764705882353 0.5283613445378151 0.0861344537815126 0.0546218487394958
2 0.8161764705882353 0.47478991596638653 0.0861344537815126 0.0546218487394958
2 0.8161764705882353 0.4096638655462185 0.0861344537815126 0.0546218487394958
2 0.13865546218487396 0.47478991596638653 0.0861344537815126 0.0546218487394958
2 0.4180672268907563 0.47478991596638653 0.0861344537815126 0.0546218487394958
2 0.06302521008403361 0.37815126050420167 0.0861344537815126 0.0546218487394958
2 0.22478991596638656 0.37815126050420167 0.0861344537815126 0.0546218487394958
2 0.39705882352941174 0.37815126050420167 0.0861344537815126 0.0546218487394958
2 0.5472689075630253 0.36659663865546216 0.09663865546218488 0.06512605042016807
2 0.3865546218487395 0.3025210084033613 0.0861344537815126 0.0546218487394958
4 0.17121848739495799 0.6355042016806722 0.0861344537815126 0.0546218487394958
4 0.7090336134453782 0.6355042016806722 0.0861344537815126 0.0546218487394958
4 0.6985294117647058 0.3025210084033613 0.0861344537815126 0.0546218487394958
4 0.28886554621848737 0.0976890756302521 0.0861344537815126 0.0546218487394958
1 0.26785714285714285 0.5609243697478992 0.0861344537815126 0.0546218487394958
5 0.17121848739495799 0.7647058823529411 0.0861344537815126 0.0546218487394958
5 0.17121848739495799 0.7111344537815126 0.0861344537815126 0.0546218487394958
5 0.45063025210084034 0.7436974789915967 0.09663865546218488 0.06512605042016807
5 0.13865546218487396 0.1953781512605042 0.0861344537815126 0.0546218487394958
5 0.28886554621848737 0.1953781512605042 0.0861344537815126 0.0546218487394958
5 0.44012605042016806 0.1953781512605042 0.0861344537815126 0.0546218487394958
3 0.17121848739495799 0.8298319327731093 0.01050420168067227 0.06512605042016807
3 0.17121848739495799 0.6680672268907563 0.01050420168067227 0.031512605042016806
3 0.11764705882352941 0.6355042016806722 0.04201680672268908 0.01050420168067227
3 0.17121848739495799 0.6039915966386554 0.01050420168067227 0.02100840336134454
3 0.21428571428571427 0.592436974789916 0.09663865546218488 0.01050420168067227
3 0.26785714285714285 0.5819327731092437 0.01050420168067227 0.02100840336134454
3 0.45063025210084034 0.8182773109243697 0.01050420168067227 0.0546218487394958
3 0.45063025210084034 0.7006302521008403 0.01050420168067227 0.031512605042016806
3 0.5798319327731093 0.6901260504201681 0.25840336134453784 0.01050420168067227
3 0.5903361344537815 0.625 0.01050420168067227 0.11764705882352941
3 0.7090336134453782 0.657563025210084 0.01050420168067227 0.031512605042016806
3 0.26785714285714285 0.5283613445378151 0.01050420168067227 0.02100840336134454
3 0.20378151260504201 0.5178571428571429 0.12815126050420167 0.01050420168067227
3 0.3434873949579832 0.5178571428571429 0.15126050420168066 0.01050420168067227
3 0.13865546218487396 0.4957983193277311 0.01050420168067227 0.031512605042016806
3 0.4180672268907563 0.4957983193277311 0.01050420168067227 0.031512605042016806
3 0.13865546218487396 0.4422268907563025 0.01050420168067227 0.02100840336134454
3 0.09558823529411764 0.4317226890756303 0.0861344537815126 0.01050420168067227
3 0.18172268907563024 0.4317226890756303 0.0861344537815126 0.01050420168067227
3 0.06302521008403361 0.4096638655462185 0.01050420168067227 0.031512605042016806
3 0.22478991596638656 0.4096638655462185 0.01050420168067227 0.031512605042016806
3 0.4180672268907563 0.4317226890756303 0.01050420168067227 0.04201680672268908
3 0.22478991596638656 0.34558823529411764 0.01050420168067227 0.031512605042016806
3 0.3004201680672269 0.33508403361344535 0.15126050420168066 0.01050420168067227
3 0.3865546218487395 0.3235294117647059 0.01050420168067227 0.031512605042016806
3 0.4726890756302521 0.39915966386554624 0.0861344537815126 0.01050420168067227
3 0.5147058823529411 0.37815126050420167 0.01050420168067227 0.031512605042016806
3 0.5147058823529411 0.33508403361344535 0.0861344537815126 0.01050420168067227
3 0.44012605042016806 0.3235294117647059 0.01050420168067227 0.031512605042016806
3 0.5903361344537815 0.47478991596638653 0.01050420168067227 0.15126050420168066
3 0.6439075630252101 0.33508403361344535 0.10714285714285714 0.01050420168067227
3 0.6985294117647058 0.3235294117647059 0.01050420168067227 0.031512605042016806
3 0.7090336134453782 0.6039915966386554 0.01050420168067227 0.031512605042016806
3 0.7626050420168067 0.592436974789916 0.10714285714285714 0.01050420168067227
3 0.8161764705882353 0.5714285714285714 0.01050420168067227 0.04201680672268908
3 0.8161764705882353 0.4957983193277311 0.01050420168067227 0.02100840336134454
3 0.8161764705882353 0.4422268907563025 0.01050420168067227 0.02100840336134454
3 0.8161764705882353 0.37815126050420167 0.01050420168067227 0.06512605042016807
3 0.7626050420168067 0.34558823529411764 0.10714285714285714 0.01050420168067227
3 0.5472689075630253 0.3025210084033613 0.21428571428571427 0.01050420168067227
3 0.13865546218487396 0.16281512605042017 0.01050420168067227 0.02100840336134454
3 0.21428571428571427 0.15231092436974789 0.15126050420168066 0.01050420168067227
3 0.28886554621848737 0.13025210084033614 0.01050420168067227 0.031512605042016806
3 0.28886554621848737 0.16281512605042017 0.01050420168067227 0.04201680672268908
3 0.44012605042016806 0.16281512605042017 0.01050420168067227 0.02100840336134454
3 0.3644957983193277 0.15231092436974789 0.15126050420168066 0.01050420168067227
6 0.375 0.8939075630252101 0.592436974789916 0.11764705882352941
6 0.5 0.4327731092436975 1 0.7521008403361344
6 0.4726890756302521 0.47478991596638653 0.9138655462184874 0.43067226890756305