0 0.7947916666666667 0.8989583333333333 0.08541666666666667 0.05416666666666667
0 0.5708333333333333 0.8989583333333333 0.08541666666666667 0.05416666666666667
0 0.38958333333333334 0.8989583333333333 0.08541666666666667 0.05416666666666667
2 0.9020833333333333 0.6427083333333333 0.06458333333333334 0.041666666666666664
2 0.37916666666666665 0.546875 0.08541666666666667 0.05416666666666667
2 0.15520833333333334 0.5364583333333334 0.08541666666666667 0.05416666666666667
2 0.15520833333333334 0.48333333333333334 0.08541666666666667 0.05416666666666667
2 0.15520833333333334 0.41875 0.08541666666666667 0.05416666666666667
2 0.8270833333333333 0.48333333333333334 0.08541666666666667 0.05416666666666667
2 0.55 0.48333333333333334 0.08541666666666667 0.05416666666666667
2 0.9020833333333333 0.3875 0.08541666666666667 0.05416666666666667
2 0.7416666666666667 0.3875 0.08541666666666667 0.05416666666666667
2 0.5708333333333333 0.3875 0.08541666666666667 0.05416666666666667
2 0.421875 0.37604166666666666 0.09583333333333334 0.06458333333333334
2 0.58125 0.3125 0.08541666666666667 0.05416666666666667
4 0.7947916666666667 0.6427083333333333 0.08541666666666667 0.05416666666666667
4 0.26145833333333335 0.6427083333333333 0.08541666666666667 0.05416666666666667
4 0.271875 0.3125 0.08541666666666667 0.05416666666666667
4 0.678125 0.109375 0.08541666666666667 0.05416666666666667
1 0.6989583333333333 0.56875 0.08541666666666667 0.05416666666666667
5 0.7947916666666667 0.7708333333333334 0.08541666666666667 0.05416666666666667
5 0.7947916666666667 0.7177083333333333 0.08541666666666667 0.05416666666666667
5 0.5177083333333333 0.75 0.09583333333333334 0.06458333333333334
5 0.8270833333333333 0.20625 0.08541666666666667 0.05416666666666667
5 0.678125 0.20625 0.08541666666666667 0.05416666666666667
5 0.528125 0.20625 0.08541666666666667 0.05416666666666667
3 0.7947916666666667 0.8354166666666667 0.010416666666666666 0.06458333333333334
3 0.7947916666666667 0.675 0.010416666666666666 0.03125
3 0.8479166666666667 0.6427083333333333 0.041666666666666664 0.010416666666666666
3 0.7947916666666667 0.6114583333333333 0.010416666666666666 0.020833333333333332
3 0.7520833333333333 0.6 0.09583333333333334 0.010416666666666666
3 0.6989583333333333 0.5895833333333333 0.010416666666666666 0.020833333333333332
3 0.5177083333333333 0.8239583333333333 0.010416666666666666 0.05416666666666667
3 0.5177083333333333 0.7072916666666667 0.010416666666666666 0.03125
3 0.38958333333333334 0.696875 0.25625 0.010416666666666666
3 0.37916666666666665 0.6322916666666667 0.010416666666666666 0.11666666666666667
3 0.26145833333333335 0.6645833333333333 0.010416666666666666 0.03125
3 0.6989583333333333 0.5364583333333334 0.010416666666666666 0.020833333333333332
3 0.7625 0.5260416666666666 0.12708333333333333 0.010416666666666666
3 0.6239583333333333 0.5260416666666666 0.15 0.010416666666666666
3 0.8270833333333333 0.5041666666666667 0.010416666666666666 0.03125
3 0.55 0.5041666666666667 0.010416666666666666 0.03125
3 0.8270833333333333 0.4510416666666667 0.010416666666666666 0.020833333333333332
3 0.8697916666666666 0.440625 0.08541666666666667 0.010416666666666666
3 0.784375 0.440625 0.08541666666666667 0.010416666666666666
3 0.9020833333333333 0.41875 0.010416666666666666 0.03125
3 0.7416666666666667 0.41875 0.010416666666666666 0.03125
3 0.55 0.440625 0.010416666666666666 0.041666666666666664
3 0.7416666666666667 0.35520833333333335 0.010416666666666666 0.03125
3 0.6666666666666666 0.34479166666666666 0.15 0.010416666666666666
3 0.58125 0.3333333333333333 0.010416666666666666 0.03125
3 0.49583333333333335 0.4083333333333333 0.08541666666666667 0.010416666666666666
3 0.45416666666666666 0.3875 0.010416666666666666 0.03125
3 0.45416666666666666 0.34479166666666666 0.08541666666666667 0.010416666666666666
3 0.528125 0.3333333333333333 0.010416666666666666 0.03125
3 0.37916666666666665 0.48333333333333334 0.010416666666666666 0.15
3 0.3260416666666667 0.34479166666666666 0.10625 0.010416666666666666
3 0.271875 0.3333333333333333 0.010416666666666666 0.03125
3 0.26145833333333335 0.6114583333333333 0.010416666666666666 0.03125
3 0.20833333333333334 0.6 0.10625 0.010416666666666666
3 0.15520833333333334 0.5791666666666667 0.010416666666666666 0.041666666666666664
3 0.15520833333333334 0.5041666666666667 0.010416666666666666 0.020833333333333332
3 0.15520833333333334 0.4510416666666667 0.010416666666666666 0.020833333333333332
3 0.15520833333333334 0.3875 0.010416666666666666 0.06458333333333334
3 0.20833333333333334 0.35520833333333335 0.10625 0.010416666666666666
3 0.421875 0.3125 0.2125 0.010416666666666666
3 0.8270833333333333 0.17395833333333333 0.010416666666666666 0.020833333333333332
3 0.7520833333333333 0.16354166666666667 0.15 0.010416666666666666
3 0.678125 0.14166666666666666 0.010416666666666666 0.03125
3 0.678125 0.17395833333333333 0.010416666666666666 0.041666666666666664
3 0.528125 0.17395833333333333 0.010416666666666666 0.020833333333333332
3 0.603125 0.16354166666666667 0.15 0.010416666666666666
6 0.5927083333333333 0.8989583333333333 0.5875 0.11666666666666667
6 0.48333333333333334 0.44166666666666665 0.9666666666666667 0.7458333333333333
6 0.49583333333333335 0.48333333333333334 0.90625 0.4270833333333333