0 0.1201171875 0.2001953125 0.05078125 0.080078125
0 0.1201171875 0.41015625 0.05078125 0.080078125
0 0.1201171875 0.580078125 0.05078125 0.080078125
2 0.3603515625 0.099609375 0.0390625 0.060546875
2 0.4501953125 0.58984375 0.05078125 0.080078125
2 0.4599609375 0.7998046875 0.05078125 0.080078125
2 0.509765625 0.7998046875 0.05078125 0.080078125
2 0.5703125 0.7998046875 0.05078125 0.080078125
2 0.509765625 0.169921875 0.05078125 0.080078125
2 0.509765625 0.4296875 0.05078125 0.080078125
2 0.599609375 0.099609375 0.05078125 0.080078125
2 0.599609375 0.25 0.05078125 0.080078125
2 0.599609375 0.41015625 0.05078125 0.080078125
2 0.6103515625 0.5498046875 0.060546875 0.08984375
2 0.669921875 0.400390625 0.05078125 0.080078125
4 0.3603515625 0.2001953125 0.05078125 0.080078125
4 0.3603515625 0.7001953125 0.05078125 0.080078125
4 0.669921875 0.6904296875 0.05078125 0.080078125
4 0.8603515625 0.3095703125 0.05078125 0.080078125
1 0.4296875 0.2900390625 0.05078125 0.080078125
5 0.240234375 0.2001953125 0.05078125 0.080078125
5 0.2900390625 0.2001953125 0.05078125 0.080078125
5 0.259765625 0.4599609375 0.060546875 0.08984375
5 0.76953125 0.169921875 0.05078125 0.080078125
5 0.76953125 0.3095703125 0.05078125 0.080078125
5 0.76953125 0.4501953125 0.05078125 0.080078125
3 0.1796875 0.2001953125 0.060546875 0.009765625
3 0.330078125 0.2001953125 0.029296875 0.009765625
3 0.3603515625 0.150390625 0.009765625 0.0390625
3 0.3896484375 0.2001953125 0.01953125 0.009765625
3 0.400390625 0.240234375 0.009765625 0.08984375
3 0.41015625 0.2900390625 0.01953125 0.009765625
3 0.1904296875 0.4599609375 0.05078125 0.009765625
3 0.2998046875 0.4599609375 0.029296875 0.009765625
3 0.3095703125 0.580078125 0.009765625 0.240234375
3 0.3701171875 0.58984375 0.109375 0.009765625
3 0.33984375 0.7001953125 0.029296875 0.009765625
3 0.4599609375 0.2900390625 0.01953125 0.009765625
3 0.4697265625 0.23046875 0.009765625 0.119140625
3 0.4697265625 0.3603515625 0.009765625 0.140625
3 0.490234375 0.169921875 0.029296875 0.009765625
3 0.490234375 0.4296875 0.029296875 0.009765625
3 0.5400390625 0.169921875 0.01953125 0.009765625
3 0.5498046875 0.1298828125 0.009765625 0.080078125
3 0.5498046875 0.2099609375 0.009765625 0.080078125
3 0.5703125 0.099609375 0.029296875 0.009765625
3 0.5703125 0.25 0.029296875 0.009765625
3 0.5498046875 0.4296875 0.0390625 0.009765625
3 0.6298828125 0.25 0.029296875 0.009765625
3 0.6396484375 0.3203125 0.009765625 0.140625
3 0.650390625 0.400390625 0.029296875 0.009765625
3 0.580078125 0.48046875 0.009765625 0.080078125
3 0.599609375 0.51953125 0.029296875 0.009765625
3 0.6396484375 0.51953125 0.009765625 0.080078125
3 0.650390625 0.4501953125 0.029296875 0.009765625
3 0.509765625 0.58984375 0.140625 0.009765625
3 0.6396484375 0.6396484375 0.009765625 0.099609375
3 0.650390625 0.6904296875 0.029296875 0.009765625
3 0.3896484375 0.7001953125 0.029296875 0.009765625
3 0.400390625 0.75 0.009765625 0.099609375
3 0.419921875 0.7998046875 0.0390625 0.009765625
3 0.490234375 0.7998046875 0.01953125 0.009765625
3 0.5400390625 0.7998046875 0.01953125 0.009765625
3 0.599609375 0.7998046875 0.060546875 0.009765625
3 0.6298828125 0.75 0.009765625 0.099609375
3 0.669921875 0.5498046875 0.009765625 0.19921875
3 0.7998046875 0.169921875 0.01953125 0.009765625
3 0.8095703125 0.240234375 0.009765625 0.140625
3 0.830078125 0.3095703125 0.029296875 0.009765625
3 0.7998046875 0.3095703125 0.0390625 0.009765625
3 0.7998046875 0.4501953125 0.01953125 0.009765625
3 0.8095703125 0.3798828125 0.009765625 0.140625
6 0.1201171875 0.3896484375 0.109375 0.55078125
6 0.5498046875 0.509765625 0.69921875 0.939453125
6 0.509765625 0.48046875 0.400390625 0.849609375