0 0.04978813559322034 0.13665254237288135 0.05508474576271186 0.08686440677966102
0 0.04978813559322034 0.3644067796610169 0.05508474576271186 0.08686440677966102
0 0.04978813559322034 0.548728813559322 0.05508474576271186 0.08686440677966102
2 0.3093220338983051 0.029661016949152543 0.0423728813559322 0.059322033898305086
2 0.4078389830508475 0.559322033898305 0.05508474576271186 0.08686440677966102
2 0.4184322033898305 0.7870762711864406 0.05508474576271186 0.08686440677966102
2 0.4724576271186441 0.7870762711864406 0.05508474576271186 0.08686440677966102
2 0.538135593220339 0.7870762711864406 0.05508474576271186 0.08686440677966102
2 0.4724576271186441 0.1038135593220339 0.05508474576271186 0.08686440677966102
2 0.4724576271186441 0.3855932203389831 0.05508474576271186 0.08686440677966102
2 0.5699152542372882 0.034957627118644065 0.05508474576271186 0.06991525423728813
2 0.5699152542372882 0.1906779661016949 0.05508474576271186 0.08686440677966102
2 0.5699152542372882 0.3644067796610169 0.05508474576271186 0.08686440677966102
2 0.5815677966101694 0.5158898305084746 0.06567796610169492 0.09745762711864407
2 0.6461864406779662 0.3538135593220339 0.05508474576271186 0.08686440677966102
4 0.3103813559322034 0.13665254237288135 0.05508474576271186 0.08686440677966102
4 0.3103813559322034 0.6790254237288136 0.05508474576271186 0.08686440677966102
4 0.6461864406779662 0.6684322033898306 0.05508474576271186 0.08686440677966102
4 0.8527542372881356 0.2552966101694915 0.05508474576271186 0.08686440677966102
1 0.3855932203389831 0.2341101694915254 0.05508474576271186 0.08686440677966102
5 0.18008474576271186 0.13665254237288135 0.05508474576271186 0.08686440677966102
5 0.2341101694915254 0.13665254237288135 0.05508474576271186 0.08686440677966102
5 0.20127118644067796 0.4184322033898305 0.06567796610169492 0.09745762711864407
5 0.7542372881355932 0.1038135593220339 0.05508474576271186 0.08686440677966102
5 0.7542372881355932 0.2552966101694915 0.05508474576271186 0.08686440677966102
5 0.7542372881355932 0.4078389830508475 0.05508474576271186 0.08686440677966102
3 0.11440677966101695 0.13665254237288135 0.06567796610169492 0.01059322033898305
3 0.2775423728813559 0.13665254237288135 0.03177966101694915 0.01059322033898305
3 0.3103813559322034 0.0826271186440678 0.01059322033898305 0.0423728813559322
3 0.3421610169491525 0.13665254237288135 0.0211864406779661 0.01059322033898305
3 0.3538135593220339 0.18008474576271186 0.01059322033898305 0.09745762711864407
3 0.3644067796610169 0.2341101694915254 0.0211864406779661 0.01059322033898305
3 0.1260593220338983 0.4184322033898305 0.05508474576271186 0.01059322033898305
3 0.24470338983050846 0.4184322033898305 0.03177966101694915 0.01059322033898305
3 0.2552966101694915 0.548728813559322 0.01059322033898305 0.2605932203389831
3 0.3209745762711864 0.559322033898305 0.11864406779661017 0.01059322033898305
3 0.288135593220339 0.6790254237288136 0.03177966101694915 0.01059322033898305
3 0.4184322033898305 0.2341101694915254 0.0211864406779661 0.01059322033898305
3 0.4290254237288136 0.1694915254237288 0.01059322033898305 0.1292372881355932
3 0.4290254237288136 0.3103813559322034 0.01059322033898305 0.15254237288135594
3 0.451271186440678 0.1038135593220339 0.03177966101694915 0.01059322033898305
3 0.451271186440678 0.3855932203389831 0.03177966101694915 0.01059322033898305
3 0.5052966101694916 0.1038135593220339 0.0211864406779661 0.01059322033898305
3 0.5158898305084746 0.06038135593220339 0.01059322033898305 0.08686440677966102
3 0.5158898305084746 0.1472457627118644 0.01059322033898305 0.08686440677966102
3 0.538135593220339 0.02754237288135593 0.03177966101694915 0.01059322033898305
3 0.538135593220339 0.1906779661016949 0.03177966101694915 0.01059322033898305
3 0.5158898305084746 0.3855932203389831 0.0423728813559322 0.01059322033898305
3 0.6027542372881356 0.1906779661016949 0.03177966101694915 0.01059322033898305
3 0.6133474576271186 0.2669491525423729 0.01059322033898305 0.15254237288135594
3 0.625 0.3538135593220339 0.03177966101694915 0.01059322033898305
3 0.548728813559322 0.4406779661016949 0.01059322033898305 0.08686440677966102
3 0.5699152542372882 0.4830508474576271 0.03177966101694915 0.01059322033898305
3 0.6133474576271186 0.4830508474576271 0.01059322033898305 0.08686440677966102
3 0.625 0.4078389830508475 0.03177966101694915 0.01059322033898305
3 0.4724576271186441 0.559322033898305 0.15254237288135594 0.01059322033898305
3 0.6133474576271186 0.6133474576271186 0.01059322033898305 0.10805084745762712
3 0.625 0.6684322033898306 0.03177966101694915 0.01059322033898305
3 0.3421610169491525 0.6790254237288136 0.03177966101694915 0.01059322033898305
3 0.3538135593220339 0.7330508474576272 0.01059322033898305 0.10805084745762712
3 0.375 0.7870762711864406 0.0423728813559322 0.01059322033898305
3 0.451271186440678 0.7870762711864406 0.0211864406779661 0.01059322033898305
3 0.5052966101694916 0.7870762711864406 0.0211864406779661 0.01059322033898305
3 0.5699152542372882 0.7870762711864406 0.06567796610169492 0.01059322033898305
3 0.6027542372881356 0.7330508474576272 0.01059322033898305 0.10805084745762712
3 0.6461864406779662 0.5158898305084746 0.01059322033898305 0.21610169491525424
3 0.7870762711864406 0.1038135593220339 0.0211864406779661 0.01059322033898305
3 0.7976694915254238 0.18008474576271186 0.01059322033898305 0.15254237288135594
3 0.8199152542372882 0.2552966101694915 0.03177966101694915 0.01059322033898305
3 0.7870762711864406 0.2552966101694915 0.0423728813559322 0.01059322033898305
3 0.7870762711864406 0.4078389830508475 0.0211864406779661 0.01059322033898305
3 0.7976694915254238 0.3315677966101695 0.01059322033898305 0.15254237288135594
6 0.05402542372881356 0.3411016949152542 0.10805084745762712 0.597457627118644
6 0.5148305084745762 0.4904661016949153 0.7584745762711864 0.9809322033898306
6 0.4713983050847458 0.4502118644067797 0.4343220338983051 0.9004237288135594