0 0.7957317073170732 0.891260162601626 0.08333333333333333 0.052845528455284556
0 0.5772357723577236 0.891260162601626 0.08333333333333333 0.052845528455284556
0 0.40040650406504064 0.891260162601626 0.08333333333333333 0.052845528455284556
2 0.9004065040650406 0.641260162601626 0.06300813008130081 0.04065040650406504
2 0.3902439024390244 0.5477642276422764 0.08333333333333333 0.052845528455284556
2 0.1717479674796748 0.5376016260162602 0.08333333333333333 0.052845528455284556
2 0.1717479674796748 0.48577235772357724 0.08333333333333333 0.052845528455284556
2 0.1717479674796748 0.42276422764227645 0.08333333333333333 0.052845528455284556
2 0.8272357723577236 0.48577235772357724 0.08333333333333333 0.052845528455284556
2 0.556910569105691 0.48577235772357724 0.08333333333333333 0.052845528455284556
2 0.9004065040650406 0.39227642276422764 0.08333333333333333 0.052845528455284556
2 0.7439024390243902 0.39227642276422764 0.08333333333333333 0.052845528455284556
2 0.5772357723577236 0.39227642276422764 0.08333333333333333 0.052845528455284556
2 0.43191056910569103 0.38109756097560976 0.09349593495934959 0.06300813008130081
2 0.5873983739837398 0.31910569105691056 0.08333333333333333 0.052845528455284556
4 0.7957317073170732 0.641260162601626 0.08333333333333333 0.052845528455284556
4 0.27540650406504064 0.641260162601626 0.08333333333333333 0.052845528455284556
4 0.2855691056910569 0.31910569105691056 0.08333333333333333 0.052845528455284556
4 0.681910569105691 0.1209349593495935 0.08333333333333333 0.052845528455284556
1 0.7022357723577236 0.5691056910569106 0.08333333333333333 0.052845528455284556
5 0.7957317073170732 0.766260162601626 0.08333333333333333 0.052845528455284556
5 0.7957317073170732 0.7144308943089431 0.08333333333333333 0.052845528455284556
5 0.5254065040650406 0.7459349593495935 0.09349593495934959 0.06300813008130081
5 0.8272357723577236 0.21544715447154472 0.08333333333333333 0.052845528455284556
5 0.681910569105691 0.21544715447154472 0.08333333333333333 0.052845528455284556
5 0.5355691056910569 0.21544715447154472 0.08333333333333333 0.052845528455284556
3 0.7957317073170732 0.8292682926829268 0.01016260162601626 0.06300813008130081
3 0.7957317073170732 0.6727642276422764 0.01016260162601626 0.03048780487804878
3 0.8475609756097561 0.641260162601626 0.04065040650406504 0.01016260162601626
3 0.7957317073170732 0.6107723577235772 0.01016260162601626 0.02032520325203252
3 0.7540650406504065 0.5995934959349594 0.09349593495934959 0.01016260162601626
3 0.7022357723577236 0.5894308943089431 0.01016260162601626 0.02032520325203252
3 0.5254065040650406 0.818089430894309 0.01016260162601626 0.052845528455284556
3 0.5254065040650406 0.7042682926829268 0.01016260162601626 0.03048780487804878
3 0.40040650406504064 0.6941056910569106 0.25 0.01016260162601626
3 0.3902439024390244 0.6310975609756098 0.01016260162601626 0.11382113821138211
3 0.27540650406504064 0.6626016260162602 0.01016260162601626 0.03048780487804878
3 0.7022357723577236 0.5376016260162602 0.01016260162601626 0.02032520325203252
3 0.7642276422764228 0.5274390243902439 0.12398373983739837 0.01016260162601626
3 0.6290650406504065 0.5274390243902439 0.14634146341463414 0.01016260162601626
3 0.8272357723577236 0.5060975609756098 0.01016260162601626 0.03048780487804878
3 0.556910569105691 0.5060975609756098 0.01016260162601626 0.03048780487804878
3 0.8272357723577236 0.45426829268292684 0.01016260162601626 0.02032520325203252
3 0.8689024390243902 0.44410569105691056 0.08333333333333333 0.01016260162601626
3 0.7855691056910569 0.44410569105691056 0.08333333333333333 0.01016260162601626
3 0.9004065040650406 0.42276422764227645 0.01016260162601626 0.03048780487804878
3 0.7439024390243902 0.42276422764227645 0.01016260162601626 0.03048780487804878
3 0.556910569105691 0.44410569105691056 0.01016260162601626 0.04065040650406504
3 0.7439024390243902 0.36077235772357724 0.01016260162601626 0.03048780487804878
3 0.6707317073170732 0.35060975609756095 0.14634146341463414 0.01016260162601626
3 0.5873983739837398 0.3394308943089431 0.01016260162601626 0.03048780487804878
3 0.5040650406504065 0.41260162601626016 0.08333333333333333 0.01016260162601626
3 0.4634146341463415 0.39227642276422764 0.01016260162601626 0.03048780487804878
3 0.4634146341463415 0.35060975609756095 0.08333333333333333 0.01016260162601626
3 0.5355691056910569 0.3394308943089431 0.01016260162601626 0.03048780487804878
3 0.3902439024390244 0.48577235772357724 0.01016260162601626 0.14634146341463414
3 0.3384146341463415 0.35060975609756095 0.10365853658536585 0.01016260162601626
3 0.2855691056910569 0.3394308943089431 0.01016260162601626 0.03048780487804878
3 0.27540650406504064 0.6107723577235772 0.01016260162601626 0.03048780487804878
3 0.22357723577235772 0.5995934959349594 0.10365853658536585 0.01016260162601626
3 0.1717479674796748 0.5792682926829268 0.01016260162601626 0.04065040650406504
3 0.1717479674796748 0.5060975609756098 0.01016260162601626 0.02032520325203252
3 0.1717479674796748 0.45426829268292684 0.01016260162601626 0.02032520325203252
3 0.1717479674796748 0.39227642276422764 0.01016260162601626 0.06300813008130081
3 0.22357723577235772 0.36077235772357724 0.10365853658536585 0.01016260162601626
3 0.43191056910569103 0.31910569105691056 0.2073170731707317 0.01016260162601626
3 0.8272357723577236 0.1839430894308943 0.01016260162601626 0.02032520325203252
3 0.7540650406504065 0.17378048780487804 0.14634146341463414 0.01016260162601626
3 0.681910569105691 0.1524390243902439 0.01016260162601626 0.03048780487804878
3 0.681910569105691 0.1839430894308943 0.01016260162601626 0.04065040650406504
3 0.5355691056910569 0.1839430894308943 0.01016260162601626 0.02032520325203252
3 0.608739837398374 0.17378048780487804 0.14634146341463414 0.01016260162601626
6 0.5985772357723578 0.891260162601626 0.573170731707317 0.11382113821138211
6 0.4817073170731707 0.4451219512195122 0.9634146341463414 0.7276422764227642
6 0.5040650406504065 0.48577235772357724 0.8841463414634146 0.4166666666666667