0 0.11686991869918699 0.19613821138211382 0.052845528455284556 0.08333333333333333
0 0.11686991869918699 0.4146341463414634 0.052845528455284556 0.08333333333333333
0 0.11686991869918699 0.5914634146341463 0.052845528455284556 0.08333333333333333
2 0.366869918699187 0.09146341463414634 0.04065040650406504 0.06300813008130081
2 0.4603658536585366 0.6016260162601627 0.052845528455284556 0.08333333333333333
2 0.47052845528455284 0.8201219512195121 0.052845528455284556 0.08333333333333333
2 0.5223577235772358 0.8201219512195121 0.052845528455284556 0.08333333333333333
2 0.5853658536585366 0.8201219512195121 0.052845528455284556 0.08333333333333333
2 0.5223577235772358 0.16463414634146342 0.052845528455284556 0.08333333333333333
2 0.5223577235772358 0.4349593495934959 0.052845528455284556 0.08333333333333333
2 0.6158536585365854 0.09146341463414634 0.052845528455284556 0.08333333333333333
2 0.6158536585365854 0.24796747967479674 0.052845528455284556 0.08333333333333333
2 0.6158536585365854 0.4146341463414634 0.052845528455284556 0.08333333333333333
2 0.6270325203252033 0.5599593495934959 0.06300813008130081 0.09349593495934959
2 0.6890243902439024 0.40447154471544716 0.052845528455284556 0.08333333333333333
4 0.366869918699187 0.19613821138211382 0.052845528455284556 0.08333333333333333
4 0.366869918699187 0.7164634146341463 0.052845528455284556 0.08333333333333333
4 0.6890243902439024 0.7063008130081301 0.052845528455284556 0.08333333333333333
4 0.8871951219512195 0.3099593495934959 0.052845528455284556 0.08333333333333333
1 0.43902439024390244 0.2896341463414634 0.052845528455284556 0.08333333333333333
5 0.241869918699187 0.19613821138211382 0.052845528455284556 0.08333333333333333
5 0.2936991869918699 0.19613821138211382 0.052845528455284556 0.08333333333333333
5 0.2621951219512195 0.46646341463414637 0.06300813008130081 0.09349593495934959
5 0.7926829268292683 0.16463414634146342 0.052845528455284556 0.08333333333333333
5 0.7926829268292683 0.3099593495934959 0.052845528455284556 0.08333333333333333
5 0.7926829268292683 0.4563008130081301 0.052845528455284556 0.08333333333333333
3 0.17886178861788618 0.19613821138211382 0.06300813008130081 0.01016260162601626
3 0.3353658536585366 0.19613821138211382 0.03048780487804878 0.01016260162601626
3 0.366869918699187 0.1443089430894309 0.01016260162601626 0.04065040650406504
3 0.39735772357723576 0.19613821138211382 0.02032520325203252 0.01016260162601626
3 0.40853658536585363 0.23780487804878048 0.01016260162601626 0.09349593495934959
3 0.4186991869918699 0.2896341463414634 0.02032520325203252 0.01016260162601626
3 0.19004065040650406 0.46646341463414637 0.052845528455284556 0.01016260162601626
3 0.30386178861788615 0.46646341463414637 0.03048780487804878 0.01016260162601626
3 0.31402439024390244 0.5914634146341463 0.01016260162601626 0.25
3 0.37703252032520324 0.6016260162601627 0.11382113821138211 0.01016260162601626
3 0.34552845528455284 0.7164634146341463 0.03048780487804878 0.01016260162601626
3 0.47052845528455284 0.2896341463414634 0.02032520325203252 0.01016260162601626
3 0.4806910569105691 0.22764227642276422 0.01016260162601626 0.12398373983739837
3 0.4806910569105691 0.3628048780487805 0.01016260162601626 0.14634146341463414
3 0.5020325203252033 0.16463414634146342 0.03048780487804878 0.01016260162601626
3 0.5020325203252033 0.4349593495934959 0.03048780487804878 0.01016260162601626
3 0.5538617886178862 0.16463414634146342 0.02032520325203252 0.01016260162601626
3 0.5640243902439024 0.12296747967479675 0.01016260162601626 0.08333333333333333
3 0.5640243902439024 0.20630081300813008 0.01016260162601626 0.08333333333333333
3 0.5853658536585366 0.09146341463414634 0.03048780487804878 0.01016260162601626
3 0.5853658536585366 0.24796747967479674 0.03048780487804878 0.01016260162601626
3 0.5640243902439024 0.4349593495934959 0.04065040650406504 0.01016260162601626
3 0.6473577235772358 0.24796747967479674 0.03048780487804878 0.01016260162601626
3 0.657520325203252 0.32113821138211385 0.01016260162601626 0.14634146341463414
3 0.6686991869918699 0.40447154471544716 0.03048780487804878 0.01016260162601626
3 0.5955284552845529 0.4878048780487805 0.01016260162601626 0.08333333333333333
3 0.6158536585365854 0.5284552845528455 0.03048780487804878 0.01016260162601626
3 0.657520325203252 0.5284552845528455 0.01016260162601626 0.08333333333333333
3 0.6686991869918699 0.4563008130081301 0.03048780487804878 0.01016260162601626
3 0.5223577235772358 0.6016260162601627 0.14634146341463414 0.01016260162601626
3 0.657520325203252 0.6534552845528455 0.01016260162601626 0.10365853658536585
3 0.6686991869918699 0.7063008130081301 0.03048780487804878 0.01016260162601626
3 0.39735772357723576 0.7164634146341463 0.03048780487804878 0.01016260162601626
3 0.40853658536585363 0.7682926829268293 0.01016260162601626 0.10365853658536585
3 0.42886178861788615 0.8201219512195121 0.04065040650406504 0.01016260162601626
3 0.5020325203252033 0.8201219512195121 0.02032520325203252 0.01016260162601626
3 0.5538617886178862 0.8201219512195121 0.02032520325203252 0.01016260162601626
3 0.6158536585365854 0.8201219512195121 0.06300813008130081 0.01016260162601626
3 0.6473577235772358 0.7682926829268293 0.01016260162601626 0.10365853658536585
3 0.6890243902439024 0.5599593495934959 0.01016260162601626 0.2073170731707317
3 0.8241869918699187 0.16463414634146342 0.02032520325203252 0.01016260162601626
3 0.834349593495935 0.23780487804878048 0.01016260162601626 0.14634146341463414
3 0.8556910569105691 0.3099593495934959 0.03048780487804878 0.01016260162601626
3 0.8241869918699187 0.3099593495934959 0.04065040650406504 0.01016260162601626
3 0.8241869918699187 0.4563008130081301 0.02032520325203252 0.01016260162601626
3 0.834349593495935 0.383130081300813 0.01016260162601626 0.14634146341463414
6 0.11686991869918699 0.3932926829268293 0.11382113821138211 0.573170731707317
6 0.5630081300813008 0.5142276422764228 0.7276422764227642 0.9715447154471545
6 0.5223577235772358 0.4878048780487805 0.4166666666666667 0.8841463414634146