6 0.48486328125 0.5 0.7041015625 0.990234375
6 0.0498046875 0.4501953125 0.099609375 0.5947265625
6 0.56298828125 0.490234375 0.5078125 0.4345703125
6 0.89990234375 0.22412109375 0.099609375 0.25
6 0.9248046875 0.5478515625 0.150390625 0.3232421875
0 0.0498046875 0.35009765625 0.068359375 0.1064453125
0 0.0498046875 0.5 0.068359375 0.1064453125
0 0.0498046875 0.65478515625 0.068359375 0.1064453125
0 0.89990234375 0.259765625 0.068359375 0.1064453125
1 0.22119140625 0.50390625 0.1396484375 0.0947265625
5 0.3740234375 0.50390625 0.087890625 0.0947265625
2 0.48876953125 0.3779296875 0.14453125 0.0947265625
2 0.65380859375 0.3779296875 0.1552734375 0.0947265625
5 0.48876953125 0.6298828125 0.14453125 0.0947265625
5 0.7451171875 0.50390625 0.1083984375 0.0947265625
5 0.9248046875 0.50390625 0.1162109375 0.0947265625
2 0.9248046875 0.63818359375 0.1162109375 0.0947265625
2 0.5791015625 0.77197265625 0.125 0.0947265625
4 0.73486328125 0.77197265625 0.125 0.0947265625
2 0.583984375 0.89794921875 0.1337890625 0.0947265625
3 0.10302734375 0.5 0.0380859375 0.1650390625
3 0.10302734375 0.35009765625 0.0244140625 0.0048828125
3 0.10302734375 0.65478515625 0.0244140625 0.0048828125
3 0.1298828125 0.5 0.0419921875 0.0048828125
3 0.3017578125 0.5 0.015625 0.0048828125
3 0.3740234375 0.4150390625 0.0048828125 0.0849609375
3 0.39501953125 0.3779296875 0.0419921875 0.0048828125
3 0.3740234375 0.58984375 0.0048828125 0.0849609375
3 0.39501953125 0.6298828125 0.0419921875 0.0048828125
3 0.48876953125 0.22412109375 0.1650390625 0.1552734375
3 0.6689453125 0.22412109375 0.1953125 0.0048828125
3 0.7529296875 0.3251953125 0.1650390625 0.205078125
3 0.48876953125 0.5048828125 0.0048828125 0.16015625
3 0.56884765625 0.46484375 0.1650390625 0.0849609375
3 0.5888671875 0.5048828125 0.205078125 0.0048828125
3 0.48876953125 0.759765625 0.0048828125 0.169921875
3 0.501953125 0.77197265625 0.0263671875 0.0048828125
3 0.501953125 0.89794921875 0.0263671875 0.0048828125
3 0.65576171875 0.77197265625 0.0263671875 0.0048828125
3 0.83203125 0.50390625 0.0654296875 0.0048828125
3 0.9248046875 0.56982421875 0.0048828125 0.044921875