6 0.51513671875 0.5 0.7041015625 0.990234375
6 0.9501953125 0.4501953125 0.099609375 0.5947265625
6 0.43701171875 0.490234375 0.5078125 0.4345703125
6 0.10009765625 0.22412109375 0.099609375 0.25
6 0.0751953125 0.5478515625 0.150390625 0.3232421875
0 0.9501953125 0.35009765625 0.068359375 0.1064453125
0 0.9501953125 0.5 0.068359375 0.1064453125
0 0.9501953125 0.65478515625 0.068359375 0.1064453125
0 0.10009765625 0.259765625 0.068359375 0.1064453125
1 0.77880859375 0.50390625 0.1396484375 0.0947265625
5 0.6259765625 0.50390625 0.087890625 0.0947265625
2 0.51123046875 0.3779296875 0.14453125 0.0947265625
2 0.34619140625 0.3779296875 0.1552734375 0.0947265625
5 0.51123046875 0.6298828125 0.14453125 0.0947265625
5 0.2548828125 0.50390625 0.1083984375 0.0947265625
5 0.0751953125 0.50390625 0.1162109375 0.0947265625
2 0.0751953125 0.63818359375 0.1162109375 0.0947265625
2 0.4208984375 0.77197265625 0.125 0.0947265625
4 0.26513671875 0.77197265625 0.125 0.0947265625
2 0.416015625 0.89794921875 0.1337890625 0.0947265625
3 0.89697265625 0.5 0.0380859375 0.1650390625
3 0.89697265625 0.35009765625 0.0244140625 0.0048828125
3 0.89697265625 0.65478515625 0.0244140625 0.0048828125
3 0.8701171875 0.5 0.0419921875 0.0048828125
3 0.6982421875 0.5 0.015625 0.0048828125
3 0.6259765625 0.4150390625 0.0048828125 0.0849609375
3 0.60498046875 0.3779296875 0.0419921875 0.0048828125
3 0.6259765625 0.58984375 0.0048828125 0.0849609375
3 0.60498046875 0.6298828125 0.0419921875 0.0048828125
3 0.51123046875 0.22412109375 0.1650390625 0.1552734375
3 0.3310546875 0.22412109375 0.1953125 0.0048828125
3 0.2470703125 0.3251953125 0.1650390625 0.205078125
3 0.51123046875 0.5048828125 0.0048828125 0.16015625
3 0.43115234375 0.46484375 0.1650390625 0.0849609375
3 0.4111328125 0.5048828125 0.205078125 0.0048828125
3 0.51123046875 0.759765625 0.0048828125 0.169921875
3 0.498046875 0.77197265625 0.0263671875 0.0048828125
3 0.498046875 0.89794921875 0.0263671875 0.0048828125
3 0.34423828125 0.77197265625 0.0263671875 0.0048828125
3 0.16796875 0.50390625 0.0654296875 0.0048828125
3 0.0751953125 0.56982421875 0.0048828125 0.044921875