0 0.04822834645669291 0.9438976377952756 0.0610236220472441 0.10039370078740158
0 0.14960629921259844 0.9438976377952756 0.10039370078740158 0.10039370078740158
0 0.5521653543307087 0.9438976377952756 0.4035433070866142 0.10039370078740158
0 0.8848425196850394 0.9438976377952756 0.12007874015748031 0.10039370078740158
0 0.058070866141732284 0.06692913385826772 0.08070866141732283 0.10039370078740158
0 0.14960629921259844 0.06692913385826772 0.08070866141732283 0.10039370078740158
0 0.3809055118110236 0.06692913385826772 0.10039370078740158 0.10039370078740158
0 0.53248031496063 0.06692913385826772 0.10039370078740158 0.10039370078740158
0 0.8848425196850394 0.06692913385826772 0.08070866141732283 0.10039370078740158
2 0.11909448818897637 0.48031496062992124 0.08070866141732283 0.0610236220472441
2 0.11909448818897637 0.3887795275590551 0.08070866141732283 0.0610236220472441
2 0.3001968503937008 0.8228346456692913 0.08070866141732283 0.0610236220472441
2 0.3809055118110236 0.48031496062992124 0.08070866141732283 0.0610236220472441
2 0.5216535433070866 0.48031496062992124 0.08070866141732283 0.0610236220472441
2 0.4015748031496063 0.359251968503937 0.08070866141732283 0.0610236220472441
2 0.7440944881889764 0.359251968503937 0.08070866141732283 0.0610236220472441
2 0.8848425196850394 0.359251968503937 0.08070866141732283 0.0610236220472441
2 0.14960629921259844 0.24803149606299213 0.0610236220472441 0.051181102362204724
2 0.33070866141732286 0.24803149606299213 0.0610236220472441 0.051181102362204724
2 0.8848425196850394 0.21751968503937008 0.08070866141732283 0.0610236220472441
4 0.21948818897637795 0.7214566929133859 0.0610236220472441 0.051181102362204724
4 0.4015748031496063 0.7214566929133859 0.0610236220472441 0.051181102362204724
4 0.5826771653543307 0.7214566929133859 0.0610236220472441 0.051181102362204724
4 0.7440944881889764 0.7214566929133859 0.0610236220472441 0.051181102362204724
4 0.8848425196850394 0.7214566929133859 0.0610236220472441 0.051181102362204724
4 0.25984251968503935 0.359251968503937 0.08070866141732283 0.051181102362204724
4 0.6023622047244095 0.359251968503937 0.08070866141732283 0.051181102362204724
1 0.0688976377952756 0.21751968503937008 0.08070866141732283 0.051181102362204724
5 0.6023622047244095 0.8228346456692913 0.08070866141732283 0.051181102362204724
5 0.734251968503937 0.8228346456692913 0.08070866141732283 0.051181102362204724
5 0.8543307086614174 0.8228346456692913 0.08070866141732283 0.051181102362204724
5 0.5216535433070866 0.21751968503937008 0.08070866141732283 0.051181102362204724
3 0.0984251968503937 0.9438976377952756 0.051181102362204724 0.00984251968503937
3 0.28051181102362205 0.8730314960629921 0.00984251968503937 0.0610236220472441
3 0.32086614173228345 0.8730314960629921 0.00984251968503937 0.0610236220472441
3 0.21948818897637795 0.8730314960629921 0.00984251968503937 0.0610236220472441
3 0.28051181102362205 0.7716535433070866 0.00984251968503937 0.051181102362204724
3 0.16929133858267717 0.8228346456692913 0.18110236220472442 0.00984251968503937
3 0.07874015748031496 0.6614173228346457 0.00984251968503937 0.31299212598425197
3 0.18996062992125984 0.42913385826771655 0.03937007874015748 0.00984251968503937
3 0.25984251968503935 0.43996062992125984 0.00984251968503937 0.051181102362204724
3 0.32086614173228345 0.46948818897637795 0.10039370078740158 0.00984251968503937
3 0.3809055118110236 0.5196850393700787 0.00984251968503937 0.03937007874015748
3 0.4015748031496063 0.5196850393700787 0.00984251968503937 0.03937007874015748
3 0.5216535433070866 0.5196850393700787 0.00984251968503937 0.03937007874015748
3 0.6023622047244095 0.5196850393700787 0.00984251968503937 0.12007874015748031
3 0.734251968503937 0.5196850393700787 0.00984251968503937 0.12007874015748031
3 0.7539370078740157 0.5196850393700787 0.00984251968503937 0.12007874015748031
3 0.8848425196850394 0.5196850393700787 0.00984251968503937 0.12007874015748031
3 0.4015748031496063 0.41929133858267714 0.00984251968503937 0.03937007874015748
3 0.421259842519685 0.29822834645669294 0.00984251968503937 0.08070866141732283
3 0.25984251968503935 0.2785433070866142 0.00984251968503937 0.051181102362204724
3 0.10925196850393701 0.21751968503937008 0.03937007874015748 0.00984251968503937
3 0.4015748031496063 0.21751968503937008 0.10039370078740158 0.00984251968503937
3 0.0688976377952756 0.12696850393700787 0.00984251968503937 0.0610236220472441
3 0.13877952755905512 0.12696850393700787 0.00984251968503937 0.0610236220472441
3 0.33070866141732286 0.14763779527559054 0.00984251968503937 0.08070866141732283
3 0.5216535433070866 0.14763779527559054 0.00984251968503937 0.08070866141732283
3 0.8848425196850394 0.13681102362204725 0.00984251968503937 0.08070866141732283
3 0.7539370078740157 0.2677165354330709 0.3031496062992126 0.00984251968503937
3 0.8848425196850394 0.24803149606299213 0.00984251968503937 0.03937007874015748
3 0.7440944881889764 0.21751968503937008 0.4035433070866142 0.00984251968503937
3 0.9557086614173228 0.46948818897637795 0.00984251968503937 0.5039370078740157
3 0.9251968503937008 0.7214566929133859 0.0610236220472441 0.00984251968503937
6 0.5118110236220472 0.6614173228346457 0.8877952755905512 0.2421259842519685
6 0.4921259842519685 0.4596456692913386 0.9566929133858267 0.8267716535433071
6 0.7135826771653543 0.8228346456692913 0.5137795275590551 0.10039370078740158
6 0.4822834645669291 0.48031496062992124 0.35236220472440943 0.10039370078740158
6 0.7539370078740157 0.359251968503937 0.4035433070866142 0.12007874015748031
6 0.11909448818897637 0.42913385826771655 0.12007874015748031 0.20078740157480315