0 0.04183673469387755 0.03979591836734694 0.06326530612244897 0.07959183673469387
0 0.14591836734693878 0.03979591836734694 0.10408163265306122 0.07959183673469387
0 0.5642857142857143 0.03979591836734694 0.41836734693877553 0.07959183673469387
0 0.9091836734693878 0.03979591836734694 0.12448979591836734 0.07959183673469387
0 0.05204081632653061 0.936734693877551 0.0836734693877551 0.10408163265306122
0 0.1469387755102041 0.936734693877551 0.0836734693877551 0.10408163265306122
0 0.386734693877551 0.936734693877551 0.10408163265306122 0.10408163265306122
0 0.5438775510204081 0.936734693877551 0.10408163265306122 0.10408163265306122
0 0.9091836734693878 0.936734693877551 0.0836734693877551 0.10408163265306122
2 0.11530612244897959 0.5081632653061224 0.0836734693877551 0.06326530612244897
2 0.11530612244897959 0.6030612244897959 0.0836734693877551 0.06326530612244897
2 0.30306122448979594 0.15306122448979592 0.0836734693877551 0.06326530612244897
2 0.386734693877551 0.5081632653061224 0.0836734693877551 0.06326530612244897
2 0.5326530612244897 0.5081632653061224 0.0836734693877551 0.06326530612244897
2 0.40816326530612246 0.6336734693877552 0.0836734693877551 0.06326530612244897
2 0.763265306122449 0.6336734693877552 0.0836734693877551 0.06326530612244897
2 0.9091836734693878 0.6336734693877552 0.0836734693877551 0.06326530612244897
2 0.1469387755102041 0.7489795918367347 0.06326530612244897 0.053061224489795916
2 0.3346938775510204 0.7489795918367347 0.06326530612244897 0.053061224489795916
2 0.9091836734693878 0.7806122448979592 0.0836734693877551 0.06326530612244897
4 0.2193877551020408 0.25816326530612244 0.06326530612244897 0.053061224489795916
4 0.40816326530612246 0.25816326530612244 0.06326530612244897 0.053061224489795916
4 0.5959183673469388 0.25816326530612244 0.06326530612244897 0.053061224489795916
4 0.763265306122449 0.25816326530612244 0.06326530612244897 0.053061224489795916
4 0.9091836734693878 0.25816326530612244 0.06326530612244897 0.053061224489795916
4 0.2612244897959184 0.6336734693877552 0.0836734693877551 0.053061224489795916
4 0.6163265306122448 0.6336734693877552 0.0836734693877551 0.053061224489795916
1 0.06326530612244897 0.7806122448979592 0.0836734693877551 0.053061224489795916
5 0.6163265306122448 0.15306122448979592 0.0836734693877551 0.053061224489795916
5 0.753061224489796 0.15306122448979592 0.0836734693877551 0.053061224489795916
5 0.8775510204081632 0.15306122448979592 0.0836734693877551 0.053061224489795916
5 0.5326530612244897 0.7806122448979592 0.0836734693877551 0.053061224489795916
3 0.09387755102040816 0.027551020408163266 0.053061224489795916 0.01020408163265306
3 0.2826530612244898 0.10102040816326531 0.01020408163265306 0.06326530612244897
3 0.32448979591836735 0.10102040816326531 0.01020408163265306 0.06326530612244897
3 0.2193877551020408 0.10102040816326531 0.01020408163265306 0.06326530612244897
3 0.2826530612244898 0.20612244897959184 0.01020408163265306 0.053061224489795916
3 0.1673469387755102 0.15306122448979592 0.18775510204081633 0.01020408163265306
3 0.07346938775510205 0.32040816326530613 0.01020408163265306 0.32448979591836735
3 0.18877551020408162 0.5612244897959183 0.04081632653061224 0.01020408163265306
3 0.2612244897959184 0.55 0.01020408163265306 0.053061224489795916
3 0.32448979591836735 0.5193877551020408 0.10408163265306122 0.01020408163265306
3 0.386734693877551 0.4673469387755102 0.01020408163265306 0.04081632653061224
3 0.40816326530612246 0.4673469387755102 0.01020408163265306 0.04081632653061224
3 0.5326530612244897 0.4673469387755102 0.01020408163265306 0.04081632653061224
3 0.6163265306122448 0.4673469387755102 0.01020408163265306 0.12448979591836734
3 0.753061224489796 0.4673469387755102 0.01020408163265306 0.12448979591836734
3 0.773469387755102 0.4673469387755102 0.01020408163265306 0.12448979591836734
3 0.9091836734693878 0.4673469387755102 0.01020408163265306 0.12448979591836734
3 0.40816326530612246 0.5714285714285714 0.01020408163265306 0.04081632653061224
3 0.42857142857142855 0.6969387755102041 0.01020408163265306 0.0836734693877551
3 0.2612244897959184 0.7173469387755103 0.01020408163265306 0.053061224489795916
3 0.10510204081632653 0.7806122448979592 0.04081632653061224 0.01020408163265306
3 0.40816326530612246 0.7806122448979592 0.10408163265306122 0.01020408163265306
3 0.06326530612244897 0.8744897959183674 0.01020408163265306 0.06326530612244897
3 0.1357142857142857 0.8744897959183674 0.01020408163265306 0.06326530612244897
3 0.3346938775510204 0.8530612244897959 0.01020408163265306 0.0836734693877551
3 0.5326530612244897 0.8530612244897959 0.01020408163265306 0.0836734693877551
3 0.9091836734693878 0.8642857142857143 0.01020408163265306 0.0836734693877551
3 0.773469387755102 0.7285714285714285 0.3142857142857143 0.01020408163265306
3 0.9091836734693878 0.7489795918367347 0.01020408163265306 0.04081632653061224
3 0.763265306122449 0.7806122448979592 0.41836734693877553 0.01020408163265306
3 0.9826530612244898 0.5193877551020408 0.01020408163265306 0.5224489795918368
3 0.9510204081632653 0.25816326530612244 0.06326530612244897 0.01020408163265306
6 0.5224489795918368 0.32040816326530613 0.9204081632653062 0.2510204081632653
6 0.5020408163265306 0.5295918367346939 0.9918367346938776 0.8571428571428571
6 0.7316326530612245 0.15306122448979592 0.5326530612244897 0.10408163265306122
6 0.49183673469387756 0.5081632653061224 0.3653061224489796 0.10408163265306122
6 0.773469387755102 0.6336734693877552 0.41836734693877553 0.12448979591836734
6 0.11530612244897959 0.5612244897959183 0.12448979591836734 0.20816326530612245