0 0.030208333333333334 0.046875 0.06041666666666667 0.06458333333333334
0 0.030208333333333334 0.153125 0.06041666666666667 0.10625
0 0.030208333333333334 0.5802083333333333 0.06041666666666667 0.4270833333333333
0 0.030208333333333334 0.9322916666666666 0.06041666666666667 0.12708333333333333
0 0.9354166666666667 0.057291666666666664 0.10625 0.08541666666666667
0 0.9354166666666667 0.15416666666666667 0.10625 0.08541666666666667
0 0.9354166666666667 0.39895833333333336 0.10625 0.10625
0 0.9354166666666667 0.559375 0.10625 0.10625
0 0.9354166666666667 0.9322916666666666 0.10625 0.08541666666666667
2 0.4979166666666667 0.121875 0.06458333333333334 0.08541666666666667
2 0.5947916666666667 0.121875 0.06458333333333334 0.08541666666666667
2 0.13541666666666666 0.31354166666666666 0.06458333333333334 0.08541666666666667
2 0.4979166666666667 0.39895833333333336 0.06458333333333334 0.08541666666666667
2 0.4979166666666667 0.5479166666666667 0.06458333333333334 0.08541666666666667
2 0.6260416666666667 0.42083333333333334 0.06458333333333334 0.08541666666666667
2 0.6260416666666667 0.7833333333333333 0.06458333333333334 0.08541666666666667
2 0.6260416666666667 0.9322916666666666 0.06458333333333334 0.08541666666666667
2 0.74375 0.15416666666666667 0.05416666666666667 0.06458333333333334
2 0.74375 0.3458333333333333 0.05416666666666667 0.06458333333333334
2 0.7760416666666666 0.9322916666666666 0.06458333333333334 0.08541666666666667
4 0.24270833333333333 0.228125 0.05416666666666667 0.06458333333333334
4 0.24270833333333333 0.42083333333333334 0.05416666666666667 0.06458333333333334
4 0.24270833333333333 0.6125 0.05416666666666667 0.06458333333333334
4 0.24270833333333333 0.7833333333333333 0.05416666666666667 0.06458333333333334
4 0.24270833333333333 0.9322916666666666 0.05416666666666667 0.06458333333333334
4 0.6260416666666667 0.2708333333333333 0.05416666666666667 0.08541666666666667
4 0.6260416666666667 0.6333333333333333 0.05416666666666667 0.08541666666666667
1 0.7760416666666666 0.06875 0.05416666666666667 0.08541666666666667
5 0.13541666666666666 0.6333333333333333 0.05416666666666667 0.08541666666666667
5 0.13541666666666666 0.7729166666666667 0.05416666666666667 0.08541666666666667
5 0.13541666666666666 0.9 0.05416666666666667 0.08541666666666667
5 0.7760416666666666 0.5479166666666667 0.05416666666666667 0.08541666666666667
3 0.007291666666666667 0.1 0.010416666666666666 0.05416666666666667
3 0.08229166666666667 0.29270833333333335 0.06458333333333334 0.010416666666666666
3 0.08229166666666667 0.33541666666666664 0.06458333333333334 0.010416666666666666
3 0.08229166666666667 0.228125 0.06458333333333334 0.010416666666666666
3 0.18958333333333333 0.29270833333333335 0.05416666666666667 0.010416666666666666
3 0.13541666666666666 0.175 0.010416666666666666 0.19166666666666668
3 0.30625 0.07916666666666666 0.33125 0.010416666666666666
3 0.5520833333333334 0.196875 0.010416666666666666 0.041666666666666664
3 0.540625 0.2708333333333333 0.05416666666666667 0.010416666666666666
3 0.509375 0.33541666666666664 0.010416666666666666 0.10625
3 0.45625 0.39895833333333336 0.041666666666666664 0.010416666666666666
3 0.45625 0.42083333333333334 0.041666666666666664 0.010416666666666666
3 0.45625 0.5479166666666667 0.041666666666666664 0.010416666666666666
3 0.45625 0.6333333333333333 0.12708333333333333 0.010416666666666666
3 0.45625 0.7729166666666667 0.12708333333333333 0.010416666666666666
3 0.45625 0.79375 0.12708333333333333 0.010416666666666666
3 0.45625 0.9322916666666666 0.12708333333333333 0.010416666666666666
3 0.5625 0.42083333333333334 0.041666666666666664 0.010416666666666666
3 0.690625 0.44166666666666665 0.08541666666666667 0.010416666666666666
3 0.7114583333333333 0.2708333333333333 0.05416666666666667 0.010416666666666666
3 0.7760416666666666 0.11145833333333334 0.010416666666666666 0.041666666666666664
3 0.7760416666666666 0.42083333333333334 0.010416666666666666 0.10625
3 0.871875 0.06875 0.06458333333333334 0.010416666666666666
3 0.871875 0.14270833333333333 0.06458333333333334 0.010416666666666666
3 0.85 0.3458333333333333 0.08541666666666667 0.010416666666666666
3 0.85 0.5479166666666667 0.08541666666666667 0.010416666666666666
3 0.8614583333333333 0.9322916666666666 0.08541666666666667 0.010416666666666666
3 0.7229166666666667 0.79375 0.010416666666666666 0.32083333333333336
3 0.74375 0.9322916666666666 0.041666666666666664 0.010416666666666666
3 0.7760416666666666 0.7833333333333333 0.010416666666666666 0.4270833333333333
3 0.24270833333333333 0.9708333333333333 0.010416666666666666 0.058333333333333334
6 0.30520833333333336 0.5333333333333333 0.25625 0.9333333333333333
6 0.51875 0.5052083333333334 0.875 0.9895833333333334
6 0.134375 0.7395833333333334 0.10625 0.5208333333333334
6 0.4979166666666667 0.50625 0.10625 0.3729166666666667
6 0.6260416666666667 0.7895833333333333 0.12708333333333333 0.42083333333333334
6 0.5520833333333334 0.121875 0.2125 0.12708333333333333