0 0.9533730158730159 0.054563492063492064 0.061507936507936505 0.10119047619047619
0 0.8511904761904762 0.054563492063492064 0.10119047619047619 0.10119047619047619
0 0.44543650793650796 0.054563492063492064 0.40674603174603174 0.10119047619047619
0 0.11011904761904762 0.054563492063492064 0.12103174603174603 0.10119047619047619
0 0.9434523809523809 0.9384920634920635 0.08134920634920635 0.10119047619047619
0 0.8511904761904762 0.9384920634920635 0.08134920634920635 0.10119047619047619
0 0.6180555555555556 0.9384920634920635 0.10119047619047619 0.10119047619047619
0 0.4652777777777778 0.9384920634920635 0.10119047619047619 0.10119047619047619
0 0.11011904761904762 0.9384920634920635 0.08134920634920635 0.10119047619047619
2 0.8819444444444444 0.5218253968253969 0.08134920634920635 0.061507936507936505
2 0.8819444444444444 0.6140873015873016 0.08134920634920635 0.061507936507936505
2 0.6994047619047619 0.1765873015873016 0.08134920634920635 0.061507936507936505
2 0.6180555555555556 0.5218253968253969 0.08134920634920635 0.061507936507936505
2 0.47619047619047616 0.5218253968253969 0.08134920634920635 0.061507936507936505
2 0.5972222222222222 0.6438492063492064 0.08134920634920635 0.061507936507936505
2 0.251984126984127 0.6438492063492064 0.08134920634920635 0.061507936507936505
2 0.11011904761904762 0.6438492063492064 0.08134920634920635 0.061507936507936505
2 0.8511904761904762 0.7559523809523809 0.061507936507936505 0.051587301587301584
2 0.6686507936507936 0.7559523809523809 0.061507936507936505 0.051587301587301584
2 0.11011904761904762 0.7867063492063492 0.08134920634920635 0.061507936507936505
4 0.7807539682539683 0.2787698412698413 0.061507936507936505 0.051587301587301584
4 0.5972222222222222 0.2787698412698413 0.061507936507936505 0.051587301587301584
4 0.4146825396825397 0.2787698412698413 0.061507936507936505 0.051587301587301584
4 0.251984126984127 0.2787698412698413 0.061507936507936505 0.051587301587301584
4 0.11011904761904762 0.2787698412698413 0.061507936507936505 0.051587301587301584
4 0.7400793650793651 0.6438492063492064 0.08134920634920635 0.051587301587301584
4 0.3948412698412698 0.6438492063492064 0.08134920634920635 0.051587301587301584
1 0.9325396825396826 0.7867063492063492 0.08134920634920635 0.051587301587301584
5 0.3948412698412698 0.1765873015873016 0.08134920634920635 0.051587301587301584
5 0.2619047619047619 0.1765873015873016 0.08134920634920635 0.051587301587301584
5 0.14087301587301587 0.1765873015873016 0.08134920634920635 0.051587301587301584
5 0.47619047619047616 0.7867063492063492 0.08134920634920635 0.051587301587301584
3 0.9027777777777778 0.054563492063492064 0.051587301587301584 0.00992063492063492
3 0.7192460317460317 0.1259920634920635 0.00992063492063492 0.061507936507936505
3 0.6785714285714286 0.1259920634920635 0.00992063492063492 0.061507936507936505
3 0.7807539682539683 0.1259920634920635 0.00992063492063492 0.061507936507936505
3 0.7192460317460317 0.22817460317460317 0.00992063492063492 0.051587301587301584
3 0.8313492063492064 0.1765873015873016 0.18253968253968253 0.00992063492063492
3 0.9226190476190477 0.3392857142857143 0.00992063492063492 0.31547619047619047
3 0.810515873015873 0.5734126984126984 0.03968253968253968 0.00992063492063492
3 0.7400793650793651 0.5625 0.00992063492063492 0.051587301587301584
3 0.6785714285714286 0.5327380952380952 0.10119047619047619 0.00992063492063492
3 0.6180555555555556 0.48214285714285715 0.00992063492063492 0.03968253968253968
3 0.5972222222222222 0.48214285714285715 0.00992063492063492 0.03968253968253968
3 0.47619047619047616 0.48214285714285715 0.00992063492063492 0.03968253968253968
3 0.3948412698412698 0.48214285714285715 0.00992063492063492 0.12103174603174603
3 0.2619047619047619 0.48214285714285715 0.00992063492063492 0.12103174603174603
3 0.24206349206349206 0.48214285714285715 0.00992063492063492 0.12103174603174603
3 0.11011904761904762 0.48214285714285715 0.00992063492063492 0.12103174603174603
3 0.5972222222222222 0.5833333333333334 0.00992063492063492 0.03968253968253968
3 0.5773809523809523 0.7053571428571429 0.00992063492063492 0.08134920634920635
3 0.7400793650793651 0.7251984126984127 0.00992063492063492 0.051587301587301584
3 0.8918650793650794 0.7867063492063492 0.03968253968253968 0.00992063492063492
3 0.5972222222222222 0.7867063492063492 0.10119047619047619 0.00992063492063492
3 0.9325396825396826 0.8779761904761905 0.00992063492063492 0.061507936507936505
3 0.8621031746031746 0.8779761904761905 0.00992063492063492 0.061507936507936505
3 0.6686507936507936 0.8571428571428571 0.00992063492063492 0.08134920634920635
3 0.47619047619047616 0.8571428571428571 0.00992063492063492 0.08134920634920635
3 0.11011904761904762 0.8680555555555556 0.00992063492063492 0.08134920634920635
3 0.24206349206349206 0.7361111111111112 0.3055555555555556 0.00992063492063492
3 0.11011904761904762 0.7559523809523809 0.00992063492063492 0.03968253968253968
3 0.251984126984127 0.7867063492063492 0.40674603174603174 0.00992063492063492
3 0.03869047619047619 0.5327380952380952 0.00992063492063492 0.5079365079365079
3 0.06944444444444445 0.2787698412698413 0.061507936507936505 0.00992063492063492
6 0.4861111111111111 0.3392857142857143 0.8948412698412699 0.24404761904761904
6 0.5059523809523809 0.5426587301587301 0.9642857142857143 0.8333333333333334
6 0.28273809523809523 0.1765873015873016 0.5178571428571429 0.10119047619047619
6 0.5158730158730159 0.5218253968253969 0.3551587301587302 0.10119047619047619
6 0.24206349206349206 0.6438492063492064 0.40674603174603174 0.12103174603174603
6 0.8819444444444444 0.5734126984126984 0.12103174603174603 0.20238095238095238