0 0.9404296875 0.0498046875 0.099609375 0.060546875
0 0.9404296875 0.150390625 0.099609375 0.099609375
0 0.9404296875 0.5498046875 0.099609375 0.400390625
0 0.9404296875 0.8798828125 0.099609375 0.119140625
0 0.0703125 0.0595703125 0.099609375 0.080078125
0 0.0703125 0.150390625 0.099609375 0.080078125
0 0.0703125 0.3798828125 0.099609375 0.099609375
0 0.0703125 0.5302734375 0.099609375 0.099609375
0 0.0703125 0.8798828125 0.099609375 0.080078125
2 0.48046875 0.1201171875 0.060546875 0.080078125
2 0.3896484375 0.1201171875 0.060546875 0.080078125
2 0.8203125 0.2998046875 0.060546875 0.080078125
2 0.48046875 0.3798828125 0.060546875 0.080078125
2 0.48046875 0.51953125 0.060546875 0.080078125
2 0.3603515625 0.400390625 0.060546875 0.080078125
2 0.3603515625 0.740234375 0.060546875 0.080078125
2 0.3603515625 0.8798828125 0.060546875 0.080078125
2 0.25 0.150390625 0.05078125 0.060546875
2 0.25 0.330078125 0.05078125 0.060546875
2 0.2197265625 0.8798828125 0.060546875 0.080078125
4 0.7197265625 0.2197265625 0.05078125 0.060546875
4 0.7197265625 0.400390625 0.05078125 0.060546875
4 0.7197265625 0.580078125 0.05078125 0.060546875
4 0.7197265625 0.740234375 0.05078125 0.060546875
4 0.7197265625 0.8798828125 0.05078125 0.060546875
4 0.3603515625 0.259765625 0.05078125 0.080078125
4 0.3603515625 0.599609375 0.05078125 0.080078125
1 0.2197265625 0.0703125 0.05078125 0.080078125
5 0.8203125 0.599609375 0.05078125 0.080078125
5 0.8203125 0.73046875 0.05078125 0.080078125
5 0.8203125 0.849609375 0.05078125 0.080078125
5 0.2197265625 0.51953125 0.05078125 0.080078125
3 0.9404296875 0.099609375 0.009765625 0.05078125
3 0.8701171875 0.2802734375 0.060546875 0.009765625
3 0.8701171875 0.3203125 0.060546875 0.009765625
3 0.8701171875 0.2197265625 0.060546875 0.009765625
3 0.76953125 0.2802734375 0.05078125 0.009765625
3 0.8203125 0.169921875 0.009765625 0.1796875
3 0.66015625 0.080078125 0.310546875 0.009765625
3 0.4296875 0.1904296875 0.009765625 0.0390625
3 0.4404296875 0.259765625 0.05078125 0.009765625
3 0.4697265625 0.3203125 0.009765625 0.099609375
3 0.51953125 0.3798828125 0.0390625 0.009765625
3 0.51953125 0.400390625 0.0390625 0.009765625
3 0.51953125 0.51953125 0.0390625 0.009765625
3 0.51953125 0.599609375 0.119140625 0.009765625
3 0.51953125 0.73046875 0.119140625 0.009765625
3 0.51953125 0.75 0.119140625 0.009765625
3 0.51953125 0.8798828125 0.119140625 0.009765625
3 0.419921875 0.400390625 0.0390625 0.009765625
3 0.2998046875 0.419921875 0.080078125 0.009765625
3 0.2802734375 0.259765625 0.05078125 0.009765625
3 0.2197265625 0.1103515625 0.009765625 0.0390625
3 0.2197265625 0.400390625 0.009765625 0.099609375
3 0.1298828125 0.0703125 0.060546875 0.009765625
3 0.1298828125 0.1396484375 0.060546875 0.009765625
3 0.150390625 0.330078125 0.080078125 0.009765625
3 0.150390625 0.51953125 0.080078125 0.009765625
3 0.1396484375 0.8798828125 0.080078125 0.009765625
3 0.26953125 0.75 0.009765625 0.30078125
3 0.25 0.8798828125 0.0390625 0.009765625
3 0.2197265625 0.740234375 0.009765625 0.400390625
3 0.4697265625 0.9501953125 0.5 0.009765625
3 0.7197265625 0.919921875 0.009765625 0.060546875
6 0.66015625 0.509765625 0.240234375 0.880859375
6 0.4599609375 0.490234375 0.8203125 0.94921875
6 0.8203125 0.7099609375 0.099609375 0.509765625
6 0.48046875 0.48046875 0.099609375 0.349609375
6 0.3603515625 0.75 0.119140625 0.400390625
6 0.4296875 0.1201171875 0.19921875 0.119140625