0 0.9538152610441767 0.04919678714859438 0.09236947791164658 0.06224899598393574
0 0.9538152610441767 0.15160642570281124 0.09236947791164658 0.10240963855421686
0 0.9538152610441767 0.5632530120481928 0.09236947791164658 0.41164658634538154
0 0.9538152610441767 0.9026104417670683 0.09236947791164658 0.12248995983935743
0 0.0642570281124498 0.05923694779116466 0.10240963855421686 0.0823293172690763
0 0.0642570281124498 0.15261044176706828 0.10240963855421686 0.0823293172690763
0 0.0642570281124498 0.3885542168674699 0.10240963855421686 0.10240963855421686
0 0.0642570281124498 0.5431726907630522 0.10240963855421686 0.10240963855421686
0 0.0642570281124498 0.9026104417670683 0.10240963855421686 0.0823293172690763
2 0.4859437751004016 0.1214859437751004 0.06224899598393574 0.0823293172690763
2 0.392570281124498 0.1214859437751004 0.06224899598393574 0.0823293172690763
2 0.8353413654618473 0.30622489959839355 0.06224899598393574 0.0823293172690763
2 0.4859437751004016 0.3885542168674699 0.06224899598393574 0.0823293172690763
2 0.4859437751004016 0.5321285140562249 0.06224899598393574 0.0823293172690763
2 0.36244979919678716 0.40963855421686746 0.06224899598393574 0.0823293172690763
2 0.36244979919678716 0.7590361445783133 0.06224899598393574 0.0823293172690763
2 0.36244979919678716 0.9026104417670683 0.06224899598393574 0.0823293172690763
2 0.24899598393574296 0.15261044176706828 0.05220883534136546 0.06224899598393574
2 0.24899598393574296 0.3373493975903614 0.05220883534136546 0.06224899598393574
2 0.2178714859437751 0.9026104417670683 0.06224899598393574 0.0823293172690763
4 0.7319277108433735 0.22389558232931728 0.05220883534136546 0.06224899598393574
4 0.7319277108433735 0.40963855421686746 0.05220883534136546 0.06224899598393574
4 0.7319277108433735 0.5943775100401606 0.05220883534136546 0.06224899598393574
4 0.7319277108433735 0.7590361445783133 0.05220883534136546 0.06224899598393574
4 0.7319277108433735 0.9026104417670683 0.05220883534136546 0.06224899598393574
4 0.36244979919678716 0.26506024096385544 0.05220883534136546 0.0823293172690763
4 0.36244979919678716 0.6144578313253012 0.05220883534136546 0.0823293172690763
1 0.2178714859437751 0.07028112449799197 0.05220883534136546 0.0823293172690763
5 0.8353413654618473 0.6144578313253012 0.05220883534136546 0.0823293172690763
5 0.8353413654618473 0.748995983935743 0.05220883534136546 0.0823293172690763
5 0.8353413654618473 0.8714859437751004 0.05220883534136546 0.0823293172690763
5 0.2178714859437751 0.5321285140562249 0.05220883534136546 0.0823293172690763
3 0.9588353413654619 0.10040160642570281 0.010040160642570281 0.05220883534136546
3 0.8865461847389559 0.286144578313253 0.06224899598393574 0.010040160642570281
3 0.8865461847389559 0.3273092369477912 0.06224899598393574 0.010040160642570281
3 0.8865461847389559 0.22389558232931728 0.06224899598393574 0.010040160642570281
3 0.7831325301204819 0.286144578313253 0.05220883534136546 0.010040160642570281
3 0.8353413654618473 0.17269076305220885 0.010040160642570281 0.18473895582329317
3 0.6706827309236948 0.08032128514056225 0.3192771084337349 0.010040160642570281
3 0.43373493975903615 0.19377510040160642 0.010040160642570281 0.040160642570281124
3 0.44477911646586343 0.26506024096385544 0.05220883534136546 0.010040160642570281
3 0.4748995983935743 0.3273092369477912 0.010040160642570281 0.10240963855421686
3 0.5261044176706827 0.3885542168674699 0.040160642570281124 0.010040160642570281
3 0.5261044176706827 0.40963855421686746 0.040160642570281124 0.010040160642570281
3 0.5261044176706827 0.5321285140562249 0.040160642570281124 0.010040160642570281
3 0.5261044176706827 0.6144578313253012 0.12248995983935743 0.010040160642570281
3 0.5261044176706827 0.748995983935743 0.12248995983935743 0.010040160642570281
3 0.5261044176706827 0.7690763052208835 0.12248995983935743 0.010040160642570281
3 0.5261044176706827 0.9026104417670683 0.12248995983935743 0.010040160642570281
3 0.42369477911646586 0.40963855421686746 0.040160642570281124 0.010040160642570281
3 0.3002008032128514 0.42971887550200805 0.0823293172690763 0.010040160642570281
3 0.28012048192771083 0.26506024096385544 0.05220883534136546 0.010040160642570281
3 0.2178714859437751 0.11144578313253012 0.010040160642570281 0.040160642570281124
3 0.2178714859437751 0.40963855421686746 0.010040160642570281 0.10240963855421686
3 0.12550200803212852 0.07028112449799197 0.06224899598393574 0.010040160642570281
3 0.12550200803212852 0.14156626506024098 0.06224899598393574 0.010040160642570281
3 0.1465863453815261 0.3373493975903614 0.0823293172690763 0.010040160642570281
3 0.1465863453815261 0.5321285140562249 0.0823293172690763 0.010040160642570281
3 0.1355421686746988 0.9026104417670683 0.0823293172690763 0.010040160642570281
3 0.26907630522088355 0.7690763052208835 0.010040160642570281 0.3092369477911647
3 0.24899598393574296 0.9026104417670683 0.040160642570281124 0.010040160642570281
3 0.2178714859437751 0.7590361445783133 0.010040160642570281 0.41164658634538154
3 0.4748995983935743 0.9748995983935743 0.5140562248995983 0.010040160642570281
3 0.7319277108433735 0.9437751004016064 0.010040160642570281 0.06224899598393574
6 0.6706827309236948 0.5220883534136547 0.2469879518072289 0.9056224899598394
6 0.464859437751004 0.5020080321285141 0.8433734939759037 0.9759036144578314
6 0.8353413654618473 0.7279116465863453 0.10240963855421686 0.5240963855421686
6 0.4859437751004016 0.4919678714859438 0.10240963855421686 0.35943775100401604
6 0.36244979919678716 0.7690763052208835 0.12248995983935743 0.41164658634538154
6 0.43373493975903615 0.1214859437751004 0.20481927710843373 0.12248995983935743