0 0.045081967213114756 0.030737704918032786 0.09016393442622951 0.06147540983606557
0 0.045081967213114756 0.13422131147540983 0.09016393442622951 0.10450819672131148
0 0.045081967213114756 0.5543032786885246 0.09016393442622951 0.42008196721311475
0 0.045081967213114756 0.9006147540983607 0.09016393442622951 0.125
0 0.9487704918032787 0.040983606557377046 0.10245901639344263 0.08196721311475409
0 0.9487704918032787 0.13422131147540983 0.10245901639344263 0.08401639344262295
0 0.9487704918032787 0.3760245901639344 0.10245901639344263 0.10450819672131148
0 0.9487704918032787 0.5338114754098361 0.10245901639344263 0.10450819672131148
0 0.9487704918032787 0.9006147540983607 0.10245901639344263 0.08401639344262295
2 0.5204918032786885 0.10348360655737705 0.06352459016393443 0.08401639344262295
2 0.6157786885245902 0.10348360655737705 0.06352459016393443 0.08401639344262295
2 0.16393442622950818 0.29200819672131145 0.06352459016393443 0.08401639344262295
2 0.5204918032786885 0.3760245901639344 0.06352459016393443 0.08401639344262295
2 0.5204918032786885 0.5225409836065574 0.06352459016393443 0.08401639344262295
2 0.6465163934426229 0.3975409836065574 0.06352459016393443 0.08401639344262295
2 0.6465163934426229 0.7540983606557377 0.06352459016393443 0.08401639344262295
2 0.6465163934426229 0.9006147540983607 0.06352459016393443 0.08401639344262295
2 0.7622950819672131 0.13524590163934427 0.05327868852459016 0.06352459016393443
2 0.7622950819672131 0.3237704918032787 0.05327868852459016 0.06352459016393443
2 0.7940573770491803 0.9006147540983607 0.06352459016393443 0.08401639344262295
4 0.2694672131147541 0.20799180327868852 0.05327868852459016 0.06352459016393443
4 0.2694672131147541 0.3975409836065574 0.05327868852459016 0.06352459016393443
4 0.2694672131147541 0.5860655737704918 0.05327868852459016 0.06352459016393443
4 0.2694672131147541 0.7540983606557377 0.05327868852459016 0.06352459016393443
4 0.2694672131147541 0.9006147540983607 0.05327868852459016 0.06352459016393443
4 0.6465163934426229 0.25 0.05327868852459016 0.08401639344262295
4 0.6465163934426229 0.6065573770491803 0.05327868852459016 0.08401639344262295
1 0.7940573770491803 0.05122950819672131 0.05327868852459016 0.08401639344262295
5 0.16393442622950818 0.6065573770491803 0.05327868852459016 0.08401639344262295
5 0.16393442622950818 0.7438524590163934 0.05327868852459016 0.08401639344262295
5 0.16393442622950818 0.8688524590163934 0.05327868852459016 0.08401639344262295
5 0.7940573770491803 0.5225409836065574 0.05327868852459016 0.08401639344262295
3 0.03790983606557377 0.08196721311475409 0.010245901639344262 0.05327868852459016
3 0.11168032786885246 0.27151639344262296 0.06352459016393443 0.010245901639344262
3 0.11168032786885246 0.3135245901639344 0.06352459016393443 0.010245901639344262
3 0.11168032786885246 0.20799180327868852 0.06352459016393443 0.010245901639344262
3 0.21721311475409835 0.27151639344262296 0.05327868852459016 0.010245901639344262
3 0.16393442622950818 0.1557377049180328 0.010245901639344262 0.1885245901639344
3 0.3319672131147541 0.06147540983606557 0.32581967213114754 0.010245901639344262
3 0.5737704918032787 0.17725409836065573 0.010245901639344262 0.040983606557377046
3 0.5625 0.25 0.05327868852459016 0.010245901639344262
3 0.5317622950819673 0.3135245901639344 0.010245901639344262 0.10450819672131148
3 0.47950819672131145 0.3760245901639344 0.040983606557377046 0.010245901639344262
3 0.47950819672131145 0.3975409836065574 0.040983606557377046 0.010245901639344262
3 0.47950819672131145 0.5225409836065574 0.040983606557377046 0.010245901639344262
3 0.47950819672131145 0.6065573770491803 0.125 0.010245901639344262
3 0.47950819672131145 0.7438524590163934 0.125 0.010245901639344262
3 0.47950819672131145 0.764344262295082 0.125 0.010245901639344262
3 0.47950819672131145 0.9006147540983607 0.125 0.010245901639344262
3 0.5840163934426229 0.3975409836065574 0.040983606557377046 0.010245901639344262
3 0.7100409836065574 0.4180327868852459 0.08401639344262295 0.010245901639344262
3 0.7305327868852459 0.25 0.05327868852459016 0.010245901639344262
3 0.7940573770491803 0.0932377049180328 0.010245901639344262 0.040983606557377046
3 0.7940573770491803 0.3975409836065574 0.010245901639344262 0.10450819672131148
3 0.8883196721311475 0.05122950819672131 0.06352459016393443 0.010245901639344262
3 0.8883196721311475 0.12397540983606557 0.06352459016393443 0.010245901639344262
3 0.8668032786885246 0.3237704918032787 0.08401639344262295 0.010245901639344262
3 0.8668032786885246 0.5225409836065574 0.08401639344262295 0.010245901639344262
3 0.8780737704918032 0.9006147540983607 0.08401639344262295 0.010245901639344262
3 0.7418032786885246 0.764344262295082 0.010245901639344262 0.3155737704918033
3 0.7622950819672131 0.9006147540983607 0.040983606557377046 0.010245901639344262
3 0.7940573770491803 0.7540983606557377 0.010245901639344262 0.42008196721311475
3 0.5317622950819673 0.9743852459016393 0.5245901639344263 0.010245901639344262
3 0.2694672131147541 0.9426229508196722 0.010245901639344262 0.06352459016393443
6 0.3319672131147541 0.5122950819672131 0.2520491803278688 0.9241803278688525
6 0.5409836065573771 0.4948770491803279 0.860655737704918 0.9897540983606558
6 0.16393442622950818 0.7223360655737705 0.10450819672131148 0.5348360655737705
6 0.5204918032786885 0.48155737704918034 0.10450819672131148 0.3668032786885246
6 0.6465163934426229 0.764344262295082 0.125 0.42008196721311475
6 0.5737704918032787 0.10348360655737705 0.20901639344262296 0.125