0 0.04535864978902954 0.03059071729957806 0.06540084388185655 0.06118143459915612
0 0.1529535864978903 0.03059071729957806 0.10759493670886076 0.06118143459915612
0 0.5854430379746836 0.03059071729957806 0.43248945147679324 0.06118143459915612
0 0.9388185654008439 0.03059071729957806 0.12236286919831224 0.06118143459915612
0 0.05590717299578059 0.9462025316455697 0.08649789029535865 0.10759493670886076
0 0.1529535864978903 0.9462025316455697 0.08649789029535865 0.10759493670886076
0 0.40189873417721517 0.9462025316455697 0.10759493670886076 0.10759493670886076
0 0.5643459915611815 0.9462025316455697 0.10759493670886076 0.10759493670886076
0 0.9419831223628692 0.9462025316455697 0.08649789029535865 0.10759493670886076
2 0.12130801687763713 0.5042194092827004 0.08649789029535865 0.06540084388185655
2 0.12130801687763713 0.6023206751054853 0.08649789029535865 0.06540084388185655
2 0.3154008438818565 0.1371308016877637 0.08649789029535865 0.06540084388185655
2 0.40189873417721517 0.5042194092827004 0.08649789029535865 0.06540084388185655
2 0.5527426160337553 0.5042194092827004 0.08649789029535865 0.06540084388185655
2 0.4240506329113924 0.6339662447257384 0.08649789029535865 0.06540084388185655
2 0.7911392405063291 0.6339662447257384 0.08649789029535865 0.06540084388185655
2 0.9419831223628692 0.6339662447257384 0.08649789029535865 0.06540084388185655
2 0.1540084388185654 0.7531645569620253 0.06540084388185655 0.05485232067510549
2 0.34810126582278483 0.7531645569620253 0.06540084388185655 0.05485232067510549
2 0.9419831223628692 0.7858649789029536 0.08649789029535865 0.06540084388185655
4 0.2289029535864979 0.24578059071729957 0.06540084388185655 0.05485232067510549
4 0.4240506329113924 0.24578059071729957 0.06540084388185655 0.05485232067510549
4 0.6181434599156118 0.24578059071729957 0.06540084388185655 0.05485232067510549
4 0.7911392405063291 0.24578059071729957 0.06540084388185655 0.05485232067510549
4 0.9419831223628692 0.24578059071729957 0.06540084388185655 0.05485232067510549
4 0.2721518987341772 0.6339662447257384 0.08649789029535865 0.05485232067510549
4 0.6392405063291139 0.6339662447257384 0.08649789029535865 0.05485232067510549
1 0.06751054852320675 0.7858649789029536 0.08649789029535865 0.05485232067510549
5 0.6392405063291139 0.1371308016877637 0.08649789029535865 0.05485232067510549
5 0.7805907172995781 0.1371308016877637 0.08649789029535865 0.05485232067510549
5 0.9092827004219409 0.1371308016877637 0.08649789029535865 0.05485232067510549
5 0.5527426160337553 0.7858649789029536 0.08649789029535865 0.05485232067510549
3 0.09915611814345991 0.007383966244725738 0.05485232067510549 0.010548523206751054
3 0.29430379746835444 0.08333333333333333 0.010548523206751054 0.06540084388185655
3 0.33755274261603374 0.08333333333333333 0.010548523206751054 0.06540084388185655
3 0.2289029535864979 0.08333333333333333 0.010548523206751054 0.06540084388185655
3 0.29430379746835444 0.19198312236286919 0.010548523206751054 0.05485232067510549
3 0.1751054852320675 0.1371308016877637 0.1940928270042194 0.010548523206751054
3 0.07805907172995781 0.310126582278481 0.010548523206751054 0.33544303797468356
3 0.19725738396624473 0.5590717299578059 0.04219409282700422 0.010548523206751054
3 0.2721518987341772 0.5474683544303798 0.010548523206751054 0.05485232067510549
3 0.33755274261603374 0.5158227848101266 0.10759493670886076 0.010548523206751054
3 0.40189873417721517 0.4620253164556962 0.010548523206751054 0.04219409282700422
3 0.4240506329113924 0.4620253164556962 0.010548523206751054 0.04219409282700422
3 0.5527426160337553 0.4620253164556962 0.010548523206751054 0.04219409282700422
3 0.6392405063291139 0.4620253164556962 0.010548523206751054 0.12869198312236288
3 0.7805907172995781 0.4620253164556962 0.010548523206751054 0.12869198312236288
3 0.8016877637130801 0.4620253164556962 0.010548523206751054 0.12869198312236288
3 0.9419831223628692 0.4620253164556962 0.010548523206751054 0.12869198312236288
3 0.4240506329113924 0.569620253164557 0.010548523206751054 0.04219409282700422
3 0.4451476793248945 0.6993670886075949 0.010548523206751054 0.08649789029535865
3 0.2721518987341772 0.7204641350210971 0.010548523206751054 0.05485232067510549
3 0.11075949367088607 0.7858649789029536 0.04219409282700422 0.010548523206751054
3 0.4240506329113924 0.7858649789029536 0.10759493670886076 0.010548523206751054
3 0.06751054852320675 0.8829113924050633 0.010548523206751054 0.06540084388185655
3 0.14240506329113925 0.8829113924050633 0.010548523206751054 0.06540084388185655
3 0.34810126582278483 0.8607594936708861 0.010548523206751054 0.08649789029535865
3 0.5527426160337553 0.8607594936708861 0.010548523206751054 0.08649789029535865
3 0.9419831223628692 0.8723628691983122 0.010548523206751054 0.08649789029535865
3 0.8016877637130801 0.7320675105485233 0.32489451476793246 0.010548523206751054
3 0.9419831223628692 0.7531645569620253 0.010548523206751054 0.04219409282700422
3 0.7869198312236287 0.7858649789029536 0.42616033755274263 0.010548523206751054
3 0.9757383966244726 0.24578059071729957 0.04852320675105485 0.010548523206751054
6 0.5327004219409283 0.3090717299578059 0.9345991561181435 0.25949367088607594
6 0.5042194092827004 0.5253164556962026 0.9915611814345991 0.8860759493670886
6 0.7415611814345991 0.1360759493670886 0.5168776371308017 0.10759493670886076
6 0.510548523206751 0.5042194092827004 0.37763713080168776 0.10759493670886076
6 0.7921940928270043 0.6339662447257384 0.41561181434599154 0.12869198312236288
6 0.12130801687763713 0.5590717299578059 0.12869198312236288 0.21518987341772153