0 0.03869047619047619 0.050595238095238096 0.061507936507936505 0.10119047619047619
0 0.14087301587301587 0.050595238095238096 0.10119047619047619 0.10119047619047619
0 0.5466269841269841 0.050595238095238096 0.40674603174603174 0.10119047619047619
0 0.8819444444444444 0.050595238095238096 0.12103174603174603 0.10119047619047619
0 0.04861111111111111 0.9345238095238095 0.08134920634920635 0.10119047619047619
0 0.14087301587301587 0.9345238095238095 0.08134920634920635 0.10119047619047619
0 0.3740079365079365 0.9345238095238095 0.10119047619047619 0.10119047619047619
0 0.5267857142857143 0.9345238095238095 0.10119047619047619 0.10119047619047619
0 0.8819444444444444 0.9345238095238095 0.08134920634920635 0.10119047619047619
2 0.11011904761904762 0.5178571428571429 0.08134920634920635 0.061507936507936505
2 0.11011904761904762 0.6101190476190477 0.08134920634920635 0.061507936507936505
2 0.2926587301587302 0.17261904761904762 0.08134920634920635 0.061507936507936505
2 0.3740079365079365 0.5178571428571429 0.08134920634920635 0.061507936507936505
2 0.5158730158730159 0.5178571428571429 0.08134920634920635 0.061507936507936505
2 0.3948412698412698 0.6398809523809523 0.08134920634920635 0.061507936507936505
2 0.7400793650793651 0.6398809523809523 0.08134920634920635 0.061507936507936505
2 0.8819444444444444 0.6398809523809523 0.08134920634920635 0.061507936507936505
2 0.14087301587301587 0.751984126984127 0.061507936507936505 0.051587301587301584
2 0.32341269841269843 0.751984126984127 0.061507936507936505 0.051587301587301584
2 0.8819444444444444 0.7827380952380952 0.08134920634920635 0.061507936507936505
4 0.2113095238095238 0.2748015873015873 0.061507936507936505 0.051587301587301584
4 0.3948412698412698 0.2748015873015873 0.061507936507936505 0.051587301587301584
4 0.5773809523809523 0.2748015873015873 0.061507936507936505 0.051587301587301584
4 0.7400793650793651 0.2748015873015873 0.061507936507936505 0.051587301587301584
4 0.8819444444444444 0.2748015873015873 0.061507936507936505 0.051587301587301584
4 0.251984126984127 0.6398809523809523 0.08134920634920635 0.051587301587301584
4 0.5972222222222222 0.6398809523809523 0.08134920634920635 0.051587301587301584
1 0.05952380952380952 0.7827380952380952 0.08134920634920635 0.051587301587301584
5 0.5972222222222222 0.17261904761904762 0.08134920634920635 0.051587301587301584
5 0.7301587301587301 0.17261904761904762 0.08134920634920635 0.051587301587301584
5 0.8511904761904762 0.17261904761904762 0.08134920634920635 0.051587301587301584
5 0.5158730158730159 0.7827380952380952 0.08134920634920635 0.051587301587301584
3 0.08928571428571429 0.050595238095238096 0.051587301587301584 0.00992063492063492
3 0.2728174603174603 0.12202380952380952 0.00992063492063492 0.061507936507936505
3 0.3134920634920635 0.12202380952380952 0.00992063492063492 0.061507936507936505
3 0.2113095238095238 0.12202380952380952 0.00992063492063492 0.061507936507936505
3 0.2728174603174603 0.22420634920634921 0.00992063492063492 0.051587301587301584
3 0.16071428571428573 0.17261904761904762 0.18253968253968253 0.00992063492063492
3 0.06944444444444445 0.3353174603174603 0.00992063492063492 0.31547619047619047
3 0.18154761904761904 0.5694444444444444 0.03968253968253968 0.00992063492063492
3 0.251984126984127 0.558531746031746 0.00992063492063492 0.051587301587301584
3 0.3134920634920635 0.5287698412698413 0.10119047619047619 0.00992063492063492
3 0.3740079365079365 0.4781746031746032 0.00992063492063492 0.03968253968253968
3 0.3948412698412698 0.4781746031746032 0.00992063492063492 0.03968253968253968
3 0.5158730158730159 0.4781746031746032 0.00992063492063492 0.03968253968253968
3 0.5972222222222222 0.4781746031746032 0.00992063492063492 0.12103174603174603
3 0.7301587301587301 0.4781746031746032 0.00992063492063492 0.12103174603174603
3 0.75 0.4781746031746032 0.00992063492063492 0.12103174603174603
3 0.8819444444444444 0.4781746031746032 0.00992063492063492 0.12103174603174603
3 0.3948412698412698 0.5793650793650794 0.00992063492063492 0.03968253968253968
3 0.4146825396825397 0.7013888888888888 0.00992063492063492 0.08134920634920635
3 0.251984126984127 0.7212301587301587 0.00992063492063492 0.051587301587301584
3 0.1001984126984127 0.7827380952380952 0.03968253968253968 0.00992063492063492
3 0.3948412698412698 0.7827380952380952 0.10119047619047619 0.00992063492063492
3 0.05952380952380952 0.8740079365079365 0.00992063492063492 0.061507936507936505
3 0.12996031746031747 0.8740079365079365 0.00992063492063492 0.061507936507936505
3 0.32341269841269843 0.8531746031746031 0.00992063492063492 0.08134920634920635
3 0.5158730158730159 0.8531746031746031 0.00992063492063492 0.08134920634920635
3 0.8819444444444444 0.8640873015873016 0.00992063492063492 0.08134920634920635
3 0.75 0.7321428571428571 0.3055555555555556 0.00992063492063492
3 0.8819444444444444 0.751984126984127 0.00992063492063492 0.03968253968253968
3 0.7400793650793651 0.7827380952380952 0.40674603174603174 0.00992063492063492
3 0.9533730158730159 0.5287698412698413 0.00992063492063492 0.5079365079365079
3 0.9226190476190477 0.2748015873015873 0.061507936507936505 0.00992063492063492
6 0.5059523809523809 0.3353174603174603 0.8948412698412699 0.24404761904761904
6 0.4861111111111111 0.5386904761904762 0.9642857142857143 0.8333333333333334
6 0.7093253968253969 0.17261904761904762 0.5178571428571429 0.10119047619047619
6 0.47619047619047616 0.5178571428571429 0.3551587301587302 0.10119047619047619
6 0.75 0.6398809523809523 0.40674603174603174 0.12103174603174603
6 0.11011904761904762 0.5694444444444444 0.12103174603174603 0.20238095238095238