0 0.961 0.057 0.062 0.102
0 0.858 0.057 0.102 0.102
0 0.449 0.057 0.41 0.102
0 0.111 0.057 0.122 0.102
0 0.951 0.948 0.082 0.102
0 0.858 0.948 0.082 0.102
0 0.623 0.948 0.102 0.102
0 0.469 0.948 0.102 0.102
0 0.111 0.948 0.082 0.102
2 0.889 0.528 0.082 0.062
2 0.889 0.621 0.082 0.062
2 0.705 0.18 0.082 0.062
2 0.623 0.528 0.082 0.062
2 0.48 0.528 0.082 0.062
2 0.602 0.651 0.082 0.062
2 0.254 0.651 0.082 0.062
2 0.111 0.651 0.082 0.062
2 0.858 0.764 0.062 0.052
2 0.674 0.764 0.062 0.052
2 0.111 0.795 0.082 0.062
4 0.787 0.283 0.062 0.052
4 0.602 0.283 0.062 0.052
4 0.418 0.283 0.062 0.052
4 0.254 0.283 0.062 0.052
4 0.111 0.283 0.062 0.052
4 0.746 0.651 0.082 0.052
4 0.398 0.651 0.082 0.052
1 0.94 0.795 0.082 0.052
5 0.398 0.18 0.082 0.052
5 0.264 0.18 0.082 0.052
5 0.142 0.18 0.082 0.052
5 0.48 0.795 0.082 0.052
3 0.91 0.057 0.052 0.01
3 0.725 0.129 0.01 0.062
3 0.684 0.129 0.01 0.062
3 0.787 0.129 0.01 0.062
3 0.725 0.232 0.01 0.052
3 0.838 0.18 0.184 0.01
3 0.93 0.344 0.01 0.318
3 0.817 0.58 0.04 0.01
3 0.746 0.569 0.01 0.052
3 0.684 0.539 0.102 0.01
3 0.623 0.488 0.01 0.04
3 0.602 0.488 0.01 0.04
3 0.48 0.488 0.01 0.04
3 0.398 0.488 0.01 0.122
3 0.264 0.488 0.01 0.122
3 0.244 0.488 0.01 0.122
3 0.111 0.488 0.01 0.122
3 0.602 0.59 0.01 0.04
3 0.582 0.713 0.01 0.082
3 0.746 0.733 0.01 0.052
3 0.899 0.795 0.04 0.01
3 0.602 0.795 0.102 0.01
3 0.94 0.887 0.01 0.062
3 0.869 0.887 0.01 0.062
3 0.674 0.866 0.01 0.082
3 0.48 0.866 0.01 0.082
3 0.111 0.877 0.01 0.082
3 0.244 0.744 0.308 0.01
3 0.111 0.764 0.01 0.04
3 0.254 0.795 0.41 0.01
3 0.039 0.539 0.01 0.512
3 0.07 0.283 0.062 0.01
6 0.49 0.344 0.902 0.246
6 0.51 0.549 0.972 0.84
6 0.285 0.18 0.522 0.102
6 0.52 0.528 0.358 0.102
6 0.244 0.651 0.41 0.122
6 0.889 0.58 0.122 0.204