0 0.948093220338983 0.028601694915254237 0.1038135593220339 0.057203389830508475
0 0.948093220338983 0.13241525423728814 0.1038135593220339 0.10805084745762712
0 0.948093220338983 0.5667372881355932 0.1038135593220339 0.4343220338983051
0 0.948093220338983 0.9247881355932204 0.1038135593220339 0.1292372881355932
0 0.03072033898305085 0.03919491525423729 0.0614406779661017 0.07838983050847458
0 0.03072033898305085 0.13241525423728814 0.0614406779661017 0.08686440677966102
0 0.03072033898305085 0.3824152542372881 0.0614406779661017 0.10805084745762712
0 0.03072033898305085 0.5455508474576272 0.0614406779661017 0.10805084745762712
0 0.03072033898305085 0.9247881355932204 0.0614406779661017 0.08686440677966102
2 0.451271186440678 0.10063559322033898 0.06567796610169492 0.08686440677966102
2 0.3527542372881356 0.10063559322033898 0.06567796610169492 0.08686440677966102
2 0.8199152542372882 0.2955508474576271 0.06567796610169492 0.08686440677966102
2 0.451271186440678 0.3824152542372881 0.06567796610169492 0.08686440677966102
2 0.451271186440678 0.5338983050847458 0.06567796610169492 0.08686440677966102
2 0.3209745762711864 0.4046610169491525 0.06567796610169492 0.08686440677966102
2 0.3209745762711864 0.7733050847457628 0.06567796610169492 0.08686440677966102
2 0.3209745762711864 0.9247881355932204 0.06567796610169492 0.08686440677966102
2 0.20127118644067796 0.13347457627118645 0.05508474576271186 0.06567796610169492
2 0.20127118644067796 0.3283898305084746 0.05508474576271186 0.06567796610169492
2 0.1684322033898305 0.9247881355932204 0.06567796610169492 0.08686440677966102
4 0.7108050847457628 0.2086864406779661 0.05508474576271186 0.06567796610169492
4 0.7108050847457628 0.4046610169491525 0.05508474576271186 0.06567796610169492
4 0.7108050847457628 0.5995762711864406 0.05508474576271186 0.06567796610169492
4 0.7108050847457628 0.7733050847457628 0.05508474576271186 0.06567796610169492
4 0.7108050847457628 0.9247881355932204 0.05508474576271186 0.06567796610169492
4 0.3209745762711864 0.2521186440677966 0.05508474576271186 0.08686440677966102
4 0.3209745762711864 0.6207627118644068 0.05508474576271186 0.08686440677966102
1 0.1684322033898305 0.046610169491525424 0.05508474576271186 0.08686440677966102
5 0.8199152542372882 0.6207627118644068 0.05508474576271186 0.08686440677966102
5 0.8199152542372882 0.7627118644067796 0.05508474576271186 0.08686440677966102
5 0.8199152542372882 0.8919491525423728 0.05508474576271186 0.08686440677966102
5 0.1684322033898305 0.5338983050847458 0.05508474576271186 0.08686440677966102
3 0.9502118644067796 0.07838983050847458 0.01059322033898305 0.05508474576271186
3 0.8739406779661016 0.274364406779661 0.06567796610169492 0.01059322033898305
3 0.8739406779661016 0.3177966101694915 0.06567796610169492 0.01059322033898305
3 0.8739406779661016 0.2086864406779661 0.06567796610169492 0.01059322033898305
3 0.7648305084745762 0.274364406779661 0.05508474576271186 0.01059322033898305
3 0.8199152542372882 0.15466101694915255 0.01059322033898305 0.19491525423728814
3 0.6461864406779662 0.057203389830508475 0.336864406779661 0.01059322033898305
3 0.3961864406779661 0.17690677966101695 0.01059322033898305 0.0423728813559322
3 0.4078389830508475 0.2521186440677966 0.05508474576271186 0.01059322033898305
3 0.4396186440677966 0.3177966101694915 0.01059322033898305 0.10805084745762712
3 0.4936440677966102 0.3824152542372881 0.0423728813559322 0.01059322033898305
3 0.4936440677966102 0.4046610169491525 0.0423728813559322 0.01059322033898305
3 0.4936440677966102 0.5338983050847458 0.0423728813559322 0.01059322033898305
3 0.4936440677966102 0.6207627118644068 0.1292372881355932 0.01059322033898305
3 0.4936440677966102 0.7627118644067796 0.1292372881355932 0.01059322033898305
3 0.4936440677966102 0.7838983050847458 0.1292372881355932 0.01059322033898305
3 0.4936440677966102 0.9247881355932204 0.1292372881355932 0.01059322033898305
3 0.3855932203389831 0.4046610169491525 0.0423728813559322 0.01059322033898305
3 0.2552966101694915 0.4258474576271186 0.08686440677966102 0.01059322033898305
3 0.2341101694915254 0.2521186440677966 0.05508474576271186 0.01059322033898305
3 0.1684322033898305 0.09004237288135593 0.01059322033898305 0.0423728813559322
3 0.1684322033898305 0.4046610169491525 0.01059322033898305 0.10805084745762712
3 0.07097457627118645 0.046610169491525424 0.06567796610169492 0.01059322033898305
3 0.07097457627118645 0.12182203389830508 0.06567796610169492 0.01059322033898305
3 0.09322033898305085 0.3283898305084746 0.08686440677966102 0.01059322033898305
3 0.09322033898305085 0.5338983050847458 0.08686440677966102 0.01059322033898305
3 0.0815677966101695 0.9247881355932204 0.08686440677966102 0.01059322033898305
3 0.22245762711864406 0.7838983050847458 0.01059322033898305 0.326271186440678
3 0.20127118644067796 0.9247881355932204 0.0423728813559322 0.01059322033898305
3 0.1684322033898305 0.7733050847457628 0.01059322033898305 0.4343220338983051
3 0.4406779661016949 0.9978813559322034 0.5423728813559322 0.00423728813559322
3 0.7108050847457628 0.9671610169491526 0.01059322033898305 0.06567796610169492
6 0.6472457627118644 0.5222457627118644 0.2605932203389831 0.9555084745762712
6 0.4375 0.5 0.875 1
6 0.8209745762711864 0.7319915254237288 0.10805084745762712 0.5360169491525424
6 0.451271186440678 0.4915254237288136 0.10805084745762712 0.3792372881355932
6 0.3209745762711864 0.7828389830508474 0.1292372881355932 0.4343220338983051
6 0.3961864406779661 0.10063559322033898 0.21610169491525424 0.1292372881355932