0 0.05434782608695652 0.042490118577075096 0.1007905138339921 0.06126482213438735
0 0.05434782608695652 0.1442687747035573 0.1007905138339921 0.1007905138339921
0 0.05434782608695652 0.5484189723320159 0.1007905138339921 0.4051383399209486
0 0.05434782608695652 0.8824110671936759 0.1007905138339921 0.12055335968379446
0 0.9347826086956522 0.05237154150197629 0.1007905138339921 0.08102766798418973
0 0.9347826086956522 0.1442687747035573 0.1007905138339921 0.08102766798418973
0 0.9347826086956522 0.37648221343873517 0.1007905138339921 0.1007905138339921
0 0.9347826086956522 0.5286561264822134 0.1007905138339921 0.1007905138339921
0 0.9347826086956522 0.8824110671936759 0.1007905138339921 0.08102766798418973
2 0.5197628458498024 0.11363636363636363 0.06126482213438735 0.08102766798418973
2 0.6116600790513834 0.11363636363636363 0.06126482213438735 0.08102766798418973
2 0.17588932806324112 0.29545454545454547 0.06126482213438735 0.08102766798418973
2 0.5197628458498024 0.37648221343873517 0.06126482213438735 0.08102766798418973
2 0.5197628458498024 0.5177865612648221 0.06126482213438735 0.08102766798418973
2 0.6413043478260869 0.39723320158102765 0.06126482213438735 0.08102766798418973
2 0.6413043478260869 0.741106719367589 0.06126482213438735 0.08102766798418973
2 0.6413043478260869 0.8824110671936759 0.06126482213438735 0.08102766798418973
2 0.7529644268774703 0.1442687747035573 0.05138339920948617 0.06126482213438735
2 0.7529644268774703 0.32608695652173914 0.05138339920948617 0.06126482213438735
2 0.7835968379446641 0.8824110671936759 0.06126482213438735 0.08102766798418973
4 0.2776679841897233 0.21442687747035574 0.05138339920948617 0.06126482213438735
4 0.2776679841897233 0.39723320158102765 0.05138339920948617 0.06126482213438735
4 0.2776679841897233 0.5790513833992095 0.05138339920948617 0.06126482213438735
4 0.2776679841897233 0.741106719367589 0.05138339920948617 0.06126482213438735
4 0.2776679841897233 0.8824110671936759 0.05138339920948617 0.06126482213438735
4 0.6413043478260869 0.2549407114624506 0.05138339920948617 0.08102766798418973
4 0.6413043478260869 0.5988142292490118 0.05138339920948617 0.08102766798418973
1 0.7835968379446641 0.06324110671936758 0.05138339920948617 0.08102766798418973
5 0.17588932806324112 0.5988142292490118 0.05138339920948617 0.08102766798418973
5 0.17588932806324112 0.7312252964426877 0.05138339920948617 0.08102766798418973
5 0.17588932806324112 0.8517786561264822 0.05138339920948617 0.08102766798418973
5 0.7835968379446641 0.5177865612648221 0.05138339920948617 0.08102766798418973
3 0.05434782608695652 0.09288537549407115 0.009881422924901186 0.05138339920948617
3 0.12549407114624506 0.2756916996047431 0.06126482213438735 0.009881422924901186
3 0.12549407114624506 0.31620553359683795 0.06126482213438735 0.009881422924901186
3 0.12549407114624506 0.21442687747035574 0.06126482213438735 0.009881422924901186
3 0.22727272727272727 0.2756916996047431 0.05138339920948617 0.009881422924901186
3 0.17588932806324112 0.16403162055335968 0.009881422924901186 0.18181818181818182
3 0.33794466403162055 0.07312252964426877 0.3142292490118577 0.009881422924901186
3 0.5711462450592886 0.18478260869565216 0.009881422924901186 0.039525691699604744
3 0.5602766798418972 0.2549407114624506 0.05138339920948617 0.009881422924901186
3 0.5306324110671937 0.31620553359683795 0.009881422924901186 0.1007905138339921
3 0.48023715415019763 0.37648221343873517 0.039525691699604744 0.009881422924901186
3 0.48023715415019763 0.39723320158102765 0.039525691699604744 0.009881422924901186
3 0.48023715415019763 0.5177865612648221 0.039525691699604744 0.009881422924901186
3 0.48023715415019763 0.5988142292490118 0.12055335968379446 0.009881422924901186
3 0.48023715415019763 0.7312252964426877 0.12055335968379446 0.009881422924901186
3 0.48023715415019763 0.7509881422924901 0.12055335968379446 0.009881422924901186
3 0.48023715415019763 0.8824110671936759 0.12055335968379446 0.009881422924901186
3 0.5810276679841897 0.39723320158102765 0.039525691699604744 0.009881422924901186
3 0.7025691699604744 0.41699604743083 0.08102766798418973 0.009881422924901186
3 0.7223320158102767 0.2549407114624506 0.05138339920948617 0.009881422924901186
3 0.7835968379446641 0.10375494071146245 0.009881422924901186 0.039525691699604744
3 0.7835968379446641 0.39723320158102765 0.009881422924901186 0.1007905138339921
3 0.8745059288537549 0.06324110671936758 0.06126482213438735 0.009881422924901186
3 0.8745059288537549 0.13339920948616601 0.06126482213438735 0.009881422924901186
3 0.8537549407114624 0.32608695652173914 0.08102766798418973 0.009881422924901186
3 0.8537549407114624 0.5177865612648221 0.08102766798418973 0.009881422924901186
3 0.8646245059288538 0.8824110671936759 0.08102766798418973 0.009881422924901186
3 0.733201581027668 0.7509881422924901 0.009881422924901186 0.30434782608695654
3 0.7529644268774703 0.8824110671936759 0.039525691699604744 0.009881422924901186
3 0.7835968379446641 0.741106719367589 0.009881422924901186 0.4051383399209486
3 0.5306324110671937 0.9535573122529645 0.5059288537549407 0.009881422924901186
3 0.2776679841897233 0.9229249011857708 0.009881422924901186 0.06126482213438735
6 0.33794466403162055 0.5079051383399209 0.24308300395256918 0.8913043478260869
6 0.5405138339920948 0.4881422924901186 0.8300395256916996 0.9604743083003953
6 0.17588932806324112 0.7104743083003953 0.1007905138339921 0.5158102766798419
6 0.5197628458498024 0.4782608695652174 0.1007905138339921 0.35375494071146246
6 0.6413043478260869 0.7509881422924901 0.12055335968379446 0.4051383399209486
6 0.5711462450592886 0.11363636363636363 0.2015810276679842 0.12055335968379446