6 0.14990234375 0.18505859375 0.2939453125 0.3662109375
6 0.56494140625 0.490234375 0.5361328125 0.23046875
6 0.65478515625 0.15478515625 0.087890625 0.1904296875
6 0.7548828125 0.15478515625 0.09765625 0.1904296875
6 0.837890625 0.15478515625 0.0615234375 0.1904296875
6 0.916015625 0.15478515625 0.0908203125 0.1904296875
6 0.498046875 0.22021484375 0.2177734375 0.3203125
6 0.5419921875 0.462890625 0.3056640625 0.23046875
6 0.7548828125 0.412109375 0.09765625 0.33203125
6 0.837890625 0.3837890625 0.0615234375 0.3857421875
6 0.916015625 0.3837890625 0.0908203125 0.3857421875
6 0.1220703125 0.48486328125 0.244140625 0.2646484375
6 0.26220703125 0.794921875 0.5224609375 0.41015625
6 0.09619140625 0.82177734375 0.1884765625 0.35546875
6 0.375 0.794921875 0.2744140625 0.35546875
0 0.97412109375 0.77978515625 0.0419921875 0.08984375
1 0.0517578125 0.27392578125 0.0419921875 0.0654296875
2 0.14794921875 0.27392578125 0.0419921875 0.0654296875
4 0.15380859375 0.11376953125 0.0419921875 0.0654296875
5 0.2451171875 0.125 0.0419921875 0.0654296875
2 0.2451171875 0.26513671875 0.0419921875 0.0654296875
0 0.580078125 0.52490234375 0.0419921875 0.0654296875
2 0.51220703125 0.1650390625 0.0419921875 0.0654296875
2 0.58203125 0.1650390625 0.0419921875 0.0654296875
2 0.66015625 0.14990234375 0.0419921875 0.0654296875
2 0.7578125 0.14990234375 0.0419921875 0.0654296875
1 0.837890625 0.125 0.0419921875 0.0654296875
4 0.837890625 0.2451171875 0.0419921875 0.0654296875
2 0.837890625 0.39501953125 0.0419921875 0.0654296875
1 0.916015625 0.1318359375 0.0419921875 0.0654296875
4 0.916015625 0.2919921875 0.0419921875 0.0654296875
5 0.916015625 0.42822265625 0.0419921875 0.0654296875
1 0.42822265625 0.4501953125 0.0419921875 0.0654296875
2 0.5048828125 0.4501953125 0.0419921875 0.0654296875
2 0.5869140625 0.4501953125 0.0419921875 0.0654296875
2 0.65478515625 0.4501953125 0.0419921875 0.0654296875
1 0.7548828125 0.341796875 0.0419921875 0.0654296875
2 0.7548828125 0.4677734375 0.0419921875 0.0654296875
0 0.05810546875 0.4951171875 0.0419921875 0.0654296875
2 0.1650390625 0.4951171875 0.0419921875 0.0654296875
0 0.33984375 0.81201171875 0.0419921875 0.0654296875
2 0.11376953125 0.76513671875 0.0419921875 0.0654296875
2 0.11376953125 0.875 0.0419921875 0.0654296875
2 0.2822265625 0.73486328125 0.0419921875 0.0654296875
2 0.2822265625 0.921875 0.0419921875 0.0654296875
2 0.455078125 0.64794921875 0.0419921875 0.0654296875
4 0.455078125 0.76513671875 0.0419921875 0.0654296875
4 0.455078125 0.884765625 0.0419921875 0.0654296875
5 0.44287109375 0.27783203125 0.0419921875 0.0654296875
3 0.0517578125 0.1982421875 0.0048828125 0.1201171875
3 0.10009765625 0.27392578125 0.0546875 0.0048828125
3 0.15380859375 0.1982421875 0.0048828125 0.1103515625
3 0.2119140625 0.125 0.0244140625 0.0048828125
3 0.19482421875 0.26513671875 0.0546875 0.0048828125
3 0.2451171875 0.1982421875 0.0048828125 0.080078125
3 0.14990234375 0.3798828125 0.0048828125 0.1103515625
3 0.2939453125 0.3798828125 0.2841796875 0.0048828125
3 0.341796875 0.251953125 0.0048828125 0.25
3 0.2822265625 0.4951171875 0.076171875 0.0048828125
3 0.2822265625 0.51220703125 0.0048828125 0.0400390625
3 0.341796875 0.51220703125 0.1162109375 0.0048828125
3 0.4638671875 0.1650390625 0.0517578125 0.0048828125
3 0.44287109375 0.22021484375 0.0048828125 0.0595703125
3 0.48193359375 0.27783203125 0.03515625 0.0048828125
3 0.5478515625 0.1650390625 0.0283203125 0.0048828125
3 0.6220703125 0.14990234375 0.03515625 0.0048828125
3 0.7099609375 0.14990234375 0.0546875 0.0048828125
3 0.7998046875 0.1318359375 0.03515625 0.0048828125
3 0.837890625 0.18994140625 0.0048828125 0.0595703125
3 0.837890625 0.31982421875 0.0048828125 0.080078125
3 0.8779296875 0.1318359375 0.03515625 0.0048828125
3 0.916015625 0.2099609375 0.0048828125 0.08984375
3 0.916015625 0.35986328125 0.0048828125 0.0703125
3 0.46484375 0.4501953125 0.03515625 0.0048828125
3 0.544921875 0.4501953125 0.0419921875 0.0048828125
3 0.6220703125 0.4501953125 0.0244140625 0.0048828125
3 0.7041015625 0.4501953125 0.0546875 0.0048828125
3 0.7548828125 0.40478515625 0.0048828125 0.0595703125
3 0.58203125 0.22021484375 0.0048828125 0.2001953125
3 0.61181640625 0.31982421875 0.0595703125 0.0048828125
3 0.14794921875 0.73486328125 0.0244140625 0.0048828125
3 0.14794921875 0.884765625 0.0244140625 0.0048828125
3 0.14794921875 0.81201171875 0.0048828125 0.150390625
3 0.240234375 0.73486328125 0.0419921875 0.0048828125
3 0.240234375 0.884765625 0.0419921875 0.0048828125
3 0.2822265625 0.830078125 0.0048828125 0.099609375
3 0.33203125 0.73486328125 0.0546875 0.0048828125
3 0.33203125 0.76513671875 0.0546875 0.0048828125
3 0.33203125 0.884765625 0.0546875 0.0048828125
3 0.412109375 0.64794921875 0.0419921875 0.0048828125
3 0.412109375 0.76513671875 0.0419921875 0.0048828125
3 0.412109375 0.884765625 0.0419921875 0.0048828125
3 0.9580078125 0.42822265625 0.0048828125 0.5703125
3 0.9658203125 0.7119140625 0.0244140625 0.0048828125