6 0.85009765625 0.18505859375 0.2939453125 0.3662109375
6 0.43505859375 0.490234375 0.5361328125 0.23046875
6 0.34521484375 0.15478515625 0.087890625 0.1904296875
6 0.2451171875 0.15478515625 0.09765625 0.1904296875
6 0.162109375 0.15478515625 0.0615234375 0.1904296875
6 0.083984375 0.15478515625 0.0908203125 0.1904296875
6 0.501953125 0.22021484375 0.2177734375 0.3203125
6 0.4580078125 0.462890625 0.3056640625 0.23046875
6 0.2451171875 0.412109375 0.09765625 0.33203125
6 0.162109375 0.3837890625 0.0615234375 0.3857421875
6 0.083984375 0.3837890625 0.0908203125 0.3857421875
6 0.8779296875 0.48486328125 0.244140625 0.2646484375
6 0.73779296875 0.794921875 0.5224609375 0.41015625
6 0.90380859375 0.82177734375 0.1884765625 0.35546875
6 0.625 0.794921875 0.2744140625 0.35546875
0 0.02587890625 0.77978515625 0.0419921875 0.08984375
1 0.9482421875 0.27392578125 0.0419921875 0.0654296875
2 0.85205078125 0.27392578125 0.0419921875 0.0654296875
4 0.84619140625 0.11376953125 0.0419921875 0.0654296875
5 0.7548828125 0.125 0.0419921875 0.0654296875
2 0.7548828125 0.26513671875 0.0419921875 0.0654296875
0 0.419921875 0.52490234375 0.0419921875 0.0654296875
2 0.48779296875 0.1650390625 0.0419921875 0.0654296875
2 0.41796875 0.1650390625 0.0419921875 0.0654296875
2 0.33984375 0.14990234375 0.0419921875 0.0654296875
2 0.2421875 0.14990234375 0.0419921875 0.0654296875
1 0.162109375 0.125 0.0419921875 0.0654296875
4 0.162109375 0.2451171875 0.0419921875 0.0654296875
2 0.162109375 0.39501953125 0.0419921875 0.0654296875
1 0.083984375 0.1318359375 0.0419921875 0.0654296875
4 0.083984375 0.2919921875 0.0419921875 0.0654296875
5 0.083984375 0.42822265625 0.0419921875 0.0654296875
1 0.57177734375 0.4501953125 0.0419921875 0.0654296875
2 0.4951171875 0.4501953125 0.0419921875 0.0654296875
2 0.4130859375 0.4501953125 0.0419921875 0.0654296875
2 0.34521484375 0.4501953125 0.0419921875 0.0654296875
1 0.2451171875 0.341796875 0.0419921875 0.0654296875
2 0.2451171875 0.4677734375 0.0419921875 0.0654296875
0 0.94189453125 0.4951171875 0.0419921875 0.0654296875
2 0.8349609375 0.4951171875 0.0419921875 0.0654296875
0 0.66015625 0.81201171875 0.0419921875 0.0654296875
2 0.88623046875 0.76513671875 0.0419921875 0.0654296875
2 0.88623046875 0.875 0.0419921875 0.0654296875
2 0.7177734375 0.73486328125 0.0419921875 0.0654296875
2 0.7177734375 0.921875 0.0419921875 0.0654296875
2 0.544921875 0.64794921875 0.0419921875 0.0654296875
4 0.544921875 0.76513671875 0.0419921875 0.0654296875
4 0.544921875 0.884765625 0.0419921875 0.0654296875
5 0.55712890625 0.27783203125 0.0419921875 0.0654296875
3 0.9482421875 0.1982421875 0.0048828125 0.1201171875
3 0.89990234375 0.27392578125 0.0546875 0.0048828125
3 0.84619140625 0.1982421875 0.0048828125 0.1103515625
3 0.7880859375 0.125 0.0244140625 0.0048828125
3 0.80517578125 0.26513671875 0.0546875 0.0048828125
3 0.7548828125 0.1982421875 0.0048828125 0.080078125
3 0.85009765625 0.3798828125 0.0048828125 0.1103515625
3 0.7060546875 0.3798828125 0.2841796875 0.0048828125
3 0.658203125 0.251953125 0.0048828125 0.25
3 0.7177734375 0.4951171875 0.076171875 0.0048828125
3 0.7177734375 0.51220703125 0.0048828125 0.0400390625
3 0.658203125 0.51220703125 0.1162109375 0.0048828125
3 0.5361328125 0.1650390625 0.0517578125 0.0048828125
3 0.55712890625 0.22021484375 0.0048828125 0.0595703125
3 0.51806640625 0.27783203125 0.03515625 0.0048828125
3 0.4521484375 0.1650390625 0.0283203125 0.0048828125
3 0.3779296875 0.14990234375 0.03515625 0.0048828125
3 0.2900390625 0.14990234375 0.0546875 0.0048828125
3 0.2001953125 0.1318359375 0.03515625 0.0048828125
3 0.162109375 0.18994140625 0.0048828125 0.0595703125
3 0.162109375 0.31982421875 0.0048828125 0.080078125
3 0.1220703125 0.1318359375 0.03515625 0.0048828125
3 0.083984375 0.2099609375 0.0048828125 0.08984375
3 0.083984375 0.35986328125 0.0048828125 0.0703125
3 0.53515625 0.4501953125 0.03515625 0.0048828125
3 0.455078125 0.4501953125 0.0419921875 0.0048828125
3 0.3779296875 0.4501953125 0.0244140625 0.0048828125
3 0.2958984375 0.4501953125 0.0546875 0.0048828125
3 0.2451171875 0.40478515625 0.0048828125 0.0595703125
3 0.41796875 0.22021484375 0.0048828125 0.2001953125
3 0.38818359375 0.31982421875 0.0595703125 0.0048828125
3 0.85205078125 0.73486328125 0.0244140625 0.0048828125
3 0.85205078125 0.884765625 0.0244140625 0.0048828125
3 0.85205078125 0.81201171875 0.0048828125 0.150390625
3 0.759765625 0.73486328125 0.0419921875 0.0048828125
3 0.759765625 0.884765625 0.0419921875 0.0048828125
3 0.7177734375 0.830078125 0.0048828125 0.099609375
3 0.66796875 0.73486328125 0.0546875 0.0048828125
3 0.66796875 0.76513671875 0.0546875 0.0048828125
3 0.66796875 0.884765625 0.0546875 0.0048828125
3 0.587890625 0.64794921875 0.0419921875 0.0048828125
3 0.587890625 0.76513671875 0.0419921875 0.0048828125
3 0.587890625 0.884765625 0.0419921875 0.0048828125
3 0.0419921875 0.42822265625 0.0048828125 0.5703125
3 0.0341796875 0.7119140625 0.0244140625 0.0048828125