2 0.691908713692946 0.3309128630705394 0.12448132780082988 0.0975103734439834
2 0.4854771784232365 0.3309128630705394 0.14937759336099585 0.0975103734439834
2 0.262448132780083 0.266597510373444 0.13900414937759337 0.0975103734439834
2 0.262448132780083 0.5114107883817427 0.1908713692946058 0.35477178423236516
2 0.21784232365145229 0.8962655601659751 0.2842323651452282 0.11825726141078838
4 0.83298755186722 0.4657676348547718 0.12033195020746888 0.0975103734439834
4 0.7925311203319502 0.6307053941908713 0.0995850622406639 0.06846473029045644
4 0.5093360995850622 0.6307053941908713 0.0995850622406639 0.06846473029045644
4 0.5197095435684648 0.9066390041493776 0.13278008298755187 0.0975103734439834
4 0.07572614107883817 0.487551867219917 0.11618257261410789 0.0975103734439834
5 0.83298755186722 0.3309128630705394 0.12033195020746888 0.0975103734439834
5 0.779045643153527 0.799792531120332 0.12033195020746888 0.0975103734439834
5 0.691908713692946 0.799792531120332 0.12448132780082988 0.0975103734439834
5 0.691908713692946 0.6307053941908713 0.0995850622406639 0.06846473029045644
5 0.6006224066390041 0.6307053941908713 0.08298755186721991 0.06846473029045644
5 0.06639004149377593 0.5943983402489627 0.13278008298755187 0.0975103734439834
5 0.06639004149377593 0.7043568464730291 0.13278008298755187 0.0975103734439834
3 0.262448132780083 0.11203319502074689 0.006224066390041493 0.22406639004149378
3 0.9647302904564315 0.4657676348547718 0.07053941908713693 0.006224066390041493
3 0.83298755186722 0.38589211618257263 0.006224066390041493 0.026970954356846474
3 0.766597510373444 0.3309128630705394 0.024896265560165973 0.006224066390041493
3 0.691908713692946 0.266597510373444 0.006224066390041493 0.026970954356846474
3 0.5933609958506224 0.30186721991701243 0.07468879668049792 0.006224066390041493
3 0.5933609958506224 0.35892116182572614 0.07468879668049792 0.006224066390041493
3 0.691908713692946 0.48858921161825725 0.006224066390041493 0.22406639004149378
3 0.6493775933609959 0.4927385892116183 0.006224066390041493 0.22406639004149378
3 0.6006224066390041 0.5114107883817427 0.006224066390041493 0.17012448132780084
3 0.5311203319502075 0.529045643153527 0.006224066390041493 0.12655601659751037
3 0.487551867219917 0.5114107883817427 0.006224066390041493 0.17012448132780084
3 0.5684647302904564 0.4574688796680498 0.16182572614107885 0.006224066390041493
3 0.5093360995850622 0.475103734439834 0.043568464730290454 0.006224066390041493
3 0.4429460580912863 0.4574688796680498 0.2053941908713693 0.006224066390041493
3 0.4429460580912863 0.475103734439834 0.13278008298755187 0.006224066390041493
3 0.3983402489626556 0.27800829875518673 0.13485477178423236 0.006224066390041493
3 0.3869294605809129 0.29564315352697096 0.10995850622406639 0.006224066390041493
3 0.3983402489626556 0.5114107883817427 0.006224066390041493 0.46680497925311204
3 0.3869294605809129 0.5414937759336099 0.006224066390041493 0.49377593360995853
3 0.30809128630705396 0.3630705394190871 0.006224066390041493 0.0954356846473029
3 0.30809128630705396 0.6462655601659751 0.006224066390041493 0.2863070539419087
3 0.21784232365145229 0.37863070539419086 0.006224066390041493 0.06431535269709543
3 0.21784232365145229 0.6659751037344398 0.006224066390041493 0.23443983402489627
3 0.18049792531120332 0.487551867219917 0.0954356846473029 0.006224066390041493
3 0.14730290456431536 0.5954356846473029 0.029045643153526972 0.006224066390041493
3 0.14730290456431536 0.7043568464730291 0.029045643153526972 0.006224066390041493
3 0.8848547717842323 0.799792531120332 0.09336099585062241 0.006224066390041493
3 0.7365145228215768 0.799792531120332 0.035269709543568464 0.006224066390041493
3 0.6493775933609959 0.8765560165975104 0.006224066390041493 0.056016597510373446
3 0.6078838174273858 0.9066390041493776 0.04149377593360996 0.006224066390041493
3 0.6493775933609959 0.7085062240663901 0.08713692946058091 0.006224066390041493
6 0.4657676348547718 0.5 0.9315352697095436 1
6 0.4605809128630705 0.5103734439834025 0.921161825726141 0.950207468879668
6 0.6597510373443983 0.3309128630705394 0.5020746887966805 0.4004149377593361
6 0.6473029045643154 0.8516597510373444 0.4024896265560166 0.24481327800829875
6 0.19294605809128632 0.549792531120332 0.38589211618257263 0.8257261410788381
6 0.262448132780083 0.4242738589211618 0.21161825726141079 0.5560165975103735