0 0.9879518072289156 0.2761044176706827 0.024096385542168676 0.0823293172690763
2 0.6295180722891566 0.6917670682730924 0.09437751004016064 0.12048192771084337
2 0.6295180722891566 0.4919678714859438 0.09437751004016064 0.14457831325301204
2 0.6917670682730924 0.2761044176706827 0.09437751004016064 0.13453815261044177
2 0.45481927710843373 0.2761044176706827 0.3433734939759036 0.18473895582329317
2 0.0823293172690763 0.23293172690763053 0.1144578313253012 0.2751004016064257
4 0.49899598393574296 0.8283132530120482 0.09437751004016064 0.11646586345381527
4 0.3393574297188755 0.7891566265060241 0.06626506024096386 0.0963855421686747
4 0.3393574297188755 0.5150602409638554 0.06626506024096386 0.0963855421686747
4 0.07228915662650602 0.5251004016064257 0.09437751004016064 0.1285140562248996
4 0.4779116465863454 0.09538152610441768 0.09437751004016064 0.11244979919678715
5 0.6295180722891566 0.8283132530120482 0.09437751004016064 0.11646586345381527
5 0.1757028112449799 0.7761044176706827 0.09437751004016064 0.11646586345381527
5 0.1757028112449799 0.6917670682730924 0.09437751004016064 0.12048192771084337
5 0.3393574297188755 0.6917670682730924 0.06626506024096386 0.0963855421686747
5 0.3393574297188755 0.6034136546184738 0.06626506024096386 0.08032128514056225
5 0.37349397590361444 0.0783132530120482 0.09437751004016064 0.14457831325301204
5 0.2680722891566265 0.0783132530120482 0.09437751004016064 0.14457831325301204
3 0.8514056224899599 0.2761044176706827 0.23694779116465864 0.006024096385542169
3 0.49899598393574296 0.9608433734939759 0.006024096385542169 0.0783132530120482
3 0.5763052208835341 0.8283132530120482 0.02610441767068273 0.006024096385542169
3 0.6295180722891566 0.7640562248995983 0.006024096385542169 0.024096385542168676
3 0.6917670682730924 0.6917670682730924 0.02610441767068273 0.006024096385542169
3 0.6576305220883534 0.5963855421686747 0.006024096385542169 0.07228915662650602
3 0.6024096385542169 0.5963855421686747 0.006024096385542169 0.07228915662650602
3 0.47690763052208834 0.6917670682730924 0.21686746987951808 0.006024096385542169
3 0.47289156626506024 0.6506024096385542 0.21686746987951808 0.006024096385542169
3 0.45481927710843373 0.6034136546184738 0.1646586345381526 0.006024096385542169
3 0.43775100401606426 0.536144578313253 0.12248995983935743 0.006024096385542169
3 0.45481927710843373 0.4939759036144578 0.1646586345381526 0.006024096385542169
3 0.5070281124497992 0.572289156626506 0.006024096385542169 0.1566265060240964
3 0.4899598393574297 0.5150602409638554 0.006024096385542169 0.04216867469879518
3 0.5070281124497992 0.4508032128514056 0.006024096385542169 0.19879518072289157
3 0.4899598393574297 0.4508032128514056 0.006024096385542169 0.1285140562248996
3 0.6807228915662651 0.40763052208835343 0.006024096385542169 0.13052208835341367
3 0.6636546184738956 0.3965863453815261 0.006024096385542169 0.10642570281124498
3 0.45481927710843373 0.40763052208835343 0.45180722891566266 0.006024096385542169
3 0.42570281124497994 0.3965863453815261 0.4779116465863454 0.006024096385542169
3 0.5983935742971888 0.32028112449799195 0.09236947791164658 0.006024096385542169
3 0.32429718875502006 0.32028112449799195 0.27710843373493976 0.006024096385542169
3 0.5833333333333334 0.23293172690763053 0.06224899598393574 0.006024096385542169
3 0.30522088353413657 0.23293172690763053 0.22690763052208834 0.006024096385542169
3 0.4779116465863454 0.19678714859437751 0.006024096385542169 0.09236947791164658
3 0.37349397590361444 0.1646586345381526 0.006024096385542169 0.028112449799196786
3 0.2680722891566265 0.1646586345381526 0.006024096385542169 0.028112449799196786
3 0.1757028112449799 0.8785140562248996 0.006024096385542169 0.09036144578313253
3 0.1757028112449799 0.7349397590361446 0.006024096385542169 0.03413654618473896
3 0.10140562248995984 0.6506024096385542 0.05421686746987952 0.006024096385542169
3 0.07228915662650602 0.6104417670682731 0.006024096385542169 0.040160642570281124
3 0.2640562248995984 0.6506024096385542 0.006024096385542169 0.08433734939759036
6 0.47690763052208834 0.46184738955823296 0.9538152610441767 0.9236947791164659
6 0.4578313253012048 0.4568273092369478 0.9156626506024096 0.9136546184738956
6 0.6295180722891566 0.6606425702811245 0.38755020080321284 0.4859437751004016
6 0.12550200803212852 0.6485943775100401 0.23694779116465864 0.3895582329317269
6 0.41767068273092367 0.19779116465863453 0.7991967871485943 0.39558232931726905
6 0.5391566265060241 0.2761044176706827 0.5381526104417671 0.20481927710843373