0 0.7022357723577236 0.013211382113821139 0.08333333333333333 0.026422764227642278
2 0.2815040650406504 0.37703252032520324 0.12195121951219512 0.09552845528455285
2 0.483739837398374 0.37703252032520324 0.14634146341463414 0.09552845528455285
2 0.7022357723577236 0.31402439024390244 0.13617886178861788 0.09552845528455285
2 0.7022357723577236 0.5538617886178862 0.18699186991869918 0.3475609756097561
2 0.7459349593495935 0.9308943089430894 0.2784552845528455 0.11585365853658537
4 0.14329268292682926 0.5091463414634146 0.11788617886178862 0.09552845528455285
4 0.18292682926829268 0.6707317073170732 0.0975609756097561 0.06707317073170732
4 0.4603658536585366 0.6707317073170732 0.0975609756097561 0.06707317073170732
4 0.4502032520325203 0.9410569105691057 0.13008130081300814 0.09552845528455285
4 0.8851626016260162 0.5304878048780488 0.11382113821138211 0.09552845528455285
5 0.14329268292682926 0.37703252032520324 0.11788617886178862 0.09552845528455285
5 0.19613821138211382 0.8363821138211383 0.11788617886178862 0.09552845528455285
5 0.2815040650406504 0.8363821138211383 0.12195121951219512 0.09552845528455285
5 0.2815040650406504 0.6707317073170732 0.0975609756097561 0.06707317073170732
5 0.3709349593495935 0.6707317073170732 0.08130081300813008 0.06707317073170732
5 0.9024390243902439 0.6361788617886179 0.14634146341463414 0.09552845528455285
5 0.9024390243902439 0.7428861788617886 0.14634146341463414 0.09552845528455285
3 0.7022357723577236 0.1524390243902439 0.006097560975609756 0.23983739837398374
3 0.024390243902439025 0.5091463414634146 0.04878048780487805 0.006097560975609756
3 0.14329268292682926 0.43089430894308944 0.006097560975609756 0.026422764227642278
3 0.20833333333333334 0.37703252032520324 0.024390243902439025 0.006097560975609756
3 0.2815040650406504 0.31402439024390244 0.006097560975609756 0.026422764227642278
3 0.3780487804878049 0.3485772357723577 0.07317073170731707 0.006097560975609756
3 0.3780487804878049 0.40447154471544716 0.07317073170731707 0.006097560975609756
3 0.2815040650406504 0.5315040650406504 0.006097560975609756 0.21951219512195122
3 0.3231707317073171 0.5355691056910569 0.006097560975609756 0.21951219512195122
3 0.3709349593495935 0.5538617886178862 0.006097560975609756 0.16666666666666666
3 0.43902439024390244 0.5711382113821138 0.006097560975609756 0.12398373983739837
3 0.4817073170731707 0.5538617886178862 0.006097560975609756 0.16666666666666666
3 0.4024390243902439 0.5010162601626016 0.15853658536585366 0.006097560975609756
3 0.4603658536585366 0.5182926829268293 0.042682926829268296 0.006097560975609756
3 0.5254065040650406 0.5010162601626016 0.20121951219512196 0.006097560975609756
3 0.5254065040650406 0.5182926829268293 0.13008130081300814 0.006097560975609756
3 0.5691056910569106 0.3252032520325203 0.13211382113821138 0.006097560975609756
3 0.5802845528455285 0.34247967479674796 0.10772357723577236 0.006097560975609756
3 0.5691056910569106 0.5538617886178862 0.006097560975609756 0.4573170731707317
3 0.5802845528455285 0.5833333333333334 0.006097560975609756 0.483739837398374
3 0.657520325203252 0.40853658536585363 0.006097560975609756 0.09349593495934959
3 0.657520325203252 0.6859756097560976 0.006097560975609756 0.2804878048780488
3 0.7459349593495935 0.42378048780487804 0.006097560975609756 0.06300813008130081
3 0.7459349593495935 0.7052845528455285 0.006097560975609756 0.22967479674796748
3 0.782520325203252 0.5304878048780488 0.09349593495934959 0.006097560975609756
3 0.8150406504065041 0.6361788617886179 0.028455284552845527 0.006097560975609756
3 0.8150406504065041 0.7428861788617886 0.028455284552845527 0.006097560975609756
3 0.09247967479674797 0.8363821138211383 0.09146341463414634 0.006097560975609756
3 0.23780487804878048 0.8363821138211383 0.034552845528455285 0.006097560975609756
3 0.3231707317073171 0.9115853658536586 0.006097560975609756 0.054878048780487805
3 0.3638211382113821 0.9410569105691057 0.04065040650406504 0.006097560975609756
3 0.3231707317073171 0.7469512195121951 0.08536585365853659 0.006097560975609756
6 0.5233739837398373 0.524390243902439 0.9532520325203252 0.9512195121951219
6 0.5264227642276422 0.5436991869918699 0.9390243902439024 0.9126016260162602
6 0.3130081300813008 0.37703252032520324 0.491869918699187 0.39227642276422764
6 0.3252032520325203 0.883130081300813 0.3943089430894309 0.23373983739837398
6 0.7896341463414634 0.592479674796748 0.4146341463414634 0.8089430894308943
6 0.7022357723577236 0.4684959349593496 0.2073170731707317 0.5447154471544715