0 0.7104743083003953 0.01383399209486166 0.08102766798418973 0.02766798418972332
2 0.30138339920948615 0.3685770750988142 0.11857707509881422 0.09288537549407115
2 0.4980237154150198 0.3685770750988142 0.1422924901185771 0.09288537549407115
2 0.7104743083003953 0.3073122529644269 0.1324110671936759 0.09288537549407115
2 0.7104743083003953 0.5405138339920948 0.18181818181818182 0.33794466403162055
2 0.7529644268774703 0.9071146245059288 0.2707509881422925 0.11264822134387352
4 0.16699604743083005 0.49703557312252966 0.11462450592885376 0.09288537549407115
4 0.20553359683794467 0.6541501976284585 0.09486166007905138 0.06521739130434782
4 0.475296442687747 0.6541501976284585 0.09486166007905138 0.06521739130434782
4 0.4654150197628458 0.9169960474308301 0.12648221343873517 0.09288537549407115
4 0.8883399209486166 0.5177865612648221 0.11067193675889328 0.09288537549407115
5 0.16699604743083005 0.3685770750988142 0.11462450592885376 0.09288537549407115
5 0.2183794466403162 0.8152173913043478 0.11462450592885376 0.09288537549407115
5 0.30138339920948615 0.8152173913043478 0.11857707509881422 0.09288537549407115
5 0.30138339920948615 0.6541501976284585 0.09486166007905138 0.06521739130434782
5 0.3883399209486166 0.6541501976284585 0.07905138339920949 0.06521739130434782
5 0.9051383399209486 0.6205533596837944 0.1422924901185771 0.09288537549407115
5 0.9051383399209486 0.724308300395257 0.1422924901185771 0.09288537549407115
3 0.7104743083003953 0.15019762845849802 0.005928853754940711 0.233201581027668
3 0.037549407114624504 0.49703557312252966 0.07509881422924901 0.005928853754940711
3 0.16699604743083005 0.4209486166007905 0.005928853754940711 0.025691699604743084
3 0.23023715415019763 0.3685770750988142 0.023715415019762844 0.005928853754940711
3 0.30138339920948615 0.3073122529644269 0.005928853754940711 0.025691699604743084
3 0.3952569169960474 0.3409090909090909 0.07114624505928854 0.005928853754940711
3 0.3952569169960474 0.3952569169960474 0.07114624505928854 0.005928853754940711
3 0.30138339920948615 0.5187747035573123 0.005928853754940711 0.2134387351778656
3 0.34189723320158105 0.5227272727272727 0.005928853754940711 0.2134387351778656
3 0.3883399209486166 0.5405138339920948 0.005928853754940711 0.16205533596837945
3 0.45454545454545453 0.5573122529644269 0.005928853754940711 0.12055335968379446
3 0.49604743083003955 0.5405138339920948 0.005928853754940711 0.16205533596837945
3 0.4189723320158103 0.4891304347826087 0.1541501976284585 0.005928853754940711
3 0.475296442687747 0.5059288537549407 0.041501976284584984 0.005928853754940711
3 0.5385375494071146 0.4891304347826087 0.1956521739130435 0.005928853754940711
3 0.5385375494071146 0.5059288537549407 0.12648221343873517 0.005928853754940711
3 0.5810276679841897 0.3181818181818182 0.12845849802371542 0.005928853754940711
3 0.591897233201581 0.3349802371541502 0.10474308300395258 0.005928853754940711
3 0.5810276679841897 0.5405138339920948 0.005928853754940711 0.44466403162055335
3 0.591897233201581 0.5691699604743083 0.005928853754940711 0.47035573122529645
3 0.6669960474308301 0.39920948616600793 0.005928853754940711 0.09090909090909091
3 0.6669960474308301 0.6689723320158103 0.005928853754940711 0.2727272727272727
3 0.7529644268774703 0.4140316205533597 0.005928853754940711 0.06126482213438735
3 0.7529644268774703 0.6877470355731226 0.005928853754940711 0.22332015810276679
3 0.7885375494071146 0.5177865612648221 0.09090909090909091 0.005928853754940711
3 0.8201581027667985 0.6205533596837944 0.02766798418972332 0.005928853754940711
3 0.8201581027667985 0.724308300395257 0.02766798418972332 0.005928853754940711
3 0.11758893280632411 0.8152173913043478 0.08893280632411067 0.005928853754940711
3 0.25889328063241107 0.8152173913043478 0.03359683794466403 0.005928853754940711
3 0.34189723320158105 0.8883399209486166 0.005928853754940711 0.0533596837944664
3 0.3814229249011858 0.9169960474308301 0.039525691699604744 0.005928853754940711
3 0.34189723320158105 0.7282608695652174 0.08300395256916997 0.005928853754940711
6 0.5365612648221344 0.5247035573122529 0.9268774703557312 0.950592885375494
6 0.5405138339920948 0.5405138339920948 0.9130434782608695 0.9051383399209486
6 0.33201581027667987 0.3685770750988142 0.4782608695652174 0.3814229249011858
6 0.3438735177865613 0.8646245059288538 0.383399209486166 0.233201581027668
6 0.7954545454545454 0.5780632411067194 0.4031620553359684 0.7865612648221344
6 0.7104743083003953 0.4575098814229249 0.2015810276679842 0.5296442687747036