0 0.012845849802371542 0.7104743083003953 0.025691699604743084 0.08102766798418973
2 0.366600790513834 0.30138339920948615 0.09288537549407115 0.11857707509881422
2 0.366600790513834 0.4980237154150198 0.09288537549407115 0.1422924901185771
2 0.30533596837944665 0.7104743083003953 0.09288537549407115 0.1324110671936759
2 0.5385375494071146 0.7104743083003953 0.33794466403162055 0.18181818181818182
2 0.9051383399209486 0.7529644268774703 0.11264822134387352 0.2707509881422925
4 0.4950592885375494 0.16699604743083005 0.09288537549407115 0.11462450592885376
4 0.6521739130434783 0.20553359683794467 0.06521739130434782 0.09486166007905138
4 0.6521739130434783 0.475296442687747 0.06521739130434782 0.09486166007905138
4 0.9150197628458498 0.4654150197628458 0.09288537549407115 0.12648221343873517
4 0.5158102766798419 0.8883399209486166 0.09288537549407115 0.11067193675889328
5 0.366600790513834 0.16699604743083005 0.09288537549407115 0.11462450592885376
5 0.8132411067193676 0.2183794466403162 0.09288537549407115 0.11462450592885376
5 0.8132411067193676 0.30138339920948615 0.09288537549407115 0.11857707509881422
5 0.6521739130434783 0.30138339920948615 0.06521739130434782 0.09486166007905138
5 0.6521739130434783 0.3883399209486166 0.06521739130434782 0.07905138339920949
5 0.6185770750988142 0.9051383399209486 0.09288537549407115 0.1422924901185771
5 0.7223320158102767 0.9051383399209486 0.09288537549407115 0.1422924901185771
3 0.1482213438735178 0.7104743083003953 0.233201581027668 0.005928853754940711
3 0.4950592885375494 0.037549407114624504 0.005928853754940711 0.07509881422924901
3 0.4189723320158103 0.16699604743083005 0.025691699604743084 0.005928853754940711
3 0.366600790513834 0.23023715415019763 0.005928853754940711 0.023715415019762844
3 0.30533596837944665 0.30138339920948615 0.025691699604743084 0.005928853754940711
3 0.33893280632411066 0.3952569169960474 0.005928853754940711 0.07114624505928854
3 0.3932806324110672 0.3952569169960474 0.005928853754940711 0.07114624505928854
3 0.516798418972332 0.30138339920948615 0.2134387351778656 0.005928853754940711
3 0.5207509881422925 0.34189723320158105 0.2134387351778656 0.005928853754940711
3 0.5385375494071146 0.3883399209486166 0.16205533596837945 0.005928853754940711
3 0.5553359683794467 0.45454545454545453 0.12055335968379446 0.005928853754940711
3 0.5385375494071146 0.49604743083003955 0.16205533596837945 0.005928853754940711
3 0.4871541501976285 0.4189723320158103 0.005928853754940711 0.1541501976284585
3 0.5039525691699605 0.475296442687747 0.005928853754940711 0.041501976284584984
3 0.4871541501976285 0.5385375494071146 0.005928853754940711 0.1956521739130435
3 0.5039525691699605 0.5385375494071146 0.005928853754940711 0.12648221343873517
3 0.31620553359683795 0.5810276679841897 0.005928853754940711 0.12845849802371542
3 0.33300395256917 0.591897233201581 0.005928853754940711 0.10474308300395258
3 0.5385375494071146 0.5810276679841897 0.44466403162055335 0.005928853754940711
3 0.567193675889328 0.591897233201581 0.47035573122529645 0.005928853754940711
3 0.39723320158102765 0.6669960474308301 0.09090909090909091 0.005928853754940711
3 0.6669960474308301 0.6669960474308301 0.2727272727272727 0.005928853754940711
3 0.41205533596837945 0.7529644268774703 0.06126482213438735 0.005928853754940711
3 0.6857707509881423 0.7529644268774703 0.22332015810276679 0.005928853754940711
3 0.5158102766798419 0.7885375494071146 0.005928853754940711 0.09090909090909091
3 0.6185770750988142 0.8201581027667985 0.005928853754940711 0.02766798418972332
3 0.7223320158102767 0.8201581027667985 0.005928853754940711 0.02766798418972332
3 0.8132411067193676 0.11758893280632411 0.005928853754940711 0.08893280632411067
3 0.8132411067193676 0.25889328063241107 0.005928853754940711 0.03359683794466403
3 0.8863636363636364 0.34189723320158105 0.0533596837944664 0.005928853754940711
3 0.9150197628458498 0.3814229249011858 0.005928853754940711 0.039525691699604744
3 0.7262845849802372 0.34189723320158105 0.005928853754940711 0.08300395256916997
6 0.5237154150197628 0.5365612648221344 0.9525691699604744 0.9268774703557312
6 0.5385375494071146 0.5405138339920948 0.9051383399209486 0.9130434782608695
6 0.366600790513834 0.33201581027667987 0.3814229249011858 0.4782608695652174
6 0.8626482213438735 0.3438735177865613 0.233201581027668 0.383399209486166
6 0.5760869565217391 0.7954545454545454 0.7865612648221344 0.4031620553359684
6 0.45553359683794464 0.7104743083003953 0.5296442687747036 0.2015810276679842