0 0.9939024390243902 0.7306910569105691 0.012195121951219513 0.08333333333333333
2 0.6371951219512195 0.3099593495934959 0.09552845528455285 0.12195121951219512
2 0.6371951219512195 0.5121951219512195 0.09552845528455285 0.14634146341463414
2 0.7002032520325203 0.7306910569105691 0.09552845528455285 0.13617886178861788
2 0.4603658536585366 0.7306910569105691 0.3475609756097561 0.18699186991869918
2 0.08333333333333333 0.774390243902439 0.11585365853658537 0.2784552845528455
4 0.5050813008130082 0.1717479674796748 0.09552845528455285 0.11788617886178862
4 0.3434959349593496 0.21138211382113822 0.06707317073170732 0.0975609756097561
4 0.3434959349593496 0.4888211382113821 0.06707317073170732 0.0975609756097561
4 0.07317073170731707 0.47865853658536583 0.09552845528455285 0.13008130081300814
4 0.483739837398374 0.9136178861788617 0.09552845528455285 0.11382113821138211
5 0.6371951219512195 0.1717479674796748 0.09552845528455285 0.11788617886178862
5 0.17784552845528456 0.22459349593495934 0.09552845528455285 0.11788617886178862
5 0.17784552845528456 0.3099593495934959 0.09552845528455285 0.12195121951219512
5 0.3434959349593496 0.3099593495934959 0.06707317073170732 0.0975609756097561
5 0.3434959349593496 0.39939024390243905 0.06707317073170732 0.08130081300813008
5 0.3790650406504065 0.9288617886178862 0.09552845528455285 0.14227642276422764
5 0.27134146341463417 0.9288617886178862 0.09552845528455285 0.14227642276422764
3 0.8617886178861789 0.7306910569105691 0.23983739837398374 0.006097560975609756
3 0.5050813008130082 0.03861788617886179 0.006097560975609756 0.07723577235772358
3 0.5833333333333334 0.1717479674796748 0.026422764227642278 0.006097560975609756
3 0.6371951219512195 0.23678861788617886 0.006097560975609756 0.024390243902439025
3 0.7002032520325203 0.3099593495934959 0.026422764227642278 0.006097560975609756
3 0.665650406504065 0.4065040650406504 0.006097560975609756 0.07317073170731707
3 0.6097560975609756 0.4065040650406504 0.006097560975609756 0.07317073170731707
3 0.48272357723577236 0.3099593495934959 0.21951219512195122 0.006097560975609756
3 0.47865853658536583 0.3516260162601626 0.21951219512195122 0.006097560975609756
3 0.4603658536585366 0.39939024390243905 0.16666666666666666 0.006097560975609756
3 0.44308943089430897 0.46747967479674796 0.12398373983739837 0.006097560975609756
3 0.4603658536585366 0.5101626016260162 0.16666666666666666 0.006097560975609756
3 0.5132113821138211 0.43089430894308944 0.006097560975609756 0.15853658536585366
3 0.4959349593495935 0.4888211382113821 0.006097560975609756 0.042682926829268296
3 0.5132113821138211 0.5538617886178862 0.006097560975609756 0.20121951219512196
3 0.4959349593495935 0.5538617886178862 0.006097560975609756 0.13008130081300814
3 0.6890243902439024 0.5975609756097561 0.006097560975609756 0.13211382113821138
3 0.6717479674796748 0.608739837398374 0.006097560975609756 0.10772357723577236
3 0.4603658536585366 0.5975609756097561 0.4573170731707317 0.006097560975609756
3 0.43089430894308944 0.608739837398374 0.483739837398374 0.006097560975609756
3 0.6056910569105691 0.6859756097560976 0.09349593495934959 0.006097560975609756
3 0.3282520325203252 0.6859756097560976 0.2804878048780488 0.006097560975609756
3 0.5904471544715447 0.774390243902439 0.06300813008130081 0.006097560975609756
3 0.3089430894308943 0.774390243902439 0.22967479674796748 0.006097560975609756
3 0.483739837398374 0.8109756097560976 0.006097560975609756 0.09349593495934959
3 0.3780487804878049 0.8434959349593496 0.006097560975609756 0.028455284552845527
3 0.27134146341463417 0.8434959349593496 0.006097560975609756 0.028455284552845527
3 0.17784552845528456 0.1209349593495935 0.006097560975609756 0.09146341463414634
3 0.17784552845528456 0.266260162601626 0.006097560975609756 0.034552845528455285
3 0.10264227642276423 0.3516260162601626 0.054878048780487805 0.006097560975609756
3 0.07317073170731707 0.39227642276422764 0.006097560975609756 0.04065040650406504
3 0.26727642276422764 0.3516260162601626 0.006097560975609756 0.08536585365853659
6 0.48272357723577236 0.5376016260162602 0.9654471544715447 0.9247967479674797
6 0.4634146341463415 0.5426829268292683 0.926829268292683 0.9146341463414634
6 0.6371951219512195 0.34146341463414637 0.39227642276422764 0.491869918699187
6 0.12703252032520326 0.35365853658536583 0.23983739837398374 0.3943089430894309
6 0.42276422764227645 0.8048780487804879 0.8089430894308943 0.3902439024390244
6 0.5457317073170732 0.7306910569105691 0.5447154471544715 0.2073170731707317