0 0.0146484375 0.7060546875 0.029296875 0.080078125
2 0.3662109375 0.3017578125 0.091796875 0.1171875
2 0.3662109375 0.49609375 0.091796875 0.140625
2 0.3056640625 0.7060546875 0.091796875 0.130859375
2 0.5361328125 0.7060546875 0.333984375 0.1796875
2 0.8984375 0.748046875 0.111328125 0.267578125
4 0.4931640625 0.1689453125 0.091796875 0.11328125
4 0.6484375 0.20703125 0.064453125 0.09375
4 0.6484375 0.4736328125 0.064453125 0.09375
4 0.908203125 0.4638671875 0.091796875 0.125
4 0.513671875 0.8818359375 0.091796875 0.109375
5 0.3662109375 0.1689453125 0.091796875 0.11328125
5 0.8076171875 0.2197265625 0.091796875 0.11328125
5 0.8076171875 0.3017578125 0.091796875 0.1171875
5 0.6484375 0.3017578125 0.064453125 0.09375
5 0.6484375 0.3876953125 0.064453125 0.078125
5 0.615234375 0.8984375 0.091796875 0.140625
5 0.7177734375 0.8984375 0.091796875 0.140625
3 0.150390625 0.7060546875 0.23046875 0.005859375
3 0.4931640625 0.0390625 0.005859375 0.078125
3 0.41796875 0.1689453125 0.025390625 0.005859375
3 0.3662109375 0.2314453125 0.005859375 0.0234375
3 0.3056640625 0.3017578125 0.025390625 0.005859375
3 0.3388671875 0.39453125 0.005859375 0.0703125
3 0.392578125 0.39453125 0.005859375 0.0703125
3 0.5146484375 0.3017578125 0.2109375 0.005859375
3 0.5185546875 0.341796875 0.2109375 0.005859375
3 0.5361328125 0.3876953125 0.16015625 0.005859375
3 0.552734375 0.453125 0.119140625 0.005859375
3 0.5361328125 0.494140625 0.16015625 0.005859375
3 0.4853515625 0.41796875 0.005859375 0.15234375
3 0.501953125 0.4736328125 0.005859375 0.041015625
3 0.4853515625 0.5361328125 0.005859375 0.193359375
3 0.501953125 0.5361328125 0.005859375 0.125
3 0.31640625 0.578125 0.005859375 0.126953125
3 0.3330078125 0.5888671875 0.005859375 0.103515625
3 0.5361328125 0.578125 0.439453125 0.005859375
3 0.564453125 0.5888671875 0.46484375 0.005859375
3 0.396484375 0.6630859375 0.08984375 0.005859375
3 0.6630859375 0.6630859375 0.26953125 0.005859375
3 0.4111328125 0.748046875 0.060546875 0.005859375
3 0.681640625 0.748046875 0.220703125 0.005859375
3 0.513671875 0.783203125 0.005859375 0.08984375
3 0.615234375 0.814453125 0.005859375 0.02734375
3 0.7177734375 0.814453125 0.005859375 0.02734375
3 0.8076171875 0.1201171875 0.005859375 0.087890625
3 0.8076171875 0.259765625 0.005859375 0.033203125
3 0.8798828125 0.341796875 0.052734375 0.005859375
3 0.908203125 0.380859375 0.005859375 0.0390625
3 0.7216796875 0.341796875 0.005859375 0.08203125
6 0.525390625 0.5380859375 0.94921875 0.923828125
6 0.5361328125 0.5380859375 0.89453125 0.90234375
6 0.3662109375 0.33203125 0.376953125 0.47265625
6 0.8564453125 0.34375 0.23046875 0.37890625
6 0.5732421875 0.7900390625 0.77734375 0.3984375
6 0.4541015625 0.7060546875 0.5234375 0.19921875