2 0.26365546218487396 0.34558823529411764 0.12605042016806722 0.09873949579831932
2 0.4726890756302521 0.34558823529411764 0.15126050420168066 0.09873949579831932
2 0.6985294117647058 0.2804621848739496 0.1407563025210084 0.09873949579831932
2 0.6985294117647058 0.5283613445378151 0.19327731092436976 0.3592436974789916
2 0.7436974789915967 0.9180672268907563 0.28781512605042014 0.11974789915966387
4 0.1207983193277311 0.48214285714285715 0.12184873949579832 0.09873949579831932
4 0.16176470588235295 0.6491596638655462 0.10084033613445378 0.06932773109243698
4 0.4485294117647059 0.6491596638655462 0.10084033613445378 0.06932773109243698
4 0.4380252100840336 0.9285714285714286 0.13445378151260504 0.09873949579831932
4 0.8876050420168067 0.5042016806722689 0.11764705882352941 0.09873949579831932
5 0.1207983193277311 0.34558823529411764 0.12184873949579832 0.09873949579831932
5 0.17542016806722688 0.8203781512605042 0.12184873949579832 0.09873949579831932
5 0.26365546218487396 0.8203781512605042 0.12605042016806722 0.09873949579831932
5 0.26365546218487396 0.6491596638655462 0.10084033613445378 0.06932773109243698
5 0.3560924369747899 0.6491596638655462 0.08403361344537816 0.06932773109243698
5 0.9054621848739496 0.6134453781512605 0.15126050420168066 0.09873949579831932
5 0.9054621848739496 0.7237394957983193 0.15126050420168066 0.09873949579831932
3 0.6985294117647058 0.11869747899159663 0.0063025210084033615 0.23739495798319327
3 0.011554621848739496 0.48214285714285715 0.023109243697478993 0.0063025210084033615
3 0.1207983193277311 0.4012605042016807 0.0063025210084033615 0.0273109243697479
3 0.1880252100840336 0.34558823529411764 0.025210084033613446 0.0063025210084033615
3 0.26365546218487396 0.2804621848739496 0.0063025210084033615 0.0273109243697479
3 0.3634453781512605 0.3161764705882353 0.07563025210084033 0.0063025210084033615
3 0.3634453781512605 0.3739495798319328 0.07563025210084033 0.0063025210084033615
3 0.26365546218487396 0.5052521008403361 0.0063025210084033615 0.226890756302521
3 0.3067226890756303 0.509453781512605 0.0063025210084033615 0.226890756302521
3 0.3560924369747899 0.5283613445378151 0.0063025210084033615 0.1722689075630252
3 0.4264705882352941 0.5462184873949579 0.0063025210084033615 0.12815126050420167
3 0.47058823529411764 0.5283613445378151 0.0063025210084033615 0.1722689075630252
3 0.38865546218487396 0.4737394957983193 0.1638655462184874 0.0063025210084033615
3 0.4485294117647059 0.49159663865546216 0.04411764705882353 0.0063025210084033615
3 0.5157563025210085 0.4737394957983193 0.20798319327731093 0.0063025210084033615
3 0.5157563025210085 0.49159663865546216 0.13445378151260504 0.0063025210084033615
3 0.5609243697478992 0.2920168067226891 0.13655462184873948 0.0063025210084033615
3 0.5724789915966386 0.30987394957983194 0.11134453781512606 0.0063025210084033615
3 0.5609243697478992 0.5283613445378151 0.0063025210084033615 0.4726890756302521
3 0.5724789915966386 0.5588235294117647 0.0063025210084033615 0.5
3 0.6523109243697479 0.37815126050420167 0.0063025210084033615 0.09663865546218488
3 0.6523109243697479 0.6649159663865546 0.0063025210084033615 0.28991596638655465
3 0.7436974789915967 0.3939075630252101 0.0063025210084033615 0.06512605042016807
3 0.7436974789915967 0.6848739495798319 0.0063025210084033615 0.23739495798319327
3 0.7815126050420168 0.5042016806722689 0.09663865546218488 0.0063025210084033615
3 0.8151260504201681 0.6134453781512605 0.029411764705882353 0.0063025210084033615
3 0.8151260504201681 0.7237394957983193 0.029411764705882353 0.0063025210084033615
3 0.06827731092436974 0.8203781512605042 0.09453781512605042 0.0063025210084033615
3 0.2184873949579832 0.8203781512605042 0.03571428571428571 0.0063025210084033615
3 0.3067226890756303 0.898109243697479 0.0063025210084033615 0.05672268907563025
3 0.3487394957983193 0.9285714285714286 0.04201680672268908 0.0063025210084033615
3 0.3067226890756303 0.7279411764705882 0.08823529411764706 0.0063025210084033615
6 0.5105042016806722 0.5031512605042017 0.9789915966386554 0.9936974789915967
6 0.5157563025210085 0.523109243697479 0.9684873949579832 0.9537815126050421
6 0.296218487394958 0.34558823529411764 0.5084033613445378 0.4054621848739496
6 0.3088235294117647 0.8728991596638656 0.40756302521008403 0.24789915966386555
6 0.7867647058823529 0.5672268907563025 0.4264705882352941 0.8361344537815126
6 0.6985294117647058 0.44012605042016806 0.21428571428571427 0.5630252100840336