0 0.9909638554216867 0.7018072289156626 0.018072289156626505 0.0823293172690763
2 0.6355421686746988 0.286144578313253 0.09437751004016064 0.12048192771084337
2 0.6355421686746988 0.4859437751004016 0.09437751004016064 0.14457831325301204
2 0.6977911646586346 0.7018072289156626 0.09437751004016064 0.13453815261044177
2 0.4608433734939759 0.7018072289156626 0.3433734939759036 0.18473895582329317
2 0.08835341365461848 0.7449799196787149 0.1144578313253012 0.2751004016064257
4 0.5050200803212851 0.1495983935742972 0.09437751004016064 0.11646586345381527
4 0.3453815261044177 0.18875502008032127 0.06626506024096386 0.0963855421686747
4 0.3453815261044177 0.46285140562248994 0.06626506024096386 0.0963855421686747
4 0.0783132530120482 0.4528112449799197 0.09437751004016064 0.1285140562248996
4 0.4839357429718876 0.8825301204819277 0.09437751004016064 0.11244979919678715
5 0.6355421686746988 0.1495983935742972 0.09437751004016064 0.11646586345381527
5 0.1817269076305221 0.20180722891566266 0.09437751004016064 0.11646586345381527
5 0.1817269076305221 0.286144578313253 0.09437751004016064 0.12048192771084337
5 0.3453815261044177 0.286144578313253 0.06626506024096386 0.0963855421686747
5 0.3453815261044177 0.3744979919678715 0.06626506024096386 0.08032128514056225
5 0.3795180722891566 0.8995983935742972 0.09437751004016064 0.14457831325301204
5 0.2740963855421687 0.8995983935742972 0.09437751004016064 0.14457831325301204
3 0.857429718875502 0.7018072289156626 0.23694779116465864 0.006024096385542169
3 0.5050200803212851 0.028112449799196786 0.006024096385542169 0.05622489959839357
3 0.5823293172690763 0.1495983935742972 0.02610441767068273 0.006024096385542169
3 0.6355421686746988 0.21385542168674698 0.006024096385542169 0.024096385542168676
3 0.6977911646586346 0.286144578313253 0.02610441767068273 0.006024096385542169
3 0.6636546184738956 0.3815261044176707 0.006024096385542169 0.07228915662650602
3 0.608433734939759 0.3815261044176707 0.006024096385542169 0.07228915662650602
3 0.48293172690763053 0.286144578313253 0.21686746987951808 0.006024096385542169
3 0.4789156626506024 0.3273092369477912 0.21686746987951808 0.006024096385542169
3 0.4608433734939759 0.3744979919678715 0.1646586345381526 0.006024096385542169
3 0.44377510040160645 0.44176706827309237 0.12248995983935743 0.006024096385542169
3 0.4608433734939759 0.4839357429718876 0.1646586345381526 0.006024096385542169
3 0.5130522088353414 0.40562248995983935 0.006024096385542169 0.1566265060240964
3 0.4959839357429719 0.46285140562248994 0.006024096385542169 0.04216867469879518
3 0.5130522088353414 0.5271084337349398 0.006024096385542169 0.19879518072289157
3 0.4959839357429719 0.5271084337349398 0.006024096385542169 0.1285140562248996
3 0.6867469879518072 0.570281124497992 0.006024096385542169 0.13052208835341367
3 0.6696787148594378 0.5813253012048193 0.006024096385542169 0.10642570281124498
3 0.4608433734939759 0.570281124497992 0.45180722891566266 0.006024096385542169
3 0.43172690763052207 0.5813253012048193 0.4779116465863454 0.006024096385542169
3 0.6044176706827309 0.6576305220883534 0.09236947791164658 0.006024096385542169
3 0.33032128514056225 0.6576305220883534 0.27710843373493976 0.006024096385542169
3 0.5893574297188755 0.7449799196787149 0.06224899598393574 0.006024096385542169
3 0.3112449799196787 0.7449799196787149 0.22690763052208834 0.006024096385542169
3 0.4839357429718876 0.7811244979919679 0.006024096385542169 0.09236947791164658
3 0.3795180722891566 0.8132530120481928 0.006024096385542169 0.028112449799196786
3 0.2740963855421687 0.8132530120481928 0.006024096385542169 0.028112449799196786
3 0.1817269076305221 0.09939759036144578 0.006024096385542169 0.09036144578313253
3 0.1817269076305221 0.2429718875502008 0.006024096385542169 0.03413654618473896
3 0.10742971887550201 0.3273092369477912 0.05421686746987952 0.006024096385542169
3 0.0783132530120482 0.3674698795180723 0.006024096385542169 0.040160642570281124
3 0.2700803212851406 0.3273092369477912 0.006024096385542169 0.08433734939759036
6 0.4799196787148594 0.5271084337349398 0.9598393574297188 0.9457831325301205
6 0.4608433734939759 0.5291164658634538 0.9196787148594378 0.927710843373494
6 0.6355421686746988 0.3172690763052209 0.38755020080321284 0.4859437751004016
6 0.13152610441767068 0.3293172690763052 0.23694779116465864 0.3895582329317269
6 0.4226907630522088 0.7881526104417671 0.7991967871485943 0.40963855421686746
6 0.5451807228915663 0.7018072289156626 0.5381526104417671 0.20481927710843373