0 0.9890873015873016 0.29662698412698413 0.021825396825396824 0.08134920634920635
2 0.6359126984126984 0.7073412698412699 0.09325396825396826 0.11904761904761904
2 0.6359126984126984 0.5099206349206349 0.09325396825396826 0.14285714285714285
2 0.6974206349206349 0.29662698412698413 0.09325396825396826 0.13293650793650794
2 0.4632936507936508 0.29662698412698413 0.3392857142857143 0.18253968253968253
2 0.09523809523809523 0.25396825396825395 0.1130952380952381 0.2718253968253968
4 0.5069444444444444 0.8422619047619048 0.09325396825396826 0.11507936507936507
4 0.3492063492063492 0.8035714285714286 0.06547619047619048 0.09523809523809523
4 0.3492063492063492 0.5327380952380952 0.06547619047619048 0.09523809523809523
4 0.08531746031746032 0.5426587301587301 0.09325396825396826 0.12698412698412698
4 0.4861111111111111 0.11805555555555555 0.09325396825396826 0.1111111111111111
5 0.6359126984126984 0.8422619047619048 0.09325396825396826 0.11507936507936507
5 0.1875 0.7906746031746031 0.09325396825396826 0.11507936507936507
5 0.1875 0.7073412698412699 0.09325396825396826 0.11904761904761904
5 0.3492063492063492 0.7073412698412699 0.06547619047619048 0.09523809523809523
5 0.3492063492063492 0.6200396825396826 0.06547619047619048 0.07936507936507936
5 0.38293650793650796 0.10119047619047619 0.09325396825396826 0.14285714285714285
5 0.2787698412698413 0.10119047619047619 0.09325396825396826 0.14285714285714285
3 0.8551587301587301 0.29662698412698413 0.23412698412698413 0.005952380952380952
3 0.5069444444444444 0.9672619047619048 0.005952380952380952 0.06547619047619048
3 0.5833333333333334 0.8422619047619048 0.025793650793650792 0.005952380952380952
3 0.6359126984126984 0.7787698412698413 0.005952380952380952 0.023809523809523808
3 0.6974206349206349 0.7073412698412699 0.025793650793650792 0.005952380952380952
3 0.6636904761904762 0.6130952380952381 0.005952380952380952 0.07142857142857142
3 0.6091269841269841 0.6130952380952381 0.005952380952380952 0.07142857142857142
3 0.4851190476190476 0.7073412698412699 0.21428571428571427 0.005952380952380952
3 0.48115079365079366 0.6666666666666666 0.21428571428571427 0.005952380952380952
3 0.4632936507936508 0.6200396825396826 0.1626984126984127 0.005952380952380952
3 0.44642857142857145 0.5535714285714286 0.12103174603174603 0.005952380952380952
3 0.4632936507936508 0.5119047619047619 0.1626984126984127 0.005952380952380952
3 0.5148809523809523 0.5892857142857143 0.005952380952380952 0.15476190476190477
3 0.498015873015873 0.5327380952380952 0.005952380952380952 0.041666666666666664
3 0.5148809523809523 0.46924603174603174 0.005952380952380952 0.19642857142857142
3 0.498015873015873 0.46924603174603174 0.005952380952380952 0.12698412698412698
3 0.6865079365079365 0.42658730158730157 0.005952380952380952 0.12896825396825398
3 0.6696428571428571 0.4156746031746032 0.005952380952380952 0.10515873015873016
3 0.4632936507936508 0.42658730158730157 0.44642857142857145 0.005952380952380952
3 0.43452380952380953 0.4156746031746032 0.4722222222222222 0.005952380952380952
3 0.6051587301587301 0.3402777777777778 0.09126984126984126 0.005952380952380952
3 0.3343253968253968 0.3402777777777778 0.27380952380952384 0.005952380952380952
3 0.5902777777777778 0.25396825396825395 0.061507936507936505 0.005952380952380952
3 0.31547619047619047 0.25396825396825395 0.22420634920634921 0.005952380952380952
3 0.4861111111111111 0.21825396825396826 0.005952380952380952 0.09126984126984126
3 0.38293650793650796 0.1865079365079365 0.005952380952380952 0.027777777777777776
3 0.2787698412698413 0.1865079365079365 0.005952380952380952 0.027777777777777776
3 0.1875 0.8918650793650794 0.005952380952380952 0.08928571428571429
3 0.1875 0.75 0.005952380952380952 0.03373015873015873
3 0.11408730158730158 0.6666666666666666 0.05357142857142857 0.005952380952380952
3 0.08531746031746032 0.626984126984127 0.005952380952380952 0.03968253968253968
3 0.2748015873015873 0.6666666666666666 0.005952380952380952 0.08333333333333333
6 0.4781746031746032 0.46825396825396826 0.9563492063492064 0.9365079365079365
6 0.4632936507936508 0.46726190476190477 0.9087301587301587 0.9166666666666666
6 0.6359126984126984 0.6765873015873016 0.38293650793650796 0.4801587301587302
6 0.1378968253968254 0.6646825396825397 0.23412698412698413 0.38492063492063494
6 0.4255952380952381 0.2113095238095238 0.7896825396825397 0.40476190476190477
6 0.5466269841269841 0.29662698412698413 0.5317460317460317 0.20238095238095238