0 0.7060546875 0.0146484375 0.080078125 0.029296875
2 0.3017578125 0.3662109375 0.1171875 0.091796875
2 0.49609375 0.3662109375 0.140625 0.091796875
2 0.7060546875 0.3056640625 0.130859375 0.091796875
2 0.7060546875 0.5361328125 0.1796875 0.333984375
2 0.748046875 0.8984375 0.267578125 0.111328125
4 0.1689453125 0.4931640625 0.11328125 0.091796875
4 0.20703125 0.6484375 0.09375 0.064453125
4 0.4736328125 0.6484375 0.09375 0.064453125
4 0.4638671875 0.908203125 0.125 0.091796875
4 0.8818359375 0.513671875 0.109375 0.091796875
5 0.1689453125 0.3662109375 0.11328125 0.091796875
5 0.2197265625 0.8076171875 0.11328125 0.091796875
5 0.3017578125 0.8076171875 0.1171875 0.091796875
5 0.3017578125 0.6484375 0.09375 0.064453125
5 0.3876953125 0.6484375 0.078125 0.064453125
5 0.8984375 0.615234375 0.140625 0.091796875
5 0.8984375 0.7177734375 0.140625 0.091796875
3 0.7060546875 0.150390625 0.005859375 0.23046875
3 0.0390625 0.4931640625 0.078125 0.005859375
3 0.1689453125 0.41796875 0.005859375 0.025390625
3 0.2314453125 0.3662109375 0.0234375 0.005859375
3 0.3017578125 0.3056640625 0.005859375 0.025390625
3 0.39453125 0.3388671875 0.0703125 0.005859375
3 0.39453125 0.392578125 0.0703125 0.005859375
3 0.3017578125 0.5146484375 0.005859375 0.2109375
3 0.341796875 0.5185546875 0.005859375 0.2109375
3 0.3876953125 0.5361328125 0.005859375 0.16015625
3 0.453125 0.552734375 0.005859375 0.119140625
3 0.494140625 0.5361328125 0.005859375 0.16015625
3 0.41796875 0.4853515625 0.15234375 0.005859375
3 0.4736328125 0.501953125 0.041015625 0.005859375
3 0.5361328125 0.4853515625 0.193359375 0.005859375
3 0.5361328125 0.501953125 0.125 0.005859375
3 0.578125 0.31640625 0.126953125 0.005859375
3 0.5888671875 0.3330078125 0.103515625 0.005859375
3 0.578125 0.5361328125 0.005859375 0.439453125
3 0.5888671875 0.564453125 0.005859375 0.46484375
3 0.6630859375 0.396484375 0.005859375 0.08984375
3 0.6630859375 0.6630859375 0.005859375 0.26953125
3 0.748046875 0.4111328125 0.005859375 0.060546875
3 0.748046875 0.681640625 0.005859375 0.220703125
3 0.783203125 0.513671875 0.08984375 0.005859375
3 0.814453125 0.615234375 0.02734375 0.005859375
3 0.814453125 0.7177734375 0.02734375 0.005859375
3 0.1201171875 0.8076171875 0.087890625 0.005859375
3 0.259765625 0.8076171875 0.033203125 0.005859375
3 0.341796875 0.8798828125 0.005859375 0.052734375
3 0.380859375 0.908203125 0.0390625 0.005859375
3 0.341796875 0.7216796875 0.08203125 0.005859375
6 0.5380859375 0.525390625 0.923828125 0.94921875
6 0.5380859375 0.5361328125 0.90234375 0.89453125
6 0.33203125 0.3662109375 0.47265625 0.376953125
6 0.34375 0.8564453125 0.37890625 0.23046875
6 0.7900390625 0.5732421875 0.3984375 0.77734375
6 0.7060546875 0.4541015625 0.19921875 0.5234375