6 0.44287109375 0.47802734375 0.5751953125 0.5400390625
6 0.865234375 0.47802734375 0.2001953125 0.5400390625
6 0.875 0.4501953125 0.2099609375 0.58984375
6 0.884765625 0.419921875 0.2197265625 0.650390625
0 0.05419921875 0.06982421875 0.072265625 0.1142578125
0 0.05419921875 0.22998046875 0.072265625 0.1142578125
0 0.05419921875 0.43994140625 0.09765625 0.1982421875
0 0.05419921875 0.6650390625 0.09765625 0.1982421875
0 0.05419921875 0.89013671875 0.09765625 0.1982421875
1 0.23779296875 0.57177734375 0.1376953125 0.09765625
2 0.43017578125 0.48486328125 0.162109375 0.0947265625
2 0.43017578125 0.66015625 0.162109375 0.0947265625
2 0.6318359375 0.3017578125 0.177734375 0.0947265625
2 0.6318359375 0.48486328125 0.177734375 0.0947265625
2 0.6318359375 0.66015625 0.177734375 0.0947265625
2 0.86376953125 0.3017578125 0.177734375 0.0947265625
2 0.86376953125 0.48486328125 0.177734375 0.0947265625
2 0.86376953125 0.66015625 0.177734375 0.0947265625
3 0.05419921875 0.14501953125 0.0048828125 0.03515625
3 0.05419921875 0.31494140625 0.0048828125 0.0546875
3 0.134765625 0.5048828125 0.0654296875 0.14453125
3 0.3251953125 0.56982421875 0.03515625 0.1904296875
3 0.48486328125 0.365234375 0.115234375 0.125
3 0.52490234375 0.48486328125 0.025390625 0.0048828125
3 0.43017578125 0.5751953125 0.0048828125 0.0751953125
3 0.52490234375 0.66015625 0.025390625 0.0048828125
3 0.6318359375 0.384765625 0.0048828125 0.0751953125
3 0.6318359375 0.57177734375 0.0048828125 0.0849609375
3 0.7451171875 0.27490234375 0.044921875 0.0048828125
3 0.7451171875 0.4599609375 0.044921875 0.0048828125
3 0.7451171875 0.66015625 0.044921875 0.0048828125
3 0.86376953125 0.384765625 0.0048828125 0.0751953125
3 0.86376953125 0.57177734375 0.0048828125 0.0849609375
3 0.43505859375 0.75 0.625 0.03515625
3 0.43505859375 0.85009765625 0.6396484375 0.2197265625