6 0.36376953125 0.5 0.7275390625 0.990234375
6 0.89208984375 0.1298828125 0.2158203125 0.259765625
6 0.89208984375 0.5 0.2158203125 0.4150390625
6 0.89208984375 0.8701171875 0.2158203125 0.259765625
0 0.89208984375 0.1650390625 0.09765625 0.1298828125
0 0.94384765625 0.4501953125 0.076171875 0.1298828125
0 0.84423828125 0.4501953125 0.076171875 0.1298828125
0 0.94384765625 0.61181640625 0.076171875 0.1298828125
0 0.94384765625 0.90185546875 0.076171875 0.1298828125
0 0.84423828125 0.90185546875 0.076171875 0.1298828125
2 0.60693359375 0.27001953125 0.1962890625 0.14453125
1 0.60693359375 0.4921875 0.1962890625 0.14453125
2 0.36376953125 0.4921875 0.1962890625 0.14453125
4 0.125 0.27001953125 0.1962890625 0.14453125
4 0.125 0.4921875 0.1962890625 0.14453125
2 0.60693359375 0.71484375 0.1962890625 0.14453125
4 0.36376953125 0.71484375 0.1962890625 0.14453125
3 0.74609375 0.2001953125 0.08203125 0.1396484375
3 0.60693359375 0.3798828125 0.0048828125 0.0751953125
3 0.60693359375 0.60498046875 0.0048828125 0.0751953125
3 0.48583984375 0.4921875 0.0458984375 0.0048828125
3 0.36376953125 0.60498046875 0.0048828125 0.0751953125
3 0.4609375 0.71484375 0.095703125 0.0048828125
3 0.25 0.3798828125 0.0048828125 0.2197265625
3 0.25 0.27001953125 0.0458984375 0.0048828125
3 0.244140625 0.4921875 0.03515625 0.0048828125
3 0.74609375 0.68017578125 0.0419921875 0.3701171875
3 0.7861328125 0.5 0.0380859375 0.0048828125
3 0.7861328125 0.8701171875 0.0380859375 0.0048828125