6 0.5 0.5 0.7041015625 0.990234375
6 0.94873046875 0.5 0.1025390625 0.990234375
6 0.8291015625 0.5 0.1025390625 0.990234375
6 0.66796875 0.52978515625 0.1552734375 0.4404296875
6 0.4951171875 0.41015625 0.1552734375 0.1982421875
6 0.2958984375 0.22998046875 0.169921875 0.39453125
6 0.2958984375 0.72021484375 0.169921875 0.4853515625
6 0.09521484375 0.544921875 0.1552734375 0.46484375
0 0.94921875 0.35009765625 0.068359375 0.1298828125
0 0.94921875 0.5517578125 0.068359375 0.1298828125
0 0.94921875 0.7548828125 0.068359375 0.1298828125
0 0.8291015625 0.35009765625 0.068359375 0.1298828125
5 0.8291015625 0.5517578125 0.068359375 0.1298828125
0 0.8291015625 0.7548828125 0.068359375 0.1298828125
1 0.66796875 0.43505859375 0.1357421875 0.09765625
2 0.66796875 0.5517578125 0.1357421875 0.09765625
2 0.66796875 0.6748046875 0.1357421875 0.09765625
2 0.4951171875 0.43212890625 0.1357421875 0.1025390625
4 0.2958984375 0.15478515625 0.1357421875 0.09765625
4 0.2958984375 0.25390625 0.1357421875 0.09765625
4 0.2958984375 0.35205078125 0.1357421875 0.09765625
2 0.2958984375 0.59814453125 0.1357421875 0.09765625
4 0.2958984375 0.69482421875 0.1357421875 0.09765625
2 0.2958984375 0.7919921875 0.1357421875 0.09765625
2 0.2958984375 0.89013671875 0.1357421875 0.09765625
2 0.09521484375 0.4560546875 0.1318359375 0.09765625
2 0.09521484375 0.587890625 0.1318359375 0.09765625
2 0.09521484375 0.7041015625 0.1318359375 0.09765625
3 0.88720703125 0.5517578125 0.017578125 0.0048828125
3 0.76318359375 0.5517578125 0.017578125 0.0048828125
3 0.5927734375 0.43212890625 0.015625 0.0048828125
3 0.39697265625 0.31494140625 0.0380859375 0.1982421875
3 0.39697265625 0.5517578125 0.0380859375 0.2353515625
3 0.490234375 0.73193359375 0.2236328125 0.1181640625
3 0.205078125 0.47509765625 0.0380859375 0.490234375