0 0.9766260162601627 0.38922764227642276 0.032520325203252036 0.046747967479674794
5 0.9217479674796748 0.36585365853658536 0.03861788617886179 0.046747967479674794
5 0.8709349593495935 0.37703252032520324 0.032520325203252036 0.056910569105691054
2 0.7642276422764228 0.12601626016260162 0.032520325203252036 0.052845528455284556
2 0.7642276422764228 0.19410569105691056 0.032520325203252036 0.04065040650406504
5 0.7642276422764228 0.29776422764227645 0.032520325203252036 0.04065040650406504
2 0.7642276422764228 0.4065040650406504 0.032520325203252036 0.052845528455284556
4 0.7642276422764228 0.6260162601626016 0.03861788617886179 0.046747967479674794
4 0.7642276422764228 0.7296747967479674 0.03861788617886179 0.046747967479674794
2 0.4268292682926829 0.1991869918699187 0.03861788617886179 0.046747967479674794
2 0.5914634146341463 0.3546747967479675 0.032520325203252036 0.04065040650406504
2 0.5172764227642277 0.3546747967479675 0.032520325203252036 0.04065040650406504
2 0.43597560975609756 0.3546747967479675 0.032520325203252036 0.04065040650406504
5 0.3617886178861789 0.3546747967479675 0.032520325203252036 0.04065040650406504
2 0.43597560975609756 0.4796747967479675 0.03861788617886179 0.046747967479674794
2 0.5955284552845529 0.6361788617886179 0.032520325203252036 0.04065040650406504
2 0.5172764227642277 0.6361788617886179 0.032520325203252036 0.04065040650406504
2 0.44410569105691056 0.6361788617886179 0.032520325203252036 0.04065040650406504
4 0.27540650406504064 0.3445121951219512 0.032520325203252036 0.056910569105691054
4 0.16361788617886178 0.27134146341463417 0.032520325203252036 0.052845528455284556
4 0.07317073170731707 0.27134146341463417 0.032520325203252036 0.052845528455284556
4 0.11280487804878049 0.3861788617886179 0.03861788617886179 0.052845528455284556
5 0.6219512195121951 0.8282520325203252 0.03861788617886179 0.052845528455284556
5 0.47459349593495936 0.8282520325203252 0.032520325203252036 0.046747967479674794
5 0.32723577235772355 0.8282520325203252 0.03861788617886179 0.052845528455284556
5 0.18800813008130082 0.6199186991869918 0.032520325203252036 0.052845528455284556
5 0.12601626016260162 0.6199186991869918 0.032520325203252036 0.052845528455284556
5 0.05589430894308943 0.6199186991869918 0.032520325203252036 0.052845528455284556
5 0.16361788617886178 0.7713414634146342 0.03861788617886179 0.052845528455284556
5 0.07317073170731707 0.7713414634146342 0.03861788617886179 0.052845528455284556
3 0.959349593495935 0.38922764227642276 0.032520325203252036 0.006097560975609756
3 0.9024390243902439 0.38922764227642276 0.03861788617886179 0.006097560975609756
3 0.8262195121951219 0.38922764227642276 0.056910569105691054 0.006097560975609756
3 0.8363821138211383 0.5315040650406504 0.006097560975609756 0.2865853658536585
3 0.8211382113821138 0.6747967479674797 0.03048780487804878 0.006097560975609756
3 0.7642276422764228 0.4898373983739837 0.006097560975609756 0.046747967479674794
3 0.6941056910569106 0.38922764227642276 0.046747967479674794 0.006097560975609756
3 0.6900406504065041 0.5782520325203252 0.06707317073170732 0.11382113821138211
3 0.3953252032520325 0.2266260162601626 0.024390243902439025 0.006097560975609756
3 0.3800813008130081 0.2764227642276423 0.006097560975609756 0.10365853658536585
3 0.3953252032520325 0.3617886178861789 0.034552845528455285 0.006097560975609756
3 0.3821138211382114 0.4959349593495935 0.036585365853658534 0.006097560975609756
3 0.3617886178861789 0.568089430894309 0.006097560975609756 0.13008130081300814
3 0.30691056910569103 0.3445121951219512 0.03048780487804878 0.006097560975609756
3 0.2601626016260163 0.28252032520325204 0.11991869918699187 0.006097560975609756
3 0.47459349593495936 0.7611788617886179 0.006097560975609756 0.03048780487804878
3 0.23170731707317074 0.641260162601626 0.028455284552845527 0.006097560975609756
3 0.05894308943089431 0.5060975609756098 0.006097560975609756 0.18699186991869918
3 0.18800813008130082 0.7083333333333334 0.006097560975609756 0.07317073170731707
3 0.12601626016260162 0.7083333333333334 0.006097560975609756 0.07317073170731707
3 0.05589430894308943 0.7083333333333334 0.006097560975609756 0.07317073170731707
3 0.09349593495934959 0.641260162601626 0.034552845528455285 0.006097560975609756
6 0.4410569105691057 0.4725609756097561 0.8658536585365854 0.9105691056910569
6 0.46747967479674796 0.41260162601626016 0.44715447154471544 0.6605691056910569
6 0.11280487804878049 0.31808943089430897 0.16056910569105692 0.2601626016260163
6 0.12195121951219512 0.698170731707317 0.19308943089430894 0.2601626016260163
6 0.47052845528455284 0.8404471544715447 0.44715447154471544 0.11382113821138211