0 0.9476284584980237 0.37648221343873517 0.03162055335968379 0.045454545454545456
5 0.8942687747035574 0.35375494071146246 0.037549407114624504 0.045454545454545456
5 0.8448616600790514 0.36462450592885376 0.03162055335968379 0.05533596837944664
2 0.741106719367589 0.12055335968379446 0.03162055335968379 0.05138339920948617
2 0.741106719367589 0.18675889328063242 0.03162055335968379 0.039525691699604744
5 0.741106719367589 0.2875494071146245 0.03162055335968379 0.039525691699604744
2 0.741106719367589 0.3932806324110672 0.03162055335968379 0.05138339920948617
4 0.741106719367589 0.6067193675889329 0.037549407114624504 0.045454545454545456
4 0.741106719367589 0.7075098814229249 0.037549407114624504 0.045454545454545456
2 0.41304347826086957 0.191699604743083 0.037549407114624504 0.045454545454545456
2 0.5731225296442688 0.34288537549407117 0.03162055335968379 0.039525691699604744
2 0.5009881422924901 0.34288537549407117 0.03162055335968379 0.039525691699604744
2 0.42193675889328064 0.34288537549407117 0.03162055335968379 0.039525691699604744
5 0.34980237154150196 0.34288537549407117 0.03162055335968379 0.039525691699604744
2 0.42193675889328064 0.4644268774703557 0.037549407114624504 0.045454545454545456
2 0.5770750988142292 0.616600790513834 0.03162055335968379 0.039525691699604744
2 0.5009881422924901 0.616600790513834 0.03162055335968379 0.039525691699604744
2 0.4298418972332016 0.616600790513834 0.03162055335968379 0.039525691699604744
4 0.2658102766798419 0.33300395256917 0.03162055335968379 0.05533596837944664
4 0.15711462450592886 0.2618577075098814 0.03162055335968379 0.05138339920948617
4 0.0691699604743083 0.2618577075098814 0.03162055335968379 0.05138339920948617
4 0.10770750988142293 0.37351778656126483 0.037549407114624504 0.05138339920948617
5 0.6027667984189723 0.8033596837944664 0.037549407114624504 0.05138339920948617
5 0.45948616600790515 0.8033596837944664 0.03162055335968379 0.045454545454545456
5 0.31620553359683795 0.8033596837944664 0.037549407114624504 0.05138339920948617
5 0.1808300395256917 0.6007905138339921 0.03162055335968379 0.05138339920948617
5 0.12055335968379446 0.6007905138339921 0.03162055335968379 0.05138339920948617
5 0.05237154150197629 0.6007905138339921 0.03162055335968379 0.05138339920948617
5 0.15711462450592886 0.7480237154150198 0.037549407114624504 0.05138339920948617
5 0.0691699604743083 0.7480237154150198 0.037549407114624504 0.05138339920948617
3 0.9308300395256917 0.37648221343873517 0.03162055335968379 0.005928853754940711
3 0.8754940711462451 0.37648221343873517 0.037549407114624504 0.005928853754940711
3 0.8013833992094862 0.37648221343873517 0.05533596837944664 0.005928853754940711
3 0.8112648221343873 0.5148221343873518 0.005928853754940711 0.27865612648221344
3 0.7964426877470355 0.6541501976284585 0.029644268774703556 0.005928853754940711
3 0.741106719367589 0.4743083003952569 0.005928853754940711 0.045454545454545456
3 0.6729249011857708 0.37648221343873517 0.045454545454545456 0.005928853754940711
3 0.6689723320158103 0.5602766798418972 0.06521739130434782 0.11067193675889328
3 0.3824110671936759 0.2183794466403162 0.023715415019762844 0.005928853754940711
3 0.3675889328063241 0.26679841897233203 0.005928853754940711 0.1007905138339921
3 0.3824110671936759 0.34980237154150196 0.03359683794466403 0.005928853754940711
3 0.3695652173913043 0.48023715415019763 0.03557312252964427 0.005928853754940711
3 0.34980237154150196 0.5503952569169961 0.005928853754940711 0.12648221343873517
3 0.2964426877470356 0.33300395256917 0.029644268774703556 0.005928853754940711
3 0.2509881422924901 0.2727272727272727 0.116600790513834 0.005928853754940711
3 0.45948616600790515 0.7381422924901185 0.005928853754940711 0.029644268774703556
3 0.22332015810276679 0.6215415019762845 0.02766798418972332 0.005928853754940711
3 0.05533596837944664 0.4901185770750988 0.005928853754940711 0.18181818181818182
3 0.1808300395256917 0.6867588932806324 0.005928853754940711 0.07114624505928854
3 0.12055335968379446 0.6867588932806324 0.005928853754940711 0.07114624505928854
3 0.05237154150197629 0.6867588932806324 0.005928853754940711 0.07114624505928854
3 0.08893280632411067 0.6215415019762845 0.03359683794466403 0.005928853754940711
6 0.4268774703557312 0.4575098814229249 0.841897233201581 0.8853754940711462
6 0.4525691699604743 0.39920948616600793 0.43478260869565216 0.642292490118577
6 0.10770750988142293 0.3073122529644269 0.15612648221343872 0.25296442687747034
6 0.116600790513834 0.6768774703557312 0.18774703557312253 0.25296442687747034
6 0.45553359683794464 0.8152173913043478 0.43478260869565216 0.11067193675889328