0 0.3804347826086957 0.9535573122529645 0.045454545454545456 0.03162055335968379
5 0.3577075098814229 0.900197628458498 0.045454545454545456 0.037549407114624504
5 0.3685770750988142 0.8507905138339921 0.05533596837944664 0.03162055335968379
2 0.12450592885375494 0.7470355731225297 0.05138339920948617 0.03162055335968379
2 0.1907114624505929 0.7470355731225297 0.039525691699604744 0.03162055335968379
5 0.29150197628458496 0.7470355731225297 0.039525691699604744 0.03162055335968379
2 0.39723320158102765 0.7470355731225297 0.05138339920948617 0.03162055335968379
4 0.6106719367588933 0.7470355731225297 0.045454545454545456 0.037549407114624504
4 0.7114624505928854 0.7470355731225297 0.045454545454545456 0.037549407114624504
2 0.1956521739130435 0.4189723320158103 0.045454545454545456 0.037549407114624504
2 0.3468379446640316 0.5790513833992095 0.039525691699604744 0.03162055335968379
2 0.3468379446640316 0.5069169960474308 0.039525691699604744 0.03162055335968379
2 0.3468379446640316 0.4278656126482213 0.039525691699604744 0.03162055335968379
5 0.3468379446640316 0.3557312252964427 0.039525691699604744 0.03162055335968379
2 0.4683794466403162 0.4278656126482213 0.045454545454545456 0.037549407114624504
2 0.6205533596837944 0.5830039525691699 0.039525691699604744 0.03162055335968379
2 0.6205533596837944 0.5069169960474308 0.039525691699604744 0.03162055335968379
2 0.6205533596837944 0.4357707509881423 0.039525691699604744 0.03162055335968379
4 0.33695652173913043 0.2717391304347826 0.05533596837944664 0.03162055335968379
4 0.2658102766798419 0.16304347826086957 0.05138339920948617 0.03162055335968379
4 0.2658102766798419 0.07509881422924901 0.05138339920948617 0.03162055335968379
4 0.3774703557312253 0.11363636363636363 0.05138339920948617 0.037549407114624504
5 0.8073122529644269 0.6086956521739131 0.05138339920948617 0.037549407114624504
5 0.8073122529644269 0.4654150197628458 0.045454545454545456 0.03162055335968379
5 0.8073122529644269 0.3221343873517787 0.05138339920948617 0.037549407114624504
5 0.6047430830039525 0.18675889328063242 0.05138339920948617 0.03162055335968379
5 0.6047430830039525 0.12648221343873517 0.05138339920948617 0.03162055335968379
5 0.6047430830039525 0.058300395256917 0.05138339920948617 0.03162055335968379
5 0.7519762845849802 0.16304347826086957 0.05138339920948617 0.037549407114624504
5 0.7519762845849802 0.07509881422924901 0.05138339920948617 0.037549407114624504
3 0.3804347826086957 0.9367588932806324 0.005928853754940711 0.03162055335968379
3 0.3804347826086957 0.8814229249011858 0.005928853754940711 0.037549407114624504
3 0.3804347826086957 0.8073122529644269 0.005928853754940711 0.05533596837944664
3 0.5187747035573123 0.817193675889328 0.27865612648221344 0.005928853754940711
3 0.658102766798419 0.8023715415019763 0.005928853754940711 0.029644268774703556
3 0.4782608695652174 0.7470355731225297 0.045454545454545456 0.005928853754940711
3 0.3804347826086957 0.6788537549407114 0.005928853754940711 0.045454545454545456
3 0.5642292490118577 0.674901185770751 0.11067193675889328 0.06521739130434782
3 0.22233201581027667 0.3883399209486166 0.005928853754940711 0.023715415019762844
3 0.2707509881422925 0.37351778656126483 0.1007905138339921 0.005928853754940711
3 0.35375494071146246 0.3883399209486166 0.005928853754940711 0.03359683794466403
3 0.4841897233201581 0.37549407114624506 0.005928853754940711 0.03557312252964427
3 0.5543478260869565 0.3557312252964427 0.12648221343873517 0.005928853754940711
3 0.33695652173913043 0.30237154150197626 0.005928853754940711 0.029644268774703556
3 0.2766798418972332 0.25691699604743085 0.005928853754940711 0.116600790513834
3 0.7420948616600791 0.4654150197628458 0.029644268774703556 0.005928853754940711
3 0.6254940711462451 0.22924901185770752 0.005928853754940711 0.02766798418972332
3 0.49407114624505927 0.06126482213438735 0.18181818181818182 0.005928853754940711
3 0.6907114624505929 0.18675889328063242 0.07114624505928854 0.005928853754940711
3 0.6907114624505929 0.12648221343873517 0.07114624505928854 0.005928853754940711
3 0.6907114624505929 0.058300395256917 0.07114624505928854 0.005928853754940711
3 0.6254940711462451 0.09486166007905138 0.005928853754940711 0.03359683794466403
6 0.4614624505928854 0.43280632411067194 0.8853754940711462 0.841897233201581
6 0.4031620553359684 0.45849802371541504 0.642292490118577 0.43478260869565216
6 0.31126482213438733 0.11363636363636363 0.25296442687747034 0.15612648221343872
6 0.6808300395256917 0.1225296442687747 0.25296442687747034 0.18774703557312253
6 0.8191699604743083 0.4614624505928854 0.11067193675889328 0.43478260869565216