0 0.367 0.041 0.046 0.032
5 0.344 0.095 0.046 0.038
5 0.355 0.145 0.056 0.032
2 0.108 0.25 0.052 0.032
2 0.175 0.25 0.04 0.032
5 0.277 0.25 0.04 0.032
2 0.384 0.25 0.052 0.032
4 0.6 0.25 0.046 0.038
4 0.702 0.25 0.046 0.038
2 0.18 0.582 0.046 0.038
2 0.333 0.42 0.04 0.032
2 0.333 0.493 0.04 0.032
2 0.333 0.573 0.04 0.032
5 0.333 0.646 0.04 0.032
2 0.456 0.573 0.046 0.038
2 0.61 0.416 0.04 0.032
2 0.61 0.493 0.04 0.032
2 0.61 0.565 0.04 0.032
4 0.323 0.731 0.056 0.032
4 0.251 0.841 0.052 0.032
4 0.251 0.93 0.052 0.032
4 0.364 0.891 0.052 0.038
5 0.799 0.39 0.052 0.038
5 0.799 0.535 0.046 0.032
5 0.799 0.68 0.052 0.038
5 0.594 0.817 0.052 0.032
5 0.594 0.878 0.052 0.032
5 0.594 0.947 0.052 0.032
5 0.743 0.841 0.052 0.038
5 0.743 0.93 0.052 0.038
3 0.367 0.058 0.006 0.032
3 0.367 0.114 0.006 0.038
3 0.367 0.189 0.006 0.056
3 0.507 0.179 0.282 0.006
3 0.648 0.194 0.006 0.03
3 0.466 0.25 0.046 0.006
3 0.367 0.319 0.006 0.046
3 0.553 0.323 0.112 0.066
3 0.207 0.613 0.006 0.024
3 0.256 0.628 0.102 0.006
3 0.34 0.613 0.006 0.034
3 0.472 0.626 0.006 0.036
3 0.543 0.646 0.128 0.006
3 0.323 0.7 0.006 0.03
3 0.262 0.746 0.006 0.118
3 0.733 0.535 0.03 0.006
3 0.615 0.774 0.006 0.028
3 0.482 0.944 0.184 0.006
3 0.681 0.817 0.072 0.006
3 0.681 0.878 0.072 0.006
3 0.681 0.947 0.072 0.006
3 0.615 0.91 0.006 0.034
6 0.449 0.568 0.896 0.852
6 0.39 0.542 0.65 0.44
6 0.297 0.891 0.256 0.158
6 0.671 0.882 0.256 0.19
6 0.811 0.539 0.112 0.44