0 0.375 0.045 0.046 0.032
5 0.352 0.099 0.046 0.038
5 0.363 0.149 0.056 0.032
2 0.116 0.254 0.052 0.032
2 0.183 0.254 0.04 0.032
5 0.285 0.254 0.04 0.032
2 0.392 0.254 0.052 0.032
4 0.608 0.254 0.046 0.038
4 0.71 0.254 0.046 0.038
2 0.188 0.586 0.046 0.038
2 0.341 0.424 0.04 0.032
2 0.341 0.497 0.04 0.032
2 0.341 0.577 0.04 0.032
5 0.341 0.65 0.04 0.032
2 0.464 0.577 0.046 0.038
2 0.618 0.42 0.04 0.032
2 0.618 0.497 0.04 0.032
2 0.618 0.569 0.04 0.032
4 0.331 0.735 0.056 0.032
4 0.259 0.845 0.052 0.032
4 0.259 0.934 0.052 0.032
4 0.372 0.895 0.052 0.038
5 0.807 0.394 0.052 0.038
5 0.807 0.539 0.046 0.032
5 0.807 0.684 0.052 0.038
5 0.602 0.821 0.052 0.032
5 0.602 0.882 0.052 0.032
5 0.602 0.951 0.052 0.032
5 0.751 0.845 0.052 0.038
5 0.751 0.934 0.052 0.038
3 0.375 0.062 0.006 0.032
3 0.375 0.118 0.006 0.038
3 0.375 0.193 0.006 0.056
3 0.515 0.183 0.282 0.006
3 0.656 0.198 0.006 0.03
3 0.474 0.254 0.046 0.006
3 0.375 0.323 0.006 0.046
3 0.561 0.327 0.112 0.066
3 0.215 0.617 0.006 0.024
3 0.264 0.632 0.102 0.006
3 0.348 0.617 0.006 0.034
3 0.48 0.63 0.006 0.036
3 0.551 0.65 0.128 0.006
3 0.331 0.704 0.006 0.03
3 0.27 0.75 0.006 0.118
3 0.741 0.539 0.03 0.006
3 0.623 0.778 0.006 0.028
3 0.49 0.948 0.184 0.006
3 0.689 0.821 0.072 0.006
3 0.689 0.882 0.072 0.006
3 0.689 0.951 0.072 0.006
3 0.623 0.914 0.006 0.034
6 0.457 0.572 0.896 0.852
6 0.398 0.546 0.65 0.44
6 0.305 0.895 0.256 0.158
6 0.679 0.886 0.256 0.19
6 0.819 0.543 0.112 0.44