6 0.56787109375 0.4560546875 0.83203125 0.875
6 0.541015625 0.39794921875 0.427734375 0.6396484375
6 0.52001953125 0.4130859375 0.3251953125 0.5546875
6 0.8837890625 0.31005859375 0.158203125 0.25
6 0.541015625 0.81201171875 0.427734375 0.115234375
6 0.875 0.671875 0.1796875 0.2548828125
6 0.255859375 0.25 0.076171875 0.4052734375
6 0.255859375 0.64013671875 0.076171875 0.294921875
0 0.05322265625 0.375 0.03515625 0.044921875
5 0.10595703125 0.35205078125 0.0244140625 0.044921875
5 0.15283203125 0.365234375 0.0302734375 0.0517578125
2 0.255859375 0.1982421875 0.0400390625 0.044921875
4 0.255859375 0.2919921875 0.0400390625 0.044921875
2 0.255859375 0.39794921875 0.0400390625 0.0546875
2 0.58203125 0.1982421875 0.0400390625 0.044921875
2 0.423828125 0.341796875 0.0302734375 0.044921875
2 0.4931640625 0.341796875 0.0302734375 0.044921875
2 0.5751953125 0.341796875 0.0302734375 0.044921875
4 0.64501953125 0.341796875 0.0400390625 0.044921875
2 0.5751953125 0.47509765625 0.0302734375 0.044921875
2 0.4130859375 0.615234375 0.0302734375 0.044921875
2 0.4931640625 0.615234375 0.0302734375 0.044921875
2 0.56494140625 0.615234375 0.0302734375 0.044921875
4 0.255859375 0.60498046875 0.0400390625 0.044921875
4 0.255859375 0.7099609375 0.0400390625 0.044921875
4 0.72802734375 0.333984375 0.03515625 0.044921875
4 0.8359375 0.26806640625 0.03515625 0.044921875
4 0.921875 0.26806640625 0.03515625 0.044921875
4 0.8837890625 0.375 0.044921875 0.044921875
3 0.080078125 0.365234375 0.01953125 0.0048828125
3 0.1259765625 0.365234375 0.01953125 0.0048828125
3 0.19287109375 0.3779296875 0.0517578125 0.0048828125
3 0.326171875 0.3779296875 0.0537109375 0.0048828125
3 0.18798828125 0.51806640625 0.0048828125 0.2763671875
3 0.255859375 0.47509765625 0.0048828125 0.0498046875
3 0.203125 0.64013671875 0.0322265625 0.23046875
3 0.328125 0.55810546875 0.0654296875 0.1103515625
3 0.6279296875 0.22021484375 0.044921875 0.08203125
3 0.625 0.48193359375 0.03515625 0.0048828125
3 0.64501953125 0.5048828125 0.0048828125 0.181640625
3 0.7421875 0.27587890625 0.1181640625 0.0048828125
3 0.701171875 0.333984375 0.01953125 0.0048828125
3 0.77197265625 0.6181640625 0.03515625 0.0048828125
3 0.93603515625 0.509765625 0.0048828125 0.150390625
3 0.541015625 0.73779296875 0.0048828125 0.0400390625