0 0.9805327868852459 0.3637295081967213 0.03278688524590164 0.0471311475409836
5 0.9252049180327869 0.3401639344262295 0.0389344262295082 0.0471311475409836
5 0.8739754098360656 0.3514344262295082 0.03278688524590164 0.05737704918032787
2 0.7663934426229508 0.09836065573770492 0.03278688524590164 0.05327868852459016
2 0.7663934426229508 0.16700819672131148 0.03278688524590164 0.040983606557377046
5 0.7663934426229508 0.27151639344262296 0.03278688524590164 0.040983606557377046
2 0.7663934426229508 0.38114754098360654 0.03278688524590164 0.05327868852459016
4 0.7663934426229508 0.6024590163934426 0.0389344262295082 0.0471311475409836
4 0.7663934426229508 0.7069672131147541 0.0389344262295082 0.0471311475409836
2 0.4262295081967213 0.1721311475409836 0.0389344262295082 0.0471311475409836
2 0.5922131147540983 0.32889344262295084 0.03278688524590164 0.040983606557377046
2 0.5174180327868853 0.32889344262295084 0.03278688524590164 0.040983606557377046
2 0.4354508196721312 0.32889344262295084 0.03278688524590164 0.040983606557377046
5 0.36065573770491804 0.32889344262295084 0.03278688524590164 0.040983606557377046
2 0.4354508196721312 0.45491803278688525 0.0389344262295082 0.0471311475409836
2 0.5963114754098361 0.6127049180327869 0.03278688524590164 0.040983606557377046
2 0.5174180327868853 0.6127049180327869 0.03278688524590164 0.040983606557377046
2 0.44364754098360654 0.6127049180327869 0.03278688524590164 0.040983606557377046
4 0.2735655737704918 0.31864754098360654 0.03278688524590164 0.05737704918032787
4 0.16086065573770492 0.24487704918032788 0.03278688524590164 0.05327868852459016
4 0.06967213114754098 0.24487704918032788 0.03278688524590164 0.05327868852459016
4 0.1096311475409836 0.36065573770491804 0.0389344262295082 0.05327868852459016
5 0.6229508196721312 0.8063524590163934 0.0389344262295082 0.05327868852459016
5 0.47438524590163933 0.8063524590163934 0.03278688524590164 0.0471311475409836
5 0.32581967213114754 0.8063524590163934 0.0389344262295082 0.05327868852459016
5 0.18545081967213115 0.5963114754098361 0.03278688524590164 0.05327868852459016
5 0.12295081967213115 0.5963114754098361 0.03278688524590164 0.05327868852459016
5 0.05225409836065574 0.5963114754098361 0.03278688524590164 0.05327868852459016
5 0.16086065573770492 0.7489754098360656 0.0389344262295082 0.05327868852459016
5 0.06967213114754098 0.7489754098360656 0.0389344262295082 0.05327868852459016
3 0.9631147540983607 0.3637295081967213 0.03278688524590164 0.006147540983606557
3 0.9057377049180327 0.3637295081967213 0.0389344262295082 0.006147540983606557
3 0.8288934426229508 0.3637295081967213 0.05737704918032787 0.006147540983606557
3 0.8391393442622951 0.507172131147541 0.006147540983606557 0.2889344262295082
3 0.8237704918032787 0.6516393442622951 0.030737704918032786 0.006147540983606557
3 0.7663934426229508 0.4651639344262295 0.006147540983606557 0.0471311475409836
3 0.6956967213114754 0.3637295081967213 0.0471311475409836 0.006147540983606557
3 0.6915983606557377 0.5543032786885246 0.06762295081967214 0.11475409836065574
3 0.3944672131147541 0.19979508196721313 0.02459016393442623 0.006147540983606557
3 0.3790983606557377 0.25 0.006147540983606557 0.10450819672131148
3 0.3944672131147541 0.3360655737704918 0.03483606557377049 0.006147540983606557
3 0.38114754098360654 0.4713114754098361 0.036885245901639344 0.006147540983606557
3 0.36065573770491804 0.5440573770491803 0.006147540983606557 0.13114754098360656
3 0.305327868852459 0.31864754098360654 0.030737704918032786 0.006147540983606557
3 0.2581967213114754 0.25614754098360654 0.12090163934426229 0.006147540983606557
3 0.47438524590163933 0.7387295081967213 0.006147540983606557 0.030737704918032786
3 0.22950819672131148 0.617827868852459 0.028688524590163935 0.006147540983606557
3 0.055327868852459015 0.48155737704918034 0.006147540983606557 0.1885245901639344
3 0.18545081967213115 0.6854508196721312 0.006147540983606557 0.07377049180327869
3 0.12295081967213115 0.6854508196721312 0.006147540983606557 0.07377049180327869
3 0.05225409836065574 0.6854508196721312 0.006147540983606557 0.07377049180327869
3 0.09016393442622951 0.617827868852459 0.03483606557377049 0.006147540983606557
6 0.4405737704918033 0.45286885245901637 0.8729508196721312 0.9057377049180327
6 0.4672131147540984 0.38729508196721313 0.45081967213114754 0.6659836065573771
6 0.1096311475409836 0.29200819672131145 0.16188524590163936 0.26229508196721313
6 0.11885245901639344 0.6752049180327869 0.19467213114754098 0.26229508196721313
6 0.4702868852459016 0.8186475409836066 0.45081967213114754 0.11475409836065574