0 0.9498031496062992 0.37893700787401574 0.031496062992125984 0.045275590551181105
5 0.8966535433070866 0.3562992125984252 0.03740157480314961 0.045275590551181105
5 0.8474409448818898 0.3671259842519685 0.031496062992125984 0.05511811023622047
2 0.7440944881889764 0.12401574803149606 0.031496062992125984 0.051181102362204724
2 0.7440944881889764 0.18996062992125984 0.031496062992125984 0.03937007874015748
5 0.7440944881889764 0.2903543307086614 0.031496062992125984 0.03937007874015748
2 0.7440944881889764 0.3956692913385827 0.031496062992125984 0.051181102362204724
4 0.7440944881889764 0.6082677165354331 0.03740157480314961 0.045275590551181105
4 0.7440944881889764 0.7086614173228346 0.03740157480314961 0.045275590551181105
2 0.41732283464566927 0.19488188976377951 0.03740157480314961 0.045275590551181105
2 0.5767716535433071 0.3454724409448819 0.031496062992125984 0.03937007874015748
2 0.5049212598425197 0.3454724409448819 0.031496062992125984 0.03937007874015748
2 0.42618110236220474 0.3454724409448819 0.031496062992125984 0.03937007874015748
5 0.3543307086614173 0.3454724409448819 0.031496062992125984 0.03937007874015748
2 0.42618110236220474 0.46653543307086615 0.03740157480314961 0.045275590551181105
2 0.5807086614173228 0.6181102362204725 0.031496062992125984 0.03937007874015748
2 0.5049212598425197 0.6181102362204725 0.031496062992125984 0.03937007874015748
2 0.4340551181102362 0.6181102362204725 0.031496062992125984 0.03937007874015748
4 0.2706692913385827 0.33562992125984253 0.031496062992125984 0.05511811023622047
4 0.1624015748031496 0.26476377952755903 0.031496062992125984 0.051181102362204724
4 0.07480314960629922 0.26476377952755903 0.031496062992125984 0.051181102362204724
4 0.11318897637795275 0.37598425196850394 0.03740157480314961 0.051181102362204724
5 0.6062992125984252 0.8041338582677166 0.03740157480314961 0.051181102362204724
5 0.46358267716535434 0.8041338582677166 0.031496062992125984 0.045275590551181105
5 0.32086614173228345 0.8041338582677166 0.03740157480314961 0.051181102362204724
5 0.1860236220472441 0.6023622047244095 0.031496062992125984 0.051181102362204724
5 0.12598425196850394 0.6023622047244095 0.031496062992125984 0.051181102362204724
5 0.058070866141732284 0.6023622047244095 0.031496062992125984 0.051181102362204724
5 0.1624015748031496 0.7490157480314961 0.03740157480314961 0.051181102362204724
5 0.07480314960629922 0.7490157480314961 0.03740157480314961 0.051181102362204724
3 0.9330708661417323 0.37893700787401574 0.031496062992125984 0.005905511811023622
3 0.8779527559055118 0.37893700787401574 0.03740157480314961 0.005905511811023622
3 0.8041338582677166 0.37893700787401574 0.05511811023622047 0.005905511811023622
3 0.8139763779527559 0.5167322834645669 0.005905511811023622 0.27755905511811024
3 0.7992125984251969 0.655511811023622 0.02952755905511811 0.005905511811023622
3 0.7440944881889764 0.4763779527559055 0.005905511811023622 0.045275590551181105
3 0.6761811023622047 0.37893700787401574 0.045275590551181105 0.005905511811023622
3 0.672244094488189 0.562007874015748 0.06496062992125984 0.11023622047244094
3 0.3868110236220472 0.22145669291338582 0.023622047244094488 0.005905511811023622
3 0.3720472440944882 0.26968503937007876 0.005905511811023622 0.10039370078740158
3 0.3868110236220472 0.35236220472440943 0.03346456692913386 0.005905511811023622
3 0.37401574803149606 0.4822834645669291 0.03543307086614173 0.005905511811023622
3 0.3543307086614173 0.5521653543307087 0.005905511811023622 0.12598425196850394
3 0.30118110236220474 0.33562992125984253 0.02952755905511811 0.005905511811023622
3 0.2559055118110236 0.2755905511811024 0.11614173228346457 0.005905511811023622
3 0.46358267716535434 0.7391732283464567 0.005905511811023622 0.02952755905511811
3 0.2283464566929134 0.6230314960629921 0.027559055118110236 0.005905511811023622
3 0.0610236220472441 0.4921259842519685 0.005905511811023622 0.18110236220472442
3 0.1860236220472441 0.687992125984252 0.005905511811023622 0.07086614173228346
3 0.12598425196850394 0.687992125984252 0.005905511811023622 0.07086614173228346
3 0.058070866141732284 0.687992125984252 0.005905511811023622 0.07086614173228346
3 0.09448818897637795 0.6230314960629921 0.03346456692913386 0.005905511811023622
6 0.4311023622047244 0.4596456692913386 0.8385826771653543 0.8818897637795275
6 0.4566929133858268 0.4015748031496063 0.4330708661417323 0.639763779527559
6 0.11318897637795275 0.31003937007874016 0.15551181102362205 0.25196850393700787
6 0.1220472440944882 0.6781496062992126 0.18700787401574803 0.25196850393700787
6 0.4596456692913386 0.8159448818897638 0.4330708661417323 0.11023622047244094