0 0.0537109375 0.3779296875 0.03125 0.044921875
5 0.1064453125 0.35546875 0.037109375 0.044921875
5 0.1552734375 0.3662109375 0.03125 0.0546875
2 0.2578125 0.125 0.03125 0.05078125
2 0.2578125 0.1904296875 0.03125 0.0390625
5 0.2578125 0.2900390625 0.03125 0.0390625
2 0.2578125 0.39453125 0.03125 0.05078125
4 0.2578125 0.60546875 0.037109375 0.044921875
4 0.2578125 0.705078125 0.037109375 0.044921875
2 0.58203125 0.1953125 0.037109375 0.044921875
2 0.423828125 0.3447265625 0.03125 0.0390625
2 0.4951171875 0.3447265625 0.03125 0.0390625
2 0.5732421875 0.3447265625 0.03125 0.0390625
5 0.64453125 0.3447265625 0.03125 0.0390625
2 0.5732421875 0.46484375 0.037109375 0.044921875
2 0.419921875 0.615234375 0.03125 0.0390625
2 0.4951171875 0.615234375 0.03125 0.0390625
2 0.5654296875 0.615234375 0.03125 0.0390625
4 0.7275390625 0.3349609375 0.03125 0.0546875
4 0.8349609375 0.2646484375 0.03125 0.05078125
4 0.921875 0.2646484375 0.03125 0.05078125
4 0.8837890625 0.375 0.037109375 0.05078125
5 0.39453125 0.7998046875 0.037109375 0.05078125
5 0.5361328125 0.7998046875 0.03125 0.044921875
5 0.677734375 0.7998046875 0.037109375 0.05078125
5 0.8115234375 0.599609375 0.03125 0.05078125
5 0.87109375 0.599609375 0.03125 0.05078125
5 0.9384765625 0.599609375 0.03125 0.05078125
5 0.8349609375 0.7451171875 0.037109375 0.05078125
5 0.921875 0.7451171875 0.037109375 0.05078125
3 0.0703125 0.3779296875 0.03125 0.005859375
3 0.125 0.3779296875 0.037109375 0.005859375
3 0.1982421875 0.3779296875 0.0546875 0.005859375
3 0.1884765625 0.5146484375 0.005859375 0.275390625
3 0.203125 0.65234375 0.029296875 0.005859375
3 0.2578125 0.474609375 0.005859375 0.044921875
3 0.3251953125 0.3779296875 0.044921875 0.005859375
3 0.3291015625 0.5595703125 0.064453125 0.109375
3 0.6123046875 0.2216796875 0.0234375 0.005859375
3 0.626953125 0.26953125 0.005859375 0.099609375
3 0.6123046875 0.3515625 0.033203125 0.005859375
3 0.625 0.48046875 0.03515625 0.005859375
3 0.64453125 0.5498046875 0.005859375 0.125
3 0.697265625 0.3349609375 0.029296875 0.005859375
3 0.7421875 0.275390625 0.115234375 0.005859375
3 0.5361328125 0.7353515625 0.005859375 0.029296875
3 0.76953125 0.6201171875 0.02734375 0.005859375
3 0.935546875 0.490234375 0.005859375 0.1796875
3 0.8115234375 0.6845703125 0.005859375 0.0703125
3 0.87109375 0.6845703125 0.005859375 0.0703125
3 0.9384765625 0.6845703125 0.005859375 0.0703125
3 0.90234375 0.6201171875 0.033203125 0.005859375
6 0.568359375 0.4580078125 0.83203125 0.875
6 0.54296875 0.400390625 0.4296875 0.634765625
6 0.8837890625 0.3095703125 0.154296875 0.25
6 0.875 0.6748046875 0.185546875 0.25
6 0.5400390625 0.8115234375 0.4296875 0.109375