0 0.3869294605809129 0.00933609958506224 0.04771784232365145 0.01867219917012448
5 0.3630705394190871 0.05912863070539419 0.04771784232365145 0.03941908713692946
5 0.3744813278008299 0.11099585062240663 0.058091286307053944 0.03319502074688797
2 0.11825726141078838 0.21991701244813278 0.05394190871369295 0.03319502074688797
2 0.18775933609958506 0.21991701244813278 0.04149377593360996 0.03319502074688797
5 0.29356846473029047 0.21991701244813278 0.04149377593360996 0.03319502074688797
2 0.4045643153526971 0.21991701244813278 0.05394190871369295 0.03319502074688797
4 0.6286307053941909 0.21991701244813278 0.04771784232365145 0.03941908713692946
4 0.7344398340248963 0.21991701244813278 0.04771784232365145 0.03941908713692946
2 0.19294605809128632 0.5643153526970954 0.04771784232365145 0.03941908713692946
2 0.3516597510373444 0.3962655601659751 0.04149377593360996 0.03319502074688797
2 0.3516597510373444 0.47199170124481327 0.04149377593360996 0.03319502074688797
2 0.3516597510373444 0.5549792531120332 0.04149377593360996 0.03319502074688797
5 0.3516597510373444 0.6307053941908713 0.04149377593360996 0.03319502074688797
2 0.47925311203319504 0.5549792531120332 0.04771784232365145 0.03941908713692946
2 0.6390041493775933 0.3921161825726141 0.04149377593360996 0.03319502074688797
2 0.6390041493775933 0.47199170124481327 0.04149377593360996 0.03319502074688797
2 0.6390041493775933 0.5466804979253111 0.04149377593360996 0.03319502074688797
4 0.3412863070539419 0.7188796680497925 0.058091286307053944 0.03319502074688797
4 0.266597510373444 0.83298755186722 0.05394190871369295 0.03319502074688797
4 0.266597510373444 0.9253112033195021 0.05394190871369295 0.03319502074688797
4 0.38381742738589214 0.8848547717842323 0.05394190871369295 0.03941908713692946
5 0.8350622406639004 0.3651452282157676 0.05394190871369295 0.03941908713692946
5 0.8350622406639004 0.5155601659751037 0.04771784232365145 0.03319502074688797
5 0.8350622406639004 0.6659751037344398 0.05394190871369295 0.03941908713692946
5 0.6224066390041494 0.808091286307054 0.05394190871369295 0.03319502074688797
5 0.6224066390041494 0.8713692946058091 0.05394190871369295 0.03319502074688797
5 0.6224066390041494 0.9429460580912863 0.05394190871369295 0.03319502074688797
5 0.7769709543568465 0.83298755186722 0.05394190871369295 0.03941908713692946
5 0.7769709543568465 0.9253112033195021 0.05394190871369295 0.03941908713692946
3 0.3869294605809129 0.02074688796680498 0.006224066390041493 0.03319502074688797
3 0.3869294605809129 0.07883817427385892 0.006224066390041493 0.03941908713692946
3 0.3869294605809129 0.1566390041493776 0.006224066390041493 0.058091286307053944
3 0.5321576763485477 0.1462655601659751 0.2925311203319502 0.006224066390041493
3 0.6784232365145229 0.16182572614107885 0.006224066390041493 0.03112033195020747
3 0.4896265560165975 0.21991701244813278 0.04771784232365145 0.006224066390041493
3 0.3869294605809129 0.29149377593361 0.006224066390041493 0.04771784232365145
3 0.5798755186721992 0.29564315352697096 0.11618257261410789 0.06846473029045644
3 0.22095435684647302 0.5964730290456431 0.006224066390041493 0.024896265560165973
3 0.2717842323651452 0.6120331950207469 0.10580912863070539 0.006224066390041493
3 0.35892116182572614 0.5964730290456431 0.006224066390041493 0.035269709543568464
3 0.495850622406639 0.6099585062240664 0.006224066390041493 0.03734439834024896
3 0.5695020746887967 0.6307053941908713 0.13278008298755187 0.006224066390041493
3 0.3412863070539419 0.6867219917012448 0.006224066390041493 0.03112033195020747
3 0.27800829875518673 0.7344398340248963 0.006224066390041493 0.12240663900414937
3 0.766597510373444 0.5155601659751037 0.03112033195020747 0.006224066390041493
3 0.6441908713692946 0.7634854771784232 0.006224066390041493 0.029045643153526972
3 0.5062240663900415 0.9398340248962656 0.1908713692946058 0.006224066390041493
3 0.7126556016597511 0.808091286307054 0.07468879668049792 0.006224066390041493
3 0.7126556016597511 0.8713692946058091 0.07468879668049792 0.006224066390041493
3 0.7126556016597511 0.9429460580912863 0.07468879668049792 0.006224066390041493
3 0.6441908713692946 0.9045643153526971 0.006224066390041493 0.035269709543568464
6 0.47199170124481327 0.549792531120332 0.9294605809128631 0.8838174273858921
6 0.4107883817427386 0.5228215767634855 0.6742738589211619 0.45643153526970953
6 0.31431535269709543 0.8848547717842323 0.26556016597510373 0.16390041493775934
6 0.7022821576763485 0.8755186721991701 0.26556016597510373 0.1970954356846473
6 0.8475103734439834 0.5197095435684648 0.11618257261410789 0.45643153526970953