6 0.43212890625 0.4560546875 0.83203125 0.875
6 0.458984375 0.39794921875 0.427734375 0.6396484375
6 0.47998046875 0.4130859375 0.3251953125 0.5546875
6 0.1162109375 0.31005859375 0.158203125 0.25
6 0.458984375 0.81201171875 0.427734375 0.115234375
6 0.125 0.671875 0.1796875 0.2548828125
6 0.744140625 0.25 0.076171875 0.4052734375
6 0.744140625 0.64013671875 0.076171875 0.294921875
0 0.94677734375 0.375 0.03515625 0.044921875
5 0.89404296875 0.35205078125 0.0244140625 0.044921875
5 0.84716796875 0.365234375 0.0302734375 0.0517578125
2 0.744140625 0.1982421875 0.0400390625 0.044921875
4 0.744140625 0.2919921875 0.0400390625 0.044921875
2 0.744140625 0.39794921875 0.0400390625 0.0546875
2 0.41796875 0.1982421875 0.0400390625 0.044921875
2 0.576171875 0.341796875 0.0302734375 0.044921875
2 0.5068359375 0.341796875 0.0302734375 0.044921875
2 0.4248046875 0.341796875 0.0302734375 0.044921875
4 0.35498046875 0.341796875 0.0400390625 0.044921875
2 0.4248046875 0.47509765625 0.0302734375 0.044921875
2 0.5869140625 0.615234375 0.0302734375 0.044921875
2 0.5068359375 0.615234375 0.0302734375 0.044921875
2 0.43505859375 0.615234375 0.0302734375 0.044921875
4 0.744140625 0.60498046875 0.0400390625 0.044921875
4 0.744140625 0.7099609375 0.0400390625 0.044921875
4 0.27197265625 0.333984375 0.03515625 0.044921875
4 0.1640625 0.26806640625 0.03515625 0.044921875
4 0.078125 0.26806640625 0.03515625 0.044921875
4 0.1162109375 0.375 0.044921875 0.044921875
3 0.919921875 0.365234375 0.01953125 0.0048828125
3 0.8740234375 0.365234375 0.01953125 0.0048828125
3 0.80712890625 0.3779296875 0.0517578125 0.0048828125
3 0.673828125 0.3779296875 0.0537109375 0.0048828125
3 0.81201171875 0.51806640625 0.0048828125 0.2763671875
3 0.744140625 0.47509765625 0.0048828125 0.0498046875
3 0.796875 0.64013671875 0.0322265625 0.23046875
3 0.671875 0.55810546875 0.0654296875 0.1103515625
3 0.3720703125 0.22021484375 0.044921875 0.08203125
3 0.375 0.48193359375 0.03515625 0.0048828125
3 0.35498046875 0.5048828125 0.0048828125 0.181640625
3 0.2578125 0.27587890625 0.1181640625 0.0048828125
3 0.298828125 0.333984375 0.01953125 0.0048828125
3 0.22802734375 0.6181640625 0.03515625 0.0048828125
3 0.06396484375 0.509765625 0.0048828125 0.150390625
3 0.458984375 0.73779296875 0.0048828125 0.0400390625