0 0.6151452282157677 0.9533195020746889 0.04771784232365145 0.03319502074688797
5 0.6390041493775933 0.8973029045643154 0.04771784232365145 0.03941908713692946
5 0.6275933609958506 0.8454356846473029 0.058091286307053944 0.03319502074688797
2 0.8838174273858921 0.7365145228215768 0.05394190871369295 0.03319502074688797
2 0.8143153526970954 0.7365145228215768 0.04149377593360996 0.03319502074688797
5 0.7085062240663901 0.7365145228215768 0.04149377593360996 0.03319502074688797
2 0.5975103734439834 0.7365145228215768 0.05394190871369295 0.03319502074688797
4 0.37344398340248963 0.7365145228215768 0.04771784232365145 0.03941908713692946
4 0.2676348547717842 0.7365145228215768 0.04771784232365145 0.03941908713692946
2 0.8091286307053942 0.3921161825726141 0.04771784232365145 0.03941908713692946
2 0.6504149377593361 0.5601659751037344 0.04149377593360996 0.03319502074688797
2 0.6504149377593361 0.48443983402489627 0.04149377593360996 0.03319502074688797
2 0.6504149377593361 0.40145228215767637 0.04149377593360996 0.03319502074688797
5 0.6504149377593361 0.3257261410788382 0.04149377593360996 0.03319502074688797
2 0.5228215767634855 0.40145228215767637 0.04771784232365145 0.03941908713692946
2 0.3630705394190871 0.5643153526970954 0.04149377593360996 0.03319502074688797
2 0.3630705394190871 0.48443983402489627 0.04149377593360996 0.03319502074688797
2 0.3630705394190871 0.40975103734439833 0.04149377593360996 0.03319502074688797
4 0.6607883817427386 0.237551867219917 0.058091286307053944 0.03319502074688797
4 0.7354771784232366 0.12344398340248963 0.05394190871369295 0.03319502074688797
4 0.7354771784232366 0.03112033195020747 0.05394190871369295 0.03319502074688797
4 0.6182572614107884 0.07157676348547717 0.05394190871369295 0.03941908713692946
5 0.16701244813278007 0.5912863070539419 0.05394190871369295 0.03941908713692946
5 0.16701244813278007 0.4408713692946058 0.04771784232365145 0.03319502074688797
5 0.16701244813278007 0.29045643153526973 0.05394190871369295 0.03941908713692946
5 0.3796680497925311 0.1483402489626556 0.05394190871369295 0.03319502074688797
5 0.3796680497925311 0.08506224066390042 0.05394190871369295 0.03319502074688797
5 0.3796680497925311 0.015560165975103735 0.05394190871369295 0.03112033195020747
5 0.22510373443983403 0.12344398340248963 0.05394190871369295 0.03941908713692946
5 0.22510373443983403 0.03112033195020747 0.05394190871369295 0.03941908713692946
3 0.6151452282157677 0.9356846473029046 0.006224066390041493 0.03319502074688797
3 0.6151452282157677 0.8775933609958506 0.006224066390041493 0.03941908713692946
3 0.6151452282157677 0.799792531120332 0.006224066390041493 0.058091286307053944
3 0.4699170124481328 0.8101659751037344 0.2925311203319502 0.006224066390041493
3 0.3236514522821577 0.7946058091286307 0.006224066390041493 0.03112033195020747
3 0.5124481327800829 0.7365145228215768 0.04771784232365145 0.006224066390041493
3 0.6151452282157677 0.6649377593360996 0.006224066390041493 0.04771784232365145
3 0.4221991701244813 0.6607883817427386 0.11618257261410789 0.06846473029045644
3 0.7811203319502075 0.3599585062240664 0.006224066390041493 0.024896265560165973
3 0.7302904564315352 0.34439834024896265 0.10580912863070539 0.006224066390041493
3 0.6431535269709544 0.3599585062240664 0.006224066390041493 0.035269709543568464
3 0.5062240663900415 0.34647302904564314 0.006224066390041493 0.03734439834024896
3 0.43257261410788383 0.3257261410788382 0.13278008298755187 0.006224066390041493
3 0.6607883817427386 0.2697095435684647 0.006224066390041493 0.03112033195020747
3 0.7240663900414938 0.22199170124481327 0.006224066390041493 0.12240663900414937
3 0.2354771784232365 0.4408713692946058 0.03112033195020747 0.006224066390041493
3 0.3578838174273859 0.19294605809128632 0.006224066390041493 0.029045643153526972
3 0.495850622406639 0.016597510373443983 0.1908713692946058 0.006224066390041493
3 0.2894190871369295 0.1483402489626556 0.07468879668049792 0.006224066390041493
3 0.2894190871369295 0.08506224066390042 0.07468879668049792 0.006224066390041493
3 0.2894190871369295 0.013485477178423237 0.07468879668049792 0.006224066390041493
3 0.3578838174273859 0.05186721991701245 0.006224066390041493 0.035269709543568464
6 0.5311203319502075 0.4242738589211618 0.9294605809128631 0.8485477178423236
6 0.5912863070539419 0.4336099585062241 0.6742738589211619 0.45643153526970953
6 0.6887966804979253 0.07676348547717843 0.26556016597510373 0.15352697095435686
6 0.3008298755186722 0.09024896265560166 0.26556016597510373 0.18049792531120332
6 0.1545643153526971 0.4367219917012448 0.11618257261410789 0.45643153526970953