0 0.366869918699187 0.9806910569105691 0.046747967479674794 0.032520325203252036
5 0.3434959349593496 0.9258130081300813 0.046747967479674794 0.03861788617886179
5 0.3546747967479675 0.875 0.056910569105691054 0.032520325203252036
2 0.10365853658536585 0.7682926829268293 0.052845528455284556 0.032520325203252036
2 0.1717479674796748 0.7682926829268293 0.04065040650406504 0.032520325203252036
5 0.27540650406504064 0.7682926829268293 0.04065040650406504 0.032520325203252036
2 0.38414634146341464 0.7682926829268293 0.052845528455284556 0.032520325203252036
4 0.6036585365853658 0.7682926829268293 0.046747967479674794 0.03861788617886179
4 0.7073170731707317 0.7682926829268293 0.046747967479674794 0.03861788617886179
2 0.17682926829268292 0.43089430894308944 0.046747967479674794 0.03861788617886179
2 0.3323170731707317 0.5955284552845529 0.04065040650406504 0.032520325203252036
2 0.3323170731707317 0.5213414634146342 0.04065040650406504 0.032520325203252036
2 0.3323170731707317 0.4400406504065041 0.04065040650406504 0.032520325203252036
5 0.3323170731707317 0.36585365853658536 0.04065040650406504 0.032520325203252036
2 0.4573170731707317 0.4400406504065041 0.046747967479674794 0.03861788617886179
2 0.6138211382113821 0.5995934959349594 0.04065040650406504 0.032520325203252036
2 0.6138211382113821 0.5213414634146342 0.04065040650406504 0.032520325203252036
2 0.6138211382113821 0.4481707317073171 0.04065040650406504 0.032520325203252036
4 0.32215447154471544 0.27947154471544716 0.056910569105691054 0.032520325203252036
4 0.24898373983739838 0.1676829268292683 0.052845528455284556 0.032520325203252036
4 0.24898373983739838 0.07723577235772358 0.052845528455284556 0.032520325203252036
4 0.3638211382113821 0.11686991869918699 0.052845528455284556 0.03861788617886179
5 0.8058943089430894 0.6260162601626016 0.052845528455284556 0.03861788617886179
5 0.8058943089430894 0.47865853658536583 0.046747967479674794 0.032520325203252036
5 0.8058943089430894 0.3313008130081301 0.052845528455284556 0.03861788617886179
5 0.5975609756097561 0.19207317073170732 0.052845528455284556 0.032520325203252036
5 0.5975609756097561 0.13008130081300814 0.052845528455284556 0.032520325203252036
5 0.5975609756097561 0.059959349593495935 0.052845528455284556 0.032520325203252036
5 0.7489837398373984 0.1676829268292683 0.052845528455284556 0.03861788617886179
5 0.7489837398373984 0.07723577235772358 0.052845528455284556 0.03861788617886179
3 0.366869918699187 0.9634146341463414 0.006097560975609756 0.032520325203252036
3 0.366869918699187 0.9065040650406504 0.006097560975609756 0.03861788617886179
3 0.366869918699187 0.8302845528455285 0.006097560975609756 0.056910569105691054
3 0.5091463414634146 0.8404471544715447 0.2865853658536585 0.006097560975609756
3 0.6524390243902439 0.8252032520325203 0.006097560975609756 0.03048780487804878
3 0.46747967479674796 0.7682926829268293 0.046747967479674794 0.006097560975609756
3 0.366869918699187 0.698170731707317 0.006097560975609756 0.046747967479674794
3 0.5558943089430894 0.6941056910569106 0.11382113821138211 0.06707317073170732
3 0.20426829268292682 0.39939024390243905 0.006097560975609756 0.024390243902439025
3 0.2540650406504065 0.38414634146341464 0.10365853658536585 0.006097560975609756
3 0.3394308943089431 0.39939024390243905 0.006097560975609756 0.034552845528455285
3 0.4735772357723577 0.3861788617886179 0.006097560975609756 0.036585365853658534
3 0.5457317073170732 0.36585365853658536 0.13008130081300814 0.006097560975609756
3 0.32215447154471544 0.31097560975609756 0.006097560975609756 0.03048780487804878
3 0.2601626016260163 0.26422764227642276 0.006097560975609756 0.11991869918699187
3 0.7388211382113821 0.47865853658536583 0.03048780487804878 0.006097560975609756
3 0.6189024390243902 0.23577235772357724 0.006097560975609756 0.028455284552845527
3 0.483739837398374 0.06300813008130081 0.18699186991869918 0.006097560975609756
3 0.6859756097560976 0.19207317073170732 0.07317073170731707 0.006097560975609756
3 0.6859756097560976 0.13008130081300814 0.07317073170731707 0.006097560975609756
3 0.6859756097560976 0.059959349593495935 0.07317073170731707 0.006097560975609756
3 0.6189024390243902 0.0975609756097561 0.006097560975609756 0.034552845528455285
6 0.45223577235772355 0.4451219512195122 0.9044715447154471 0.8658536585365854
6 0.3902439024390244 0.4715447154471545 0.6605691056910569 0.44715447154471544
6 0.29573170731707316 0.11686991869918699 0.2601626016260163 0.16056910569105692
6 0.6758130081300813 0.12601626016260162 0.2601626016260163 0.19308943089430894
6 0.818089430894309 0.47459349593495936 0.11382113821138211 0.44715447154471544