0 0.039 0.381 0.032 0.046
5 0.093 0.358 0.038 0.046
5 0.143 0.369 0.032 0.056
2 0.248 0.122 0.032 0.052
2 0.248 0.189 0.032 0.04
5 0.248 0.291 0.032 0.04
2 0.248 0.398 0.032 0.052
4 0.248 0.614 0.038 0.046
4 0.248 0.716 0.038 0.046
2 0.58 0.194 0.038 0.046
2 0.418 0.347 0.032 0.04
2 0.491 0.347 0.032 0.04
2 0.571 0.347 0.032 0.04
5 0.644 0.347 0.032 0.04
2 0.571 0.47 0.038 0.046
2 0.414 0.624 0.032 0.04
2 0.491 0.624 0.032 0.04
2 0.563 0.624 0.032 0.04
4 0.729 0.337 0.032 0.056
4 0.839 0.265 0.032 0.052
4 0.928 0.265 0.032 0.052
4 0.889 0.378 0.038 0.052
5 0.388 0.813 0.038 0.052
5 0.533 0.813 0.032 0.046
5 0.678 0.813 0.038 0.052
5 0.815 0.608 0.032 0.052
5 0.876 0.608 0.032 0.052
5 0.945 0.608 0.032 0.052
5 0.839 0.757 0.038 0.052
5 0.928 0.757 0.038 0.052
3 0.056 0.381 0.032 0.006
3 0.112 0.381 0.038 0.006
3 0.187 0.381 0.056 0.006
3 0.177 0.521 0.006 0.282
3 0.192 0.662 0.03 0.006
3 0.248 0.48 0.006 0.046
3 0.317 0.381 0.046 0.006
3 0.321 0.567 0.066 0.112
3 0.611 0.221 0.024 0.006
3 0.626 0.27 0.006 0.102
3 0.611 0.354 0.034 0.006
3 0.624 0.486 0.036 0.006
3 0.644 0.557 0.006 0.128
3 0.698 0.337 0.03 0.006
3 0.744 0.276 0.118 0.006
3 0.533 0.747 0.006 0.03
3 0.772 0.629 0.028 0.006
3 0.942 0.496 0.006 0.184
3 0.815 0.695 0.006 0.072
3 0.876 0.695 0.006 0.072
3 0.945 0.695 0.006 0.072
3 0.908 0.629 0.034 0.006
6 0.566 0.463 0.852 0.896
6 0.54 0.404 0.44 0.65
6 0.889 0.311 0.158 0.256
6 0.88 0.685 0.19 0.256
6 0.537 0.825 0.44 0.112