0 0.35655737704918034 0.0625 0.06762295081967214 0.0778688524590164
0 0.35655737704918034 0.17315573770491804 0.06762295081967214 0.05737704918032787
0 0.21618852459016394 0.4682377049180328 0.05327868852459016 0.05327868852459016
2 0.1096311475409836 0.4702868852459016 0.06762295081967214 0.06762295081967214
2 0.3637295081967213 0.4774590163934426 0.06762295081967214 0.06352459016393443
2 0.5450819672131147 0.4774590163934426 0.06762295081967214 0.06352459016393443
2 0.7438524590163934 0.4774590163934426 0.06762295081967214 0.06352459016393443
4 0.45081967213114754 0.6444672131147541 0.06352459016393443 0.0471311475409836
4 0.6711065573770492 0.6444672131147541 0.10450819672131148 0.0471311475409836
4 0.8278688524590164 0.6444672131147541 0.05737704918032787 0.0471311475409836
4 0.6598360655737705 0.7622950819672131 0.05737704918032787 0.0471311475409836
5 0.2899590163934426 0.2930327868852459 0.0471311475409836 0.040983606557377046
5 0.2899590163934426 0.9713114754098361 0.0471311475409836 0.040983606557377046
2 0.6813524590163934 0.9159836065573771 0.2930327868852459 0.06352459016393443
3 0.3422131147540984 0.10245901639344263 0.00819672131147541 0.0389344262295082
3 0.3422131147540984 0.2028688524590164 0.00819672131147541 0.05737704918032787
3 0.3422131147540984 0.3237704918032787 0.00819672131147541 0.125
3 0.1444672131147541 0.4702868852459016 0.0471311475409836 0.006147540983606557
3 0.24282786885245902 0.4702868852459016 0.05327868852459016 0.006147540983606557
3 0.42418032786885246 0.4774590163934426 0.05327868852459016 0.006147540983606557
3 0.45081967213114754 0.5317622950819673 0.00819672131147541 0.0471311475409836
3 0.6260245901639344 0.5286885245901639 0.00819672131147541 0.10040983606557377
3 0.6598360655737705 0.5286885245901639 0.00819672131147541 0.10040983606557377
3 0.5973360655737705 0.5399590163934426 0.05737704918032787 0.006147540983606557
3 0.694672131147541 0.5399590163934426 0.06762295081967214 0.006147540983606557
3 0.6547131147540983 0.7069672131147541 0.00819672131147541 0.05327868852459016
3 0.6598360655737705 0.8114754098360656 0.00819672131147541 0.05327868852459016
6 0.5 0.14651639344262296 1 0.2930327868852459
6 0.5 0.6465163934426229 1 0.7069672131147541
6 0.5645491803278688 0.6782786885245902 0.7602459016393442 0.6434426229508197
6 0.5655737704918032 0.4774590163934426 0.5471311475409836 0.19672131147540983
6 0.5655737704918032 0.6465163934426229 0.5471311475409836 0.11885245901639344
6 0.6762295081967213 0.8534836065573771 0.32581967213114754 0.25614754098360654