0 0.9189453125 0.35546875 0.07421875 0.064453125
0 0.8134765625 0.35546875 0.0546875 0.064453125
0 0.5322265625 0.2216796875 0.05078125 0.05078125
2 0.5302734375 0.1201171875 0.064453125 0.064453125
2 0.5234375 0.3623046875 0.060546875 0.064453125
2 0.5234375 0.53515625 0.060546875 0.064453125
2 0.5234375 0.724609375 0.060546875 0.064453125
4 0.3642578125 0.4453125 0.044921875 0.060546875
4 0.3642578125 0.6552734375 0.044921875 0.099609375
4 0.3642578125 0.8046875 0.044921875 0.0546875
4 0.251953125 0.64453125 0.044921875 0.0546875
5 0.69921875 0.2919921875 0.0390625 0.044921875
5 0.052734375 0.2919921875 0.0390625 0.044921875
2 0.10546875 0.6650390625 0.060546875 0.279296875
3 0.880859375 0.341796875 0.037109375 0.0078125
3 0.78515625 0.341796875 0.0546875 0.0078125
3 0.669921875 0.341796875 0.119140625 0.0078125
3 0.5302734375 0.1533203125 0.005859375 0.044921875
3 0.5302734375 0.2470703125 0.005859375 0.05078125
3 0.5234375 0.419921875 0.005859375 0.05078125
3 0.4716796875 0.4453125 0.044921875 0.0078125
3 0.474609375 0.6123046875 0.095703125 0.0078125
3 0.474609375 0.64453125 0.095703125 0.0078125
3 0.4638671875 0.5849609375 0.005859375 0.0546875
3 0.4638671875 0.677734375 0.005859375 0.064453125
3 0.3046875 0.6396484375 0.05078125 0.0078125
3 0.205078125 0.64453125 0.05078125 0.0078125
6 0.849609375 0.5 0.30078125 0.990234375
6 0.349609375 0.5 0.69921875 0.990234375
6 0.3291015625 0.5537109375 0.6171875 0.724609375
6 0.5234375 0.5546875 0.1875 0.521484375
6 0.3623046875 0.5546875 0.11328125 0.521484375
6 0.1650390625 0.66015625 0.244140625 0.310546875