0 0.0273109243697479 0.3434873949579832 0.0546218487394958 0.06932773109243698
0 0.12920168067226892 0.3445378151260504 0.058823529411764705 0.06932773109243698
0 0.4317226890756303 0.20063025210084034 0.0546218487394958 0.0546218487394958
2 0.4338235294117647 0.09138655462184873 0.06932773109243698 0.06932773109243698
2 0.4411764705882353 0.35189075630252103 0.06512605042016807 0.06932773109243698
2 0.4411764705882353 0.5378151260504201 0.06512605042016807 0.06932773109243698
2 0.4411764705882353 0.7415966386554622 0.06512605042016807 0.06932773109243698
4 0.6123949579831933 0.4411764705882353 0.04831932773109244 0.06512605042016807
4 0.6123949579831933 0.667016806722689 0.04831932773109244 0.10714285714285714
4 0.6123949579831933 0.8277310924369747 0.04831932773109244 0.058823529411764705
4 0.7331932773109243 0.6554621848739496 0.04831932773109244 0.058823529411764705
5 0.25210084033613445 0.2762605042016807 0.04201680672268908 0.04831932773109244
5 0.9474789915966386 0.2762605042016807 0.04201680672268908 0.04831932773109244
2 0.8907563025210085 0.6775210084033614 0.06512605042016807 0.3004201680672269
3 0.05672268907563025 0.32983193277310924 0.03991596638655462 0.008403361344537815
3 0.15966386554621848 0.32983193277310924 0.058823529411764705 0.008403361344537815
3 0.28361344537815125 0.32983193277310924 0.12815126050420167 0.008403361344537815
3 0.4338235294117647 0.12710084033613445 0.0063025210084033615 0.04831932773109244
3 0.4338235294117647 0.22794117647058823 0.0063025210084033615 0.0546218487394958
3 0.4411764705882353 0.41386554621848737 0.0063025210084033615 0.0546218487394958
3 0.49684873949579833 0.4411764705882353 0.04831932773109244 0.008403361344537815
3 0.49369747899159666 0.6207983193277311 0.10294117647058823 0.008403361344537815
3 0.49369747899159666 0.6554621848739496 0.10294117647058823 0.008403361344537815
3 0.5052521008403361 0.5913865546218487 0.0063025210084033615 0.058823529411764705
3 0.5052521008403361 0.6911764705882353 0.0063025210084033615 0.06932773109243698
3 0.6764705882352942 0.6502100840336135 0.0546218487394958 0.008403361344537815
3 0.7836134453781513 0.6554621848739496 0.0546218487394958 0.008403361344537815
6 0.12605042016806722 0.5 0.25210084033613445 1
6 0.6260504201680672 0.5 0.7478991596638656 1
6 0.6502100840336135 0.5577731092436975 0.6638655462184874 0.7794117647058824
6 0.4411764705882353 0.5588235294117647 0.20168067226890757 0.5609243697478992
6 0.6144957983193278 0.5588235294117647 0.12184873949579832 0.5609243697478992
6 0.8266806722689075 0.6722689075630253 0.26260504201680673 0.33403361344537813