0 0.9322916666666666 0.325 0.07916666666666666 0.06875
0 0.8197916666666667 0.325 0.058333333333333334 0.06875
0 0.5197916666666667 0.18229166666666666 0.05416666666666667 0.05416666666666667
2 0.5177083333333333 0.07395833333333333 0.06875 0.06875
2 0.5104166666666666 0.33229166666666665 0.06458333333333334 0.06875
2 0.5104166666666666 0.5166666666666667 0.06458333333333334 0.06875
2 0.5104166666666666 0.71875 0.06458333333333334 0.06875
4 0.340625 0.42083333333333334 0.04791666666666667 0.06458333333333334
4 0.340625 0.6447916666666667 0.04791666666666667 0.10625
4 0.340625 0.8041666666666667 0.04791666666666667 0.058333333333333334
4 0.22083333333333333 0.6333333333333333 0.04791666666666667 0.058333333333333334
5 0.6979166666666666 0.25729166666666664 0.041666666666666664 0.04791666666666667
5 0.014583333333333334 0.25729166666666664 0.029166666666666667 0.04791666666666667
2 0.06458333333333334 0.6552083333333333 0.06458333333333334 0.29791666666666666
3 0.8916666666666667 0.3104166666666667 0.03958333333333333 0.008333333333333333
3 0.7895833333333333 0.3104166666666667 0.058333333333333334 0.008333333333333333
3 0.6666666666666666 0.3104166666666667 0.12708333333333333 0.008333333333333333
3 0.5177083333333333 0.109375 0.00625 0.04791666666666667
3 0.5177083333333333 0.209375 0.00625 0.05416666666666667
3 0.5104166666666666 0.39375 0.00625 0.05416666666666667
3 0.4552083333333333 0.42083333333333334 0.04791666666666667 0.008333333333333333
3 0.4583333333333333 0.5989583333333334 0.10208333333333333 0.008333333333333333
3 0.4583333333333333 0.6333333333333333 0.10208333333333333 0.008333333333333333
3 0.446875 0.5697916666666667 0.00625 0.058333333333333334
3 0.446875 0.66875 0.00625 0.06875
3 0.27708333333333335 0.628125 0.05416666666666667 0.008333333333333333
3 0.17083333333333334 0.6333333333333333 0.05416666666666667 0.008333333333333333
6 0.8489583333333334 0.5 0.3020833333333333 1
6 0.3489583333333333 0.5 0.6979166666666666 1
6 0.31666666666666665 0.5364583333333334 0.6333333333333333 0.7729166666666667
6 0.5104166666666666 0.5375 0.2 0.55625
6 0.3385416666666667 0.5375 0.12083333333333333 0.55625
6 0.12916666666666668 0.6489583333333333 0.25833333333333336 0.33125