0 0.35546875 0.0810546875 0.064453125 0.07421875
0 0.35546875 0.1865234375 0.064453125 0.0546875
0 0.2216796875 0.4677734375 0.05078125 0.05078125
2 0.1201171875 0.4697265625 0.064453125 0.064453125
2 0.3623046875 0.4765625 0.064453125 0.060546875
2 0.53515625 0.4765625 0.064453125 0.060546875
2 0.724609375 0.4765625 0.064453125 0.060546875
4 0.4453125 0.6357421875 0.060546875 0.044921875
4 0.6552734375 0.6357421875 0.099609375 0.044921875
4 0.8046875 0.6357421875 0.0546875 0.044921875
4 0.64453125 0.748046875 0.0546875 0.044921875
5 0.2919921875 0.30078125 0.044921875 0.0390625
5 0.2919921875 0.947265625 0.044921875 0.0390625
2 0.6650390625 0.89453125 0.279296875 0.060546875
3 0.341796875 0.119140625 0.0078125 0.037109375
3 0.341796875 0.21484375 0.0078125 0.0546875
3 0.341796875 0.330078125 0.0078125 0.119140625
3 0.1533203125 0.4697265625 0.044921875 0.005859375
3 0.2470703125 0.4697265625 0.05078125 0.005859375
3 0.419921875 0.4765625 0.05078125 0.005859375
3 0.4453125 0.5283203125 0.0078125 0.044921875
3 0.6123046875 0.525390625 0.0078125 0.095703125
3 0.64453125 0.525390625 0.0078125 0.095703125
3 0.5849609375 0.5361328125 0.0546875 0.005859375
3 0.677734375 0.5361328125 0.064453125 0.005859375
3 0.6396484375 0.6953125 0.0078125 0.05078125
3 0.64453125 0.794921875 0.0078125 0.05078125
6 0.5 0.150390625 0.990234375 0.30078125
6 0.5 0.650390625 0.990234375 0.69921875
6 0.5537109375 0.6708984375 0.724609375 0.6171875
6 0.5546875 0.4765625 0.521484375 0.1875
6 0.5546875 0.6376953125 0.521484375 0.11328125
6 0.66015625 0.8349609375 0.310546875 0.244140625