0 0.6523109243697479 0.9716386554621849 0.06932773109243698 0.05672268907563025
0 0.6512605042016807 0.8686974789915967 0.06932773109243698 0.058823529411764705
0 0.7951680672268907 0.5661764705882353 0.0546218487394958 0.0546218487394958
2 0.9044117647058824 0.5640756302521008 0.06932773109243698 0.06932773109243698
2 0.6439075630252101 0.5567226890756303 0.06932773109243698 0.06512605042016807
2 0.4579831932773109 0.5567226890756303 0.06932773109243698 0.06512605042016807
2 0.2542016806722689 0.5567226890756303 0.06932773109243698 0.06512605042016807
4 0.5546218487394958 0.3855042016806723 0.06512605042016807 0.04831932773109244
4 0.328781512605042 0.3855042016806723 0.10714285714285714 0.04831932773109244
4 0.16806722689075632 0.3855042016806723 0.058823529411764705 0.04831932773109244
4 0.3403361344537815 0.2647058823529412 0.058823529411764705 0.04831932773109244
5 0.7195378151260504 0.7457983193277311 0.04831932773109244 0.04201680672268908
5 0.7195378151260504 0.05042016806722689 0.04831932773109244 0.04201680672268908
2 0.3182773109243697 0.10714285714285714 0.3004201680672269 0.06512605042016807
3 0.6659663865546218 0.9411764705882353 0.008403361344537815 0.03991596638655462
3 0.6659663865546218 0.8382352941176471 0.008403361344537815 0.058823529411764705
3 0.6659663865546218 0.7142857142857143 0.008403361344537815 0.12815126050420167
3 0.8686974789915967 0.5640756302521008 0.04831932773109244 0.0063025210084033615
3 0.7678571428571429 0.5640756302521008 0.0546218487394958 0.0063025210084033615
3 0.5819327731092437 0.5567226890756303 0.0546218487394958 0.0063025210084033615
3 0.5546218487394958 0.5010504201680672 0.008403361344537815 0.04831932773109244
3 0.375 0.5042016806722689 0.008403361344537815 0.10294117647058823
3 0.3403361344537815 0.5042016806722689 0.008403361344537815 0.10294117647058823
3 0.40441176470588236 0.49264705882352944 0.058823529411764705 0.0063025210084033615
3 0.30462184873949577 0.49264705882352944 0.06932773109243698 0.0063025210084033615
3 0.34558823529411764 0.32142857142857145 0.008403361344537815 0.0546218487394958
3 0.3403361344537815 0.21428571428571427 0.008403361344537815 0.0546218487394958
6 0.5 0.8728991596638656 1 0.2542016806722689
6 0.5 0.37289915966386555 1 0.7457983193277311
6 0.4380252100840336 0.3476890756302521 0.7794117647058824 0.6638655462184874
6 0.4369747899159664 0.5567226890756303 0.5609243697478992 0.20168067226890757
6 0.4369747899159664 0.38340336134453784 0.5609243697478992 0.12184873949579832
6 0.3235294117647059 0.17121848739495799 0.33403361344537813 0.26260504201680673