0 0.9258893280632411 0.35177865612648224 0.07509881422924901 0.06521739130434782
0 0.8191699604743083 0.35177865612648224 0.05533596837944664 0.06521739130434782
0 0.5345849802371542 0.21640316205533597 0.05138339920948617 0.05138339920948617
2 0.532608695652174 0.11363636363636363 0.06521739130434782 0.06521739130434782
2 0.525691699604743 0.358695652173913 0.06126482213438735 0.06521739130434782
2 0.525691699604743 0.5335968379446641 0.06126482213438735 0.06521739130434782
2 0.525691699604743 0.7252964426877471 0.06126482213438735 0.06521739130434782
4 0.36462450592885376 0.4426877470355731 0.045454545454545456 0.06126482213438735
4 0.36462450592885376 0.6551383399209486 0.045454545454545456 0.1007905138339921
4 0.36462450592885376 0.8063241106719368 0.045454545454545456 0.05533596837944664
4 0.2509881422924901 0.6442687747035574 0.045454545454545456 0.05533596837944664
5 0.7035573122529645 0.2875494071146245 0.039525691699604744 0.045454545454545456
5 0.04940711462450593 0.2875494071146245 0.039525691699604744 0.045454545454545456
2 0.10276679841897234 0.6650197628458498 0.06126482213438735 0.2826086956521739
3 0.8873517786561265 0.33794466403162055 0.037549407114624504 0.007905138339920948
3 0.7905138339920948 0.33794466403162055 0.05533596837944664 0.007905138339920948
3 0.6739130434782609 0.33794466403162055 0.12055335968379446 0.007905138339920948
3 0.532608695652174 0.14723320158102768 0.005928853754940711 0.045454545454545456
3 0.532608695652174 0.24209486166007904 0.005928853754940711 0.05138339920948617
3 0.525691699604743 0.41699604743083 0.005928853754940711 0.05138339920948617
3 0.4733201581027668 0.4426877470355731 0.045454545454545456 0.007905138339920948
3 0.4762845849802372 0.6116600790513834 0.09683794466403162 0.007905138339920948
3 0.4762845849802372 0.6442687747035574 0.09683794466403162 0.007905138339920948
3 0.4654150197628458 0.58399209486166 0.005928853754940711 0.05533596837944664
3 0.4654150197628458 0.6778656126482213 0.005928853754940711 0.06521739130434782
3 0.30434782608695654 0.6393280632411067 0.05138339920948617 0.007905138339920948
3 0.20355731225296442 0.6442687747035574 0.05138339920948617 0.007905138339920948
6 0.8517786561264822 0.4990118577075099 0.2964426877470356 0.9980237154150198
6 0.35177865612648224 0.4990118577075099 0.7035573122529645 0.9980237154150198
6 0.3290513833992095 0.5523715415019763 0.6245059288537549 0.733201581027668
6 0.525691699604743 0.5533596837944664 0.18972332015810275 0.5276679841897233
6 0.36264822134387353 0.5533596837944664 0.11462450592885376 0.5276679841897233
6 0.16304347826086957 0.6600790513833992 0.24703557312252963 0.3142292490118577