0 0.35772357723577236 0.948170731707317 0.06707317073170732 0.07723577235772358
0 0.35772357723577236 0.8384146341463414 0.06707317073170732 0.056910569105691054
0 0.2184959349593496 0.5457317073170732 0.052845528455284556 0.052845528455284556
2 0.11280487804878049 0.5436991869918699 0.06707317073170732 0.06707317073170732
2 0.3648373983739837 0.5365853658536586 0.06707317073170732 0.06300813008130081
2 0.5447154471544715 0.5365853658536586 0.06707317073170732 0.06300813008130081
2 0.741869918699187 0.5365853658536586 0.06707317073170732 0.06300813008130081
4 0.45121951219512196 0.3709349593495935 0.06300813008130081 0.046747967479674794
4 0.6697154471544715 0.3709349593495935 0.10365853658536585 0.046747967479674794
4 0.8252032520325203 0.3709349593495935 0.056910569105691054 0.046747967479674794
4 0.6585365853658537 0.2540650406504065 0.056910569105691054 0.046747967479674794
5 0.2916666666666667 0.7195121951219512 0.046747967479674794 0.04065040650406504
5 0.2916666666666667 0.046747967479674794 0.046747967479674794 0.04065040650406504
2 0.6798780487804879 0.1016260162601626 0.29065040650406504 0.06300813008130081
3 0.3434959349593496 0.9085365853658537 0.008130081300813009 0.03861788617886179
3 0.3434959349593496 0.8089430894308943 0.008130081300813009 0.056910569105691054
3 0.3434959349593496 0.6890243902439024 0.008130081300813009 0.12398373983739837
3 0.14735772357723578 0.5436991869918699 0.046747967479674794 0.006097560975609756
3 0.24491869918699186 0.5436991869918699 0.052845528455284556 0.006097560975609756
3 0.4247967479674797 0.5365853658536586 0.052845528455284556 0.006097560975609756
3 0.45121951219512196 0.48272357723577236 0.008130081300813009 0.046747967479674794
3 0.625 0.48577235772357724 0.008130081300813009 0.09959349593495935
3 0.6585365853658537 0.48577235772357724 0.008130081300813009 0.09959349593495935
3 0.5965447154471545 0.47459349593495936 0.056910569105691054 0.006097560975609756
3 0.693089430894309 0.47459349593495936 0.06707317073170732 0.006097560975609756
3 0.6534552845528455 0.3089430894308943 0.008130081300813009 0.052845528455284556
3 0.6585365853658537 0.20528455284552846 0.008130081300813009 0.052845528455284556
6 0.5 0.8597560975609756 1 0.2804878048780488
6 0.5 0.3597560975609756 1 0.7195121951219512
6 0.5640243902439024 0.33434959349593496 0.7540650406504065 0.6422764227642277
6 0.5650406504065041 0.5365853658536586 0.5426829268292683 0.1951219512195122
6 0.5650406504065041 0.36890243902439024 0.5426829268292683 0.11788617886178862
6 0.6747967479674797 0.16361788617886178 0.3231707317073171 0.2540650406504065