0 0.035864978902953586 0.3744725738396624 0.07172995780590717 0.06962025316455696
0 0.14662447257383968 0.3755274261603376 0.05907172995780591 0.06962025316455696
0 0.45042194092827004 0.2310126582278481 0.05485232067510549 0.05485232067510549
2 0.4525316455696203 0.12130801687763713 0.06962025316455696 0.06962025316455696
2 0.459915611814346 0.3829113924050633 0.06540084388185655 0.06962025316455696
2 0.459915611814346 0.569620253164557 0.06540084388185655 0.06962025316455696
2 0.459915611814346 0.7742616033755274 0.06540084388185655 0.06962025316455696
4 0.6318565400843882 0.47257383966244726 0.04852320675105485 0.06540084388185655
4 0.6318565400843882 0.6993670886075949 0.04852320675105485 0.10759493670886076
4 0.6318565400843882 0.8607594936708861 0.04852320675105485 0.05907172995780591
4 0.7531645569620253 0.6877637130801688 0.04852320675105485 0.05907172995780591
5 0.270042194092827 0.3069620253164557 0.04219409282700422 0.04852320675105485
5 0.9683544303797469 0.3069620253164557 0.04219409282700422 0.04852320675105485
2 0.9113924050632911 0.709915611814346 0.06540084388185655 0.30168776371308015
3 0.07383966244725738 0.36075949367088606 0.04008438818565401 0.008438818565400843
3 0.17721518987341772 0.36075949367088606 0.05907172995780591 0.008438818565400843
3 0.30168776371308015 0.36075949367088606 0.12869198312236288 0.008438818565400843
3 0.4525316455696203 0.1571729957805907 0.006329113924050633 0.04852320675105485
3 0.4525316455696203 0.25843881856540085 0.006329113924050633 0.05485232067510549
3 0.459915611814346 0.4451476793248945 0.006329113924050633 0.05485232067510549
3 0.5158227848101266 0.47257383966244726 0.04852320675105485 0.008438818565400843
3 0.5126582278481012 0.6529535864978903 0.10337552742616034 0.008438818565400843
3 0.5126582278481012 0.6877637130801688 0.10337552742616034 0.008438818565400843
3 0.5242616033755274 0.6234177215189873 0.006329113924050633 0.05907172995780591
3 0.5242616033755274 0.7236286919831224 0.006329113924050633 0.06962025316455696
3 0.6962025316455697 0.6824894514767933 0.05485232067510549 0.008438818565400843
3 0.8037974683544303 0.6877637130801688 0.05485232067510549 0.008438818565400843
6 0.1350210970464135 0.5 0.270042194092827 1
6 0.6350210970464135 0.5 0.729957805907173 1
6 0.6677215189873418 0.5896624472573839 0.6645569620253164 0.7827004219409283
6 0.459915611814346 0.5907172995780591 0.20253164556962025 0.5632911392405063
6 0.6339662447257384 0.5907172995780591 0.12236286919831224 0.5632911392405063
6 0.8470464135021097 0.7046413502109705 0.26371308016877637 0.33544303797468356