0 0.9199604743083004 0.3577075098814229 0.07509881422924901 0.06521739130434782
0 0.8132411067193676 0.3577075098814229 0.05533596837944664 0.06521739130434782
0 0.5286561264822134 0.22233201581027667 0.05138339920948617 0.05138339920948617
2 0.5266798418972332 0.11956521739130435 0.06521739130434782 0.06521739130434782
2 0.5197628458498024 0.36462450592885376 0.06126482213438735 0.06521739130434782
2 0.5197628458498024 0.5395256916996047 0.06126482213438735 0.06521739130434782
2 0.5197628458498024 0.7312252964426877 0.06126482213438735 0.06521739130434782
4 0.358695652173913 0.44861660079051385 0.045454545454545456 0.06126482213438735
4 0.358695652173913 0.6610671936758893 0.045454545454545456 0.1007905138339921
4 0.358695652173913 0.8122529644268774 0.045454545454545456 0.05533596837944664
4 0.2450592885375494 0.650197628458498 0.045454545454545456 0.05533596837944664
5 0.6976284584980237 0.29347826086956524 0.039525691699604744 0.045454545454545456
5 0.043478260869565216 0.29347826086956524 0.039525691699604744 0.045454545454545456
2 0.09683794466403162 0.6709486166007905 0.06126482213438735 0.2826086956521739
3 0.8814229249011858 0.3438735177865613 0.037549407114624504 0.007905138339920948
3 0.7845849802371542 0.3438735177865613 0.05533596837944664 0.007905138339920948
3 0.6679841897233202 0.3438735177865613 0.12055335968379446 0.007905138339920948
3 0.5266798418972332 0.15316205533596838 0.005928853754940711 0.045454545454545456
3 0.5266798418972332 0.24802371541501977 0.005928853754940711 0.05138339920948617
3 0.5197628458498024 0.42292490118577075 0.005928853754940711 0.05138339920948617
3 0.4673913043478261 0.44861660079051385 0.045454545454545456 0.007905138339920948
3 0.47035573122529645 0.6175889328063241 0.09683794466403162 0.007905138339920948
3 0.47035573122529645 0.650197628458498 0.09683794466403162 0.007905138339920948
3 0.45948616600790515 0.5899209486166008 0.005928853754940711 0.05533596837944664
3 0.45948616600790515 0.6837944664031621 0.005928853754940711 0.06521739130434782
3 0.2984189723320158 0.6452569169960475 0.05138339920948617 0.007905138339920948
3 0.1976284584980237 0.650197628458498 0.05138339920948617 0.007905138339920948
6 0.8488142292490118 0.5009881422924901 0.30237154150197626 0.9980237154150198
6 0.34881422924901184 0.5009881422924901 0.6976284584980237 0.9980237154150198
6 0.3231225296442688 0.558300395256917 0.6245059288537549 0.733201581027668
6 0.5197628458498024 0.5592885375494071 0.18972332015810275 0.5276679841897233
6 0.3567193675889328 0.5592885375494071 0.11462450592885376 0.5276679841897233
6 0.15711462450592886 0.66600790513834 0.24703557312252963 0.3142292490118577