0 0.35625 0.9260416666666667 0.06875 0.07916666666666666
0 0.35625 0.8135416666666667 0.06875 0.058333333333333334
0 0.21354166666666666 0.5135416666666667 0.05416666666666667 0.05416666666666667
2 0.10520833333333333 0.5114583333333333 0.06875 0.06875
2 0.36354166666666665 0.5041666666666667 0.06875 0.06458333333333334
2 0.5479166666666667 0.5041666666666667 0.06875 0.06458333333333334
2 0.75 0.5041666666666667 0.06875 0.06458333333333334
4 0.45208333333333334 0.334375 0.06458333333333334 0.04791666666666667
4 0.6760416666666667 0.334375 0.10625 0.04791666666666667
4 0.8354166666666667 0.334375 0.058333333333333334 0.04791666666666667
4 0.6645833333333333 0.21458333333333332 0.058333333333333334 0.04791666666666667
5 0.28854166666666664 0.6916666666666667 0.04791666666666667 0.041666666666666664
5 0.28854166666666664 0.011458333333333333 0.04791666666666667 0.022916666666666665
2 0.6864583333333333 0.058333333333333334 0.29791666666666666 0.06458333333333334
3 0.3416666666666667 0.8854166666666666 0.008333333333333333 0.03958333333333333
3 0.3416666666666667 0.7833333333333333 0.008333333333333333 0.058333333333333334
3 0.3416666666666667 0.6604166666666667 0.008333333333333333 0.12708333333333333
3 0.140625 0.5114583333333333 0.04791666666666667 0.00625
3 0.240625 0.5114583333333333 0.05416666666666667 0.00625
3 0.425 0.5041666666666667 0.05416666666666667 0.00625
3 0.45208333333333334 0.44895833333333335 0.008333333333333333 0.04791666666666667
3 0.6302083333333334 0.45208333333333334 0.008333333333333333 0.10208333333333333
3 0.6645833333333333 0.45208333333333334 0.008333333333333333 0.10208333333333333
3 0.6010416666666667 0.440625 0.058333333333333334 0.00625
3 0.7 0.440625 0.06875 0.00625
3 0.659375 0.2708333333333333 0.008333333333333333 0.05416666666666667
3 0.6645833333333333 0.16458333333333333 0.008333333333333333 0.05416666666666667
6 0.5 0.8458333333333333 1 0.30833333333333335
6 0.5 0.3458333333333333 1 0.6916666666666667
6 0.5677083333333334 0.31354166666666666 0.7729166666666667 0.6270833333333333
6 0.56875 0.5041666666666667 0.55625 0.2
6 0.56875 0.33229166666666665 0.55625 0.12083333333333333
6 0.6802083333333333 0.12604166666666666 0.33125 0.2520833333333333