0 0.9190573770491803 0.32786885245901637 0.0778688524590164 0.06762295081967214
0 0.8084016393442623 0.32786885245901637 0.05737704918032787 0.06762295081967214
0 0.5133196721311475 0.1875 0.05327868852459016 0.05327868852459016
2 0.5112704918032787 0.08094262295081968 0.06762295081967214 0.06762295081967214
2 0.5040983606557377 0.3350409836065574 0.06352459016393443 0.06762295081967214
2 0.5040983606557377 0.5163934426229508 0.06352459016393443 0.06762295081967214
2 0.5040983606557377 0.7151639344262295 0.06352459016393443 0.06762295081967214
4 0.33709016393442626 0.42213114754098363 0.0471311475409836 0.06352459016393443
4 0.33709016393442626 0.6424180327868853 0.0471311475409836 0.10450819672131148
4 0.33709016393442626 0.7991803278688525 0.0471311475409836 0.05737704918032787
4 0.2192622950819672 0.6311475409836066 0.0471311475409836 0.05737704918032787
5 0.6885245901639344 0.2612704918032787 0.040983606557377046 0.0471311475409836
5 0.015368852459016393 0.2612704918032787 0.030737704918032786 0.0471311475409836
2 0.06557377049180328 0.6526639344262295 0.06352459016393443 0.2930327868852459
3 0.8790983606557377 0.3135245901639344 0.0389344262295082 0.00819672131147541
3 0.7786885245901639 0.3135245901639344 0.05737704918032787 0.00819672131147541
3 0.6577868852459017 0.3135245901639344 0.125 0.00819672131147541
3 0.5112704918032787 0.11577868852459017 0.006147540983606557 0.0471311475409836
3 0.5112704918032787 0.21413934426229508 0.006147540983606557 0.05327868852459016
3 0.5040983606557377 0.39549180327868855 0.006147540983606557 0.05327868852459016
3 0.44979508196721313 0.42213114754098363 0.0471311475409836 0.00819672131147541
3 0.45286885245901637 0.5973360655737705 0.10040983606557377 0.00819672131147541
3 0.45286885245901637 0.6311475409836066 0.10040983606557377 0.00819672131147541
3 0.4415983606557377 0.5686475409836066 0.006147540983606557 0.05737704918032787
3 0.4415983606557377 0.6659836065573771 0.006147540983606557 0.06762295081967214
3 0.27459016393442626 0.6260245901639344 0.05327868852459016 0.00819672131147541
3 0.17008196721311475 0.6311475409836066 0.05327868852459016 0.00819672131147541
6 0.8442622950819673 0.4989754098360656 0.3114754098360656 0.9979508196721312
6 0.3442622950819672 0.4989754098360656 0.6885245901639344 0.9979508196721312
6 0.3125 0.5358606557377049 0.625 0.7602459016393442
6 0.5040983606557377 0.5368852459016393 0.19672131147540983 0.5471311475409836
6 0.3350409836065574 0.5368852459016393 0.11885245901639344 0.5471311475409836
6 0.12807377049180327 0.6475409836065574 0.25614754098360654 0.32581967213114754