0 0.9169921875 0.412109375 0.1640625 0.35546875
1 0.7216796875 0.4404296875 0.0546875 0.080078125
1 0.6123046875 0.4453125 0.060546875 0.0859375
1 0.4912109375 0.4501953125 0.044921875 0.07421875
4 0.4619140625 0.1181640625 0.044921875 0.064453125
5 0.5849609375 0.087890625 0.044921875 0.064453125
5 0.23046875 0.1201171875 0.044921875 0.07421875
2 0.326171875 0.4453125 0.171875 0.41015625
4 0.125 0.4453125 0.173828125 0.41015625
5 0.2021484375 0.8076171875 0.22265625 0.26953125
3 0.7900390625 0.4453125 0.080078125 0.015625
3 0.666015625 0.4453125 0.0546875 0.01171875
3 0.5546875 0.4501953125 0.0546875 0.01171875
3 0.4404296875 0.4501953125 0.0546875 0.01171875
3 0.2255859375 0.4453125 0.02734375 0.015625
3 0.326171875 0.1884765625 0.005859375 0.099609375
3 0.544921875 0.33203125 0.087890625 0.005859375
3 0.5009765625 0.240234375 0.005859375 0.185546875
3 0.58984375 0.1953125 0.005859375 0.14453125
3 0.64453125 0.115234375 0.080078125 0.005859375
3 0.666015625 0.25 0.005859375 0.265625
3 0.724609375 0.25 0.005859375 0.265625
3 0.99939453125 0.0017734375 0.000011718749999944933 0.0007421875000000002
3 0.5009765625 0.875 0.380859375 0.005859375
3 0.6123046875 0.759765625 0.005859375 0.23046875
3 0.4619140625 0.875 0.30078125 0.005859375
3 0.4912109375 0.705078125 0.005859375 0.17578125
3 0.40234375 0.8427734375 0.1796875 0.005859375
3 0.38671875 0.7353515625 0.005859375 0.099609375
3 0.3486328125 0.8115234375 0.07421875 0.005859375
3 0.0556640625 0.7646484375 0.005859375 0.234375
3 0.0751953125 0.8818359375 0.037109375 0.005859375
6 0.3671875 0.490234375 0.732421875 0.978515625