0 0.0361328125 0.2724609375 0.072265625 0.109375
0 0.0361328125 0.431640625 0.072265625 0.109375
0 0.0361328125 0.591796875 0.072265625 0.109375
0 0.0361328125 0.751953125 0.072265625 0.109375
2 0.5654296875 0.201171875 0.107421875 0.076171875
2 0.5654296875 0.3583984375 0.107421875 0.076171875
2 0.8896484375 0.201171875 0.126953125 0.076171875
2 0.8896484375 0.3359375 0.126953125 0.13671875
2 0.884765625 0.880859375 0.126953125 0.076171875
4 0.421875 0.201171875 0.126953125 0.076171875
4 0.7451171875 0.259765625 0.107421875 0.076171875
4 0.5986328125 0.755859375 0.126953125 0.076171875
4 0.884765625 0.755859375 0.107421875 0.076171875
5 0.2314453125 0.2646484375 0.12109375 0.076171875
5 0.4072265625 0.3583984375 0.099609375 0.076171875
5 0.4375 0.58984375 0.162109375 0.076171875
5 0.603515625 0.58984375 0.13671875 0.076171875
5 0.7578125 0.58984375 0.140625 0.076171875
5 0.4287109375 0.755859375 0.142578125 0.076171875
5 0.7529296875 0.755859375 0.12890625 0.076171875
3 0.0361328125 0.697265625 0.005859375 0.044921875
3 0.0361328125 0.537109375 0.005859375 0.044921875
3 0.0361328125 0.376953125 0.005859375 0.044921875
3 0.109375 0.2724609375 0.072265625 0.005859375
3 0.291015625 0.2646484375 0.021484375 0.005859375
3 0.3125 0.201171875 0.021484375 0.005859375
3 0.3125 0.3583984375 0.021484375 0.005859375
3 0.3125 0.279296875 0.005859375 0.15625
3 0.4853515625 0.201171875 0.0546875 0.005859375
3 0.45703125 0.3583984375 0.044921875 0.005859375
3 0.5400390625 0.251953125 0.111328125 0.005859375
3 0.6201171875 0.201171875 0.14453125 0.005859375
3 0.5400390625 0.2783203125 0.1640625 0.005859375
3 0.6201171875 0.3583984375 0.044921875 0.005859375
3 0.6416015625 0.3447265625 0.005859375 0.033203125
3 0.7021484375 0.3310546875 0.005859375 0.056640625
3 0.7451171875 0.4072265625 0.005859375 0.294921875
3 0.7451171875 0.640625 0.10546875 0.005859375
3 0.798828125 0.640625 0.005859375 0.025390625
3 0.640625 0.6552734375 0.005859375 0.052734375
3 0.640625 0.681640625 0.2421875 0.005859375
3 0.5185546875 0.662109375 0.125 0.005859375
5 0.4892578125 0.662109375 0.005859375 0.017578125
3 0.5166015625 0.755859375 0.03515625 0.005859375
3 0.6884765625 0.755859375 0.052734375 0.005859375
3 0.884765625 0.8193359375 0.005859375 0.05078125
6 0.5654296875 0.5 0.86328125 0.994140625
6 0.2314453125 0.2646484375 0.146484375 0.166015625
6 0.4853515625 0.2529296875 0.30859375 0.365234375
6 0.4853515625 0.2783203125 0.29296875 0.3125
6 0.822265625 0.2412109375 0.30859375 0.345703125
6 0.822265625 0.267578125 0.29296875 0.29296875
6 0.6533203125 0.708984375 0.64453125 0.501953125
6 0.6533203125 0.7353515625 0.62109375 0.44921875