0 0.9638671875 0.2724609375 0.072265625 0.109375
0 0.9638671875 0.431640625 0.072265625 0.109375
0 0.9638671875 0.591796875 0.072265625 0.109375
0 0.9638671875 0.751953125 0.072265625 0.109375
2 0.4345703125 0.201171875 0.107421875 0.076171875
2 0.4345703125 0.3583984375 0.107421875 0.076171875
2 0.1103515625 0.201171875 0.126953125 0.076171875
2 0.1103515625 0.3359375 0.126953125 0.13671875
2 0.115234375 0.880859375 0.126953125 0.076171875
4 0.578125 0.201171875 0.126953125 0.076171875
4 0.2548828125 0.259765625 0.107421875 0.076171875
4 0.4013671875 0.755859375 0.126953125 0.076171875
4 0.115234375 0.755859375 0.107421875 0.076171875
5 0.7685546875 0.2646484375 0.12109375 0.076171875
5 0.5927734375 0.3583984375 0.099609375 0.076171875
5 0.5625 0.58984375 0.162109375 0.076171875
5 0.396484375 0.58984375 0.13671875 0.076171875
5 0.2421875 0.58984375 0.140625 0.076171875
5 0.5712890625 0.755859375 0.142578125 0.076171875
5 0.2470703125 0.755859375 0.12890625 0.076171875
3 0.9638671875 0.697265625 0.005859375 0.044921875
3 0.9638671875 0.537109375 0.005859375 0.044921875
3 0.9638671875 0.376953125 0.005859375 0.044921875
3 0.890625 0.2724609375 0.072265625 0.005859375
3 0.708984375 0.2646484375 0.021484375 0.005859375
3 0.6875 0.201171875 0.021484375 0.005859375
3 0.6875 0.3583984375 0.021484375 0.005859375
3 0.6875 0.279296875 0.005859375 0.15625
3 0.5146484375 0.201171875 0.0546875 0.005859375
3 0.54296875 0.3583984375 0.044921875 0.005859375
3 0.4599609375 0.251953125 0.111328125 0.005859375
3 0.3798828125 0.201171875 0.14453125 0.005859375
3 0.4599609375 0.2783203125 0.1640625 0.005859375
3 0.3798828125 0.3583984375 0.044921875 0.005859375
3 0.3583984375 0.3447265625 0.005859375 0.033203125
3 0.2978515625 0.3310546875 0.005859375 0.056640625
3 0.2548828125 0.4072265625 0.005859375 0.294921875
3 0.2548828125 0.640625 0.10546875 0.005859375
3 0.201171875 0.640625 0.005859375 0.025390625
3 0.359375 0.6552734375 0.005859375 0.052734375
3 0.359375 0.681640625 0.2421875 0.005859375
3 0.4814453125 0.662109375 0.125 0.005859375
5 0.5107421875 0.662109375 0.005859375 0.017578125
3 0.4833984375 0.755859375 0.03515625 0.005859375
3 0.3115234375 0.755859375 0.052734375 0.005859375
3 0.115234375 0.8193359375 0.005859375 0.05078125
6 0.4345703125 0.5 0.86328125 0.994140625
6 0.7685546875 0.2646484375 0.146484375 0.166015625
6 0.5146484375 0.2529296875 0.30859375 0.365234375
6 0.5146484375 0.2783203125 0.29296875 0.3125
6 0.177734375 0.2412109375 0.30859375 0.345703125
6 0.177734375 0.267578125 0.29296875 0.29296875
6 0.3466796875 0.708984375 0.64453125 0.501953125
6 0.3466796875 0.7353515625 0.62109375 0.44921875