6 0.56494140625 0.5 0.849609375 0.96484375
6 0.22900390625 0.26513671875 0.146484375 0.1650390625
6 0.48583984375 0.251953125 0.3115234375 0.3603515625
6 0.48583984375 0.27783203125 0.2861328125 0.275390625
6 0.82177734375 0.23486328125 0.3095703125 0.3447265625
6 0.82177734375 0.26806640625 0.2861328125 0.251953125
6 0.65380859375 0.7080078125 0.64453125 0.5
6 0.65380859375 0.73193359375 0.62109375 0.4150390625
1 0.0361328125 0.27294921875 0.072265625 0.1142578125
2 0.0361328125 0.43505859375 0.072265625 0.1142578125
5 0.0361328125 0.59521484375 0.072265625 0.1142578125
4 0.0361328125 0.7548828125 0.072265625 0.1142578125
5 0.22900390625 0.27294921875 0.1220703125 0.08203125
4 0.4208984375 0.2001953125 0.1279296875 0.08203125
2 0.56494140625 0.2001953125 0.1083984375 0.08203125
1 0.4072265625 0.35986328125 0.09765625 0.08203125
2 0.56494140625 0.35986328125 0.103515625 0.08203125
4 0.73779296875 0.26220703125 0.1103515625 0.08203125
2 0.89013671875 0.2001953125 0.1259765625 0.08203125
2 0.89013671875 0.3359375 0.1259765625 0.08203125
5 0.43798828125 0.58984375 0.162109375 0.08203125
5 0.60302734375 0.58984375 0.1376953125 0.08203125
2 0.7578125 0.58984375 0.1416015625 0.08203125
5 0.42822265625 0.7548828125 0.1435546875 0.08203125
4 0.59814453125 0.7548828125 0.1279296875 0.08203125
2 0.751953125 0.7548828125 0.1298828125 0.08203125
4 0.89013671875 0.7548828125 0.1142578125 0.08203125
2 0.8837890625 0.8818359375 0.1279296875 0.08203125
3 0.10986328125 0.27294921875 0.076171875 0.0048828125
3 0.0361328125 0.35400390625 0.0048828125 0.0478515625
3 0.0361328125 0.51513671875 0.0048828125 0.0478515625
3 0.0361328125 0.6748046875 0.0048828125 0.0478515625
3 0.31787109375 0.27294921875 0.0244140625 0.0048828125
3 0.3291015625 0.2001953125 0.0458984375 0.0048828125
3 0.3291015625 0.35986328125 0.0458984375 0.0048828125
3 0.498046875 0.2001953125 0.0263671875 0.0048828125
3 0.55615234375 0.25390625 0.2724609375 0.0048828125
3 0.548828125 0.27783203125 0.2861328125 0.0048828125
3 0.48486328125 0.35986328125 0.0576171875 0.0048828125
3 0.6650390625 0.333984375 0.08203125 0.0048828125
3 0.68408203125 0.203125 0.1298828125 0.0048828125
3 0.74609375 0.47802734375 0.0048828125 0.1416015625
3 0.74609375 0.41015625 0.0048828125 0.1357421875
3 0.490234375 0.64794921875 0.125 0.0048828125
3 0.6748046875 0.7548828125 0.0263671875 0.0048828125
3 0.51416015625 0.7548828125 0.0283203125 0.0048828125
3 0.8837890625 0.81787109375 0.0048828125 0.0439453125