6 0.51611328125 0.5361328125 0.4853515625 0.7060546875
6 0.625 0.5048828125 0.173828125 0.5654296875
6 0.40087890625 0.3740234375 0.1650390625 0.3037109375
6 0.10693359375 0.2919921875 0.15234375 0.1416015625
6 0.10693359375 0.4580078125 0.15234375 0.162109375
6 0.10693359375 0.744140625 0.15234375 0.3837890625
0 0.89208984375 0.658203125 0.07421875 0.123046875
0 0.89013671875 0.384765625 0.0654296875 0.0927734375
1 0.62890625 0.384765625 0.076171875 0.10546875
2 0.40087890625 0.384765625 0.0478515625 0.08984375
2 0.62890625 0.658203125 0.072265625 0.10546875
2 0.10693359375 0.2919921875 0.0478515625 0.08203125
2 0.10693359375 0.4580078125 0.0654296875 0.08203125
2 0.10693359375 0.6650390625 0.0556640625 0.123046875
2 0.10693359375 0.8349609375 0.0556640625 0.123046875
3 0.89013671875 0.52001953125 0.0048828125 0.0947265625
3 0.89013671875 0.28515625 0.0048828125 0.10546875
3 0.76513671875 0.384765625 0.1845703125 0.0048828125
3 0.76220703125 0.259765625 0.17578125 0.17578125
3 0.52685546875 0.384765625 0.115234375 0.0048828125
3 0.27978515625 0.333984375 0.1982421875 0.10546875
3 0.27978515625 0.423828125 0.1982421875 0.0751953125
3 0.62890625 0.5400390625 0.0048828125 0.10546875
3 0.50390625 0.6181640625 0.0048828125 0.4677734375
3 0.35009765625 0.748046875 0.3115234375 0.0048828125
3 0.76513671875 0.658203125 0.1982421875 0.0048828125