0 0.7216796875 0.8115234375 0.044921875 0.0546875
0 0.3583984375 0.8115234375 0.0546875 0.0546875
3 0.7216796875 0.6904296875 0.044921875 0.0546875
2 0.3583984375 0.572265625 0.044921875 0.0546875
4 0.8447265625 0.375 0.03515625 0.044921875
4 0.775390625 0.375 0.03515625 0.044921875
4 0.705078125 0.375 0.03515625 0.044921875
4 0.64453125 0.35546875 0.044921875 0.03515625
3 0.8154296875 0.5615234375 0.044921875 0.0546875
3 0.6552734375 0.5615234375 0.044921875 0.0546875
4 0.3515625 0.375 0.0546875 0.0546875
4 0.3583984375 0.5048828125 0.044921875 0.0546875
5 0.2548828125 0.384765625 0.044921875 0.0546875
5 0.734375 0.16015625 0.044921875 0.0546875
5 0.41015625 0.15234375 0.044921875 0.0546875
3 0.07421875 0.4052734375 0.044921875 0.0546875
1 0.7216796875 0.7646484375 0.005859375 0.0390625
1 0.7216796875 0.6376953125 0.005859375 0.05078125
1 0.3583984375 0.6953125 0.005859375 0.1796875
6 0.5224609375 0.349609375 0.8046875 0.625
6 0.5224609375 0.162109375 0.650390625 0.169921875
6 0.7255859375 0.375 0.3203125 0.169921875
6 0.341796875 0.46484375 0.375 0.349609375
6 0.734375 0.5654296875 0.30078125 0.150390625
6 0.734375 0.15234375 0.14453125 0.115234375
6 0.41015625 0.15234375 0.14453125 0.115234375