0 0.6360887096774194 0.05141129032258065 0.07258064516129033 0.06048387096774194
2 0.6360887096774194 0.3316532258064516 0.09274193548387097 0.06048387096774194
2 0.6360887096774194 0.53125 0.09274193548387097 0.06048387096774194
5 0.842741935483871 0.6653225806451613 0.046370967741935484 0.038306451612903226
5 0.42943548387096775 0.6653225806451613 0.046370967741935484 0.038306451612903226
4 0.842741935483871 0.8840725806451613 0.07258064516129033 0.05040322580645161
4 0.42943548387096775 0.8840725806451613 0.1028225806451613 0.05443548387096774
5 0.2469758064516129 0.6935483870967742 0.08266129032258064 0.06048387096774194
3 0.6360887096774194 0.18044354838709678 0.008064516129032258 0.1975806451612903
3 0.6360887096774194 0.4284274193548387 0.008064516129032258 0.1350806451612903
3 0.7580645161290323 0.3316532258064516 0.14919354838709678 0.006048387096774193
3 0.8316532258064516 0.49193548387096775 0.008064516129032258 0.32056451612903225
3 0.7580645161290323 0.53125 0.14919354838709678 0.006048387096774193
3 0.8195564516129032 0.592741935483871 0.008064516129032258 0.12298387096774194
3 0.5201612903225806 0.53125 0.12903225806451613 0.006048387096774193
3 0.4566532258064516 0.592741935483871 0.008064516129032258 0.12298387096774194
3 0.4788306451612903 0.3316532258064516 0.21774193548387097 0.006048387096774193
3 0.40524193548387094 0.49193548387096775 0.008064516129032258 0.32056451612903225
3 0.842741935483871 0.7620967741935484 0.008064516129032258 0.15524193548387097
3 0.42943548387096775 0.7620967741935484 0.008064516129032258 0.15524193548387097
3 0.2469758064516129 0.47681451612903225 0.008064516129032258 0.39314516129032256
3 0.2469758064516129 0.8548387096774194 0.008064516129032258 0.25806451612903225
3 0.5100806451612904 0.9848790322580645 0.5161290322580645 0.006048387096774193
6 0.5393145161290323 0.4959677419354839 0.9213709677419355 0.592741935483871
6 0.5564516129032258 0.5070564516129032 0.7681451612903226 0.5262096774193549