0 0.619 0.069 0.072 0.06
2 0.619 0.347 0.092 0.06
2 0.619 0.545 0.092 0.06
5 0.824 0.678 0.046 0.038
5 0.414 0.678 0.046 0.038
4 0.824 0.895 0.072 0.05
4 0.414 0.895 0.102 0.054
5 0.233 0.706 0.082 0.06
3 0.619 0.197 0.008 0.196
3 0.619 0.443 0.008 0.134
3 0.74 0.347 0.148 0.006
3 0.813 0.506 0.008 0.318
3 0.74 0.545 0.148 0.006
3 0.801 0.606 0.008 0.122
3 0.504 0.545 0.128 0.006
3 0.441 0.606 0.008 0.122
3 0.463 0.347 0.216 0.006
3 0.39 0.506 0.008 0.318
3 0.824 0.774 0.008 0.154
3 0.414 0.774 0.008 0.154
3 0.233 0.491 0.008 0.39
3 0.233 0.866 0.008 0.256
3 0.494 0.995 0.512 0.006
6 0.533 0.51 0.934 0.588
6 0.54 0.521 0.762 0.522