0 0.37797619047619047 0.9375 0.07142857142857142 0.05952380952380952
2 0.37797619047619047 0.6617063492063492 0.09126984126984126 0.05952380952380952
2 0.37797619047619047 0.4652777777777778 0.09126984126984126 0.05952380952380952
5 0.1746031746031746 0.3333333333333333 0.04563492063492063 0.037698412698412696
5 0.5813492063492064 0.3333333333333333 0.04563492063492063 0.037698412698412696
4 0.1746031746031746 0.11805555555555555 0.07142857142857142 0.0496031746031746
4 0.5813492063492064 0.11805555555555555 0.10119047619047619 0.05357142857142857
5 0.7609126984126984 0.3055555555555556 0.08134920634920635 0.05952380952380952
3 0.37797619047619047 0.810515873015873 0.007936507936507936 0.19444444444444445
3 0.37797619047619047 0.566468253968254 0.007936507936507936 0.13293650793650794
3 0.25793650793650796 0.6617063492063492 0.14682539682539683 0.005952380952380952
3 0.18551587301587302 0.503968253968254 0.007936507936507936 0.31547619047619047
3 0.25793650793650796 0.4652777777777778 0.14682539682539683 0.005952380952380952
3 0.1974206349206349 0.40476190476190477 0.007936507936507936 0.12103174603174603
3 0.49206349206349204 0.4652777777777778 0.12698412698412698 0.005952380952380952
3 0.5545634920634921 0.40476190476190477 0.007936507936507936 0.12103174603174603
3 0.5327380952380952 0.6617063492063492 0.21428571428571427 0.005952380952380952
3 0.6051587301587301 0.503968253968254 0.007936507936507936 0.31547619047619047
3 0.1746031746031746 0.23809523809523808 0.007936507936507936 0.1527777777777778
3 0.5813492063492064 0.23809523809523808 0.007936507936507936 0.1527777777777778
3 0.7609126984126984 0.5188492063492064 0.007936507936507936 0.3869047619047619
3 0.7609126984126984 0.14682539682539683 0.007936507936507936 0.25396825396825395
3 0.501984126984127 0.018849206349206348 0.5079365079365079 0.005952380952380952
6 0.4632936507936508 0.5 0.9265873015873016 0.5833333333333334
6 0.45634920634920634 0.48908730158730157 0.7559523809523809 0.5178571428571429