0 0.6462655601659751 0.05912863070539419 0.07468879668049792 0.06224066390041494
2 0.6462655601659751 0.3475103734439834 0.0954356846473029 0.06224066390041494
2 0.6462655601659751 0.5529045643153527 0.0954356846473029 0.06224066390041494
5 0.8589211618257261 0.6908713692946058 0.04771784232365145 0.03941908713692946
5 0.4336099585062241 0.6908713692946058 0.04771784232365145 0.03941908713692946
4 0.8589211618257261 0.9159751037344398 0.07468879668049792 0.05186721991701245
4 0.4336099585062241 0.9159751037344398 0.10580912863070539 0.056016597510373446
5 0.245850622406639 0.7199170124481328 0.08506224066390042 0.06224066390041494
3 0.6462655601659751 0.19190871369294607 0.008298755186721992 0.2033195020746888
3 0.6462655601659751 0.4470954356846473 0.008298755186721992 0.13900414937759337
3 0.7717842323651453 0.3475103734439834 0.15352697095435686 0.006224066390041493
3 0.8475103734439834 0.5124481327800829 0.008298755186721992 0.32987551867219916
3 0.7717842323651453 0.5529045643153527 0.15352697095435686 0.006224066390041493
3 0.8350622406639004 0.6161825726141079 0.008298755186721992 0.12655601659751037
3 0.5269709543568465 0.5529045643153527 0.13278008298755187 0.006224066390041493
3 0.4616182572614108 0.6161825726141079 0.008298755186721992 0.12655601659751037
3 0.48443983402489627 0.3475103734439834 0.22406639004149378 0.006224066390041493
3 0.4087136929460581 0.5124481327800829 0.008298755186721992 0.32987551867219916
3 0.8589211618257261 0.7904564315352697 0.008298755186721992 0.15975103734439833
3 0.4336099585062241 0.7904564315352697 0.008298755186721992 0.15975103734439833
3 0.245850622406639 0.49688796680497926 0.008298755186721992 0.4045643153526971
3 0.24688796680497926 0.8765560165975104 0.008298755186721992 0.24688796680497926
6 0.5363070539419087 0.516597510373444 0.9273858921161826 0.6099585062240664
6 0.5643153526970954 0.5280082987551867 0.7904564315352697 0.5414937759336099