0 0.3649789029535865 0.9810126582278481 0.0759493670886076 0.0379746835443038
2 0.36603375527426163 0.6993670886075949 0.0970464135021097 0.06329113924050633
2 0.36603375527426163 0.49050632911392406 0.0970464135021097 0.06329113924050633
5 0.14978902953586498 0.350210970464135 0.04852320675105485 0.04008438818565401
5 0.5822784810126582 0.350210970464135 0.04852320675105485 0.04008438818565401
4 0.14978902953586498 0.12130801687763713 0.0759493670886076 0.052742616033755275
4 0.5822784810126582 0.12130801687763713 0.10759493670886076 0.056962025316455694
5 0.7732067510548524 0.3206751054852321 0.08649789029535865 0.06329113924050633
3 0.36603375527426163 0.8575949367088608 0.008438818565400843 0.20675105485232068
3 0.36603375527426163 0.5981012658227848 0.008438818565400843 0.14135021097046413
3 0.23839662447257384 0.6993670886075949 0.15611814345991562 0.006329113924050633
3 0.16139240506329114 0.5316455696202531 0.008438818565400843 0.33544303797468356
3 0.23839662447257384 0.49050632911392406 0.15611814345991562 0.006329113924050633
3 0.17405063291139242 0.42616033755274263 0.008438818565400843 0.12869198312236288
3 0.4873417721518987 0.49050632911392406 0.1350210970464135 0.006329113924050633
3 0.5537974683544303 0.42616033755274263 0.008438818565400843 0.12869198312236288
3 0.5305907172995781 0.6993670886075949 0.22784810126582278 0.006329113924050633
3 0.6075949367088608 0.5316455696202531 0.008438818565400843 0.33544303797468356
3 0.14978902953586498 0.2489451476793249 0.008438818565400843 0.16244725738396623
3 0.5822784810126582 0.2489451476793249 0.008438818565400843 0.16244725738396623
3 0.7732067510548524 0.5474683544303798 0.008438818565400843 0.41139240506329117
3 0.7732067510548524 0.1518987341772152 0.008438818565400843 0.270042194092827
3 0.4978902953586498 0.015822784810126583 0.540084388185654 0.006329113924050633
6 0.47468354430379744 0.5274261603375527 0.9493670886075949 0.620253164556962
6 0.44936708860759494 0.5158227848101266 0.8037974683544303 0.5506329113924051