0 0.603125 0.9239583333333333 0.075 0.0625
2 0.603125 0.634375 0.09583333333333334 0.0625
2 0.603125 0.428125 0.09583333333333334 0.0625
5 0.8166666666666667 0.28958333333333336 0.04791666666666667 0.03958333333333333
5 0.38958333333333334 0.28958333333333336 0.04791666666666667 0.03958333333333333
4 0.8166666666666667 0.06354166666666666 0.075 0.052083333333333336
4 0.38958333333333334 0.06354166666666666 0.10625 0.05625
5 0.20104166666666667 0.2604166666666667 0.08541666666666667 0.0625
3 0.603125 0.790625 0.008333333333333333 0.20416666666666666
3 0.603125 0.534375 0.008333333333333333 0.13958333333333334
3 0.7291666666666666 0.634375 0.15416666666666667 0.00625
3 0.8052083333333333 0.46875 0.008333333333333333 0.33125
3 0.7291666666666666 0.428125 0.15416666666666667 0.00625
3 0.7927083333333333 0.3645833333333333 0.008333333333333333 0.12708333333333333
3 0.48333333333333334 0.428125 0.13333333333333333 0.00625
3 0.41770833333333335 0.3645833333333333 0.008333333333333333 0.12708333333333333
3 0.440625 0.634375 0.225 0.00625
3 0.3645833333333333 0.46875 0.008333333333333333 0.33125
3 0.8166666666666667 0.18958333333333333 0.008333333333333333 0.16041666666666668
3 0.38958333333333334 0.18958333333333333 0.008333333333333333 0.16041666666666668
3 0.20104166666666667 0.484375 0.008333333333333333 0.40625
3 0.20208333333333334 0.11354166666666667 0.008333333333333333 0.22708333333333333
6 0.5135416666666667 0.46458333333333335 0.9729166666666667 0.6125
6 0.5208333333333334 0.453125 0.79375 0.54375