0 0.0701219512195122 0.36077235772357724 0.06097560975609756 0.07317073170731707
2 0.35264227642276424 0.36077235772357724 0.06097560975609756 0.09349593495934959
2 0.5538617886178862 0.36077235772357724 0.06097560975609756 0.09349593495934959
5 0.6890243902439024 0.1524390243902439 0.03861788617886179 0.046747967479674794
5 0.6890243902439024 0.5691056910569106 0.03861788617886179 0.046747967479674794
4 0.9095528455284553 0.1524390243902439 0.0508130081300813 0.07317073170731707
4 0.9095528455284553 0.5691056910569106 0.054878048780487805 0.10365853658536585
5 0.717479674796748 0.7530487804878049 0.06097560975609756 0.08333333333333333
3 0.20020325203252032 0.36077235772357724 0.1991869918699187 0.008130081300813009
3 0.4502032520325203 0.36077235772357724 0.13617886178861788 0.008130081300813009
3 0.35264227642276424 0.23780487804878048 0.006097560975609756 0.15040650406504066
3 0.5142276422764228 0.16361788617886178 0.3231707317073171 0.008130081300813009
3 0.5538617886178862 0.23780487804878048 0.006097560975609756 0.15040650406504066
3 0.6158536585365854 0.1758130081300813 0.12398373983739837 0.008130081300813009
3 0.5538617886178862 0.47764227642276424 0.006097560975609756 0.13008130081300814
3 0.6158536585365854 0.5416666666666666 0.12398373983739837 0.008130081300813009
3 0.35264227642276424 0.5193089430894309 0.006097560975609756 0.21951219512195122
3 0.5142276422764228 0.5934959349593496 0.3231707317073171 0.008130081300813009
3 0.7865853658536586 0.1524390243902439 0.1565040650406504 0.008130081300813009
3 0.7865853658536586 0.5691056910569106 0.1565040650406504 0.008130081300813009
3 0.49898373983739835 0.7530487804878049 0.39634146341463417 0.008130081300813009
3 0.875 0.7520325203252033 0.25 0.008130081300813009
6 0.5182926829268293 0.4613821138211382 0.5975609756097561 0.9227642276422764
6 0.5294715447154471 0.4410569105691057 0.5304878048780488 0.774390243902439