0 0.9267578125 0.3779296875 0.05859375 0.0703125
2 0.6552734375 0.3779296875 0.05859375 0.08984375
2 0.4619140625 0.3779296875 0.05859375 0.08984375
5 0.33203125 0.177734375 0.037109375 0.044921875
5 0.33203125 0.578125 0.037109375 0.044921875
4 0.1201171875 0.177734375 0.048828125 0.0703125
4 0.1201171875 0.578125 0.052734375 0.099609375
5 0.3046875 0.7548828125 0.05859375 0.080078125
3 0.8017578125 0.3779296875 0.19140625 0.0078125
3 0.5615234375 0.3779296875 0.130859375 0.0078125
3 0.6552734375 0.259765625 0.005859375 0.14453125
3 0.5 0.1884765625 0.310546875 0.0078125
3 0.4619140625 0.259765625 0.005859375 0.14453125
3 0.40234375 0.2001953125 0.119140625 0.0078125
3 0.4619140625 0.490234375 0.005859375 0.125
3 0.40234375 0.5517578125 0.119140625 0.0078125
3 0.6552734375 0.5302734375 0.005859375 0.2109375
3 0.5 0.6015625 0.310546875 0.0078125
3 0.23828125 0.177734375 0.150390625 0.0078125
3 0.23828125 0.578125 0.150390625 0.0078125
3 0.5146484375 0.7548828125 0.380859375 0.0078125
3 0.1484375 0.7548828125 0.25 0.0078125
3 0.0224609375 0.5 0.005859375 0.5
6 0.4951171875 0.458984375 0.57421875 0.91796875
6 0.4853515625 0.455078125 0.509765625 0.744140625