0 0.07067510548523206 0.39345991561181437 0.06329113924050633 0.0759493670886076
2 0.3639240506329114 0.39345991561181437 0.06329113924050633 0.0970464135021097
2 0.5727848101265823 0.39345991561181437 0.06329113924050633 0.0970464135021097
5 0.7130801687763713 0.17721518987341772 0.04008438818565401 0.04852320675105485
5 0.7130801687763713 0.609704641350211 0.04008438818565401 0.04852320675105485
4 0.9419831223628692 0.17721518987341772 0.052742616033755275 0.0759493670886076
4 0.9419831223628692 0.609704641350211 0.056962025316455694 0.10759493670886076
5 0.7426160337552743 0.8006329113924051 0.06329113924050633 0.08649789029535865
3 0.20569620253164558 0.39345991561181437 0.20675105485232068 0.008438818565400843
3 0.4651898734177215 0.39345991561181437 0.14135021097046413 0.008438818565400843
3 0.3639240506329114 0.26582278481012656 0.006329113924050633 0.15611814345991562
3 0.5316455696202531 0.18881856540084388 0.33544303797468356 0.008438818565400843
3 0.5727848101265823 0.26582278481012656 0.006329113924050633 0.15611814345991562
3 0.6371308016877637 0.20147679324894516 0.12869198312236288 0.008438818565400843
3 0.5727848101265823 0.5147679324894515 0.006329113924050633 0.1350210970464135
3 0.6371308016877637 0.5812236286919831 0.12869198312236288 0.008438818565400843
3 0.3639240506329114 0.5580168776371308 0.006329113924050633 0.22784810126582278
3 0.5316455696202531 0.6350210970464135 0.33544303797468356 0.008438818565400843
3 0.8143459915611815 0.17721518987341772 0.16244725738396623 0.008438818565400843
3 0.8143459915611815 0.609704641350211 0.16244725738396623 0.008438818565400843
3 0.5158227848101266 0.8006329113924051 0.41139240506329117 0.008438818565400843
3 0.8881856540084389 0.79957805907173 0.22362869198312235 0.008438818565400843
6 0.5358649789029536 0.4883966244725738 0.620253164556962 0.9767932489451476
6 0.5474683544303798 0.4767932489451477 0.5506329113924051 0.8037974683544303