0 0.07911392405063292 0.3850210970464135 0.06329113924050633 0.0759493670886076
2 0.37236286919831224 0.3850210970464135 0.06329113924050633 0.0970464135021097
2 0.5812236286919831 0.3850210970464135 0.06329113924050633 0.0970464135021097
5 0.7215189873417721 0.16877637130801687 0.04008438818565401 0.04852320675105485
5 0.7215189873417721 0.6012658227848101 0.04008438818565401 0.04852320675105485
4 0.95042194092827 0.16877637130801687 0.052742616033755275 0.0759493670886076
4 0.95042194092827 0.6012658227848101 0.056962025316455694 0.10759493670886076
5 0.7510548523206751 0.7921940928270043 0.06329113924050633 0.08649789029535865
3 0.2141350210970464 0.3850210970464135 0.20675105485232068 0.008438818565400843
3 0.47362869198312235 0.3850210970464135 0.14135021097046413 0.008438818565400843
3 0.37236286919831224 0.25738396624472576 0.006329113924050633 0.15611814345991562
3 0.540084388185654 0.18037974683544303 0.33544303797468356 0.008438818565400843
3 0.5812236286919831 0.25738396624472576 0.006329113924050633 0.15611814345991562
3 0.6455696202531646 0.1930379746835443 0.12869198312236288 0.008438818565400843
3 0.5812236286919831 0.5063291139240507 0.006329113924050633 0.1350210970464135
3 0.6455696202531646 0.5727848101265823 0.12869198312236288 0.008438818565400843
3 0.37236286919831224 0.54957805907173 0.006329113924050633 0.22784810126582278
3 0.540084388185654 0.6265822784810127 0.33544303797468356 0.008438818565400843
3 0.8227848101265823 0.16877637130801687 0.16244725738396623 0.008438818565400843
3 0.8227848101265823 0.6012658227848101 0.16244725738396623 0.008438818565400843
3 0.5242616033755274 0.7921940928270043 0.41139240506329117 0.008438818565400843
3 0.8924050632911392 0.7911392405063291 0.21518987341772153 0.008438818565400843
6 0.5443037974683544 0.48417721518987344 0.620253164556962 0.9683544303797469
6 0.5559071729957806 0.46835443037974683 0.5506329113924051 0.8037974683544303