0 0.9583333333333334 0.3648373983739837 0.06097560975609756 0.07317073170731707
2 0.6758130081300813 0.3648373983739837 0.06097560975609756 0.09349593495934959
2 0.47459349593495936 0.3648373983739837 0.06097560975609756 0.09349593495934959
5 0.3394308943089431 0.1565040650406504 0.03861788617886179 0.046747967479674794
5 0.3394308943089431 0.573170731707317 0.03861788617886179 0.046747967479674794
4 0.11890243902439024 0.1565040650406504 0.0508130081300813 0.07317073170731707
4 0.11890243902439024 0.573170731707317 0.054878048780487805 0.10365853658536585
5 0.31097560975609756 0.7571138211382114 0.06097560975609756 0.08333333333333333
3 0.8282520325203252 0.3648373983739837 0.1991869918699187 0.008130081300813009
3 0.5782520325203252 0.3648373983739837 0.13617886178861788 0.008130081300813009
3 0.6758130081300813 0.241869918699187 0.006097560975609756 0.15040650406504066
3 0.5142276422764228 0.1676829268292683 0.3231707317073171 0.008130081300813009
3 0.47459349593495936 0.241869918699187 0.006097560975609756 0.15040650406504066
3 0.41260162601626016 0.1798780487804878 0.12398373983739837 0.008130081300813009
3 0.47459349593495936 0.4817073170731707 0.006097560975609756 0.13008130081300814
3 0.41260162601626016 0.5457317073170732 0.12398373983739837 0.008130081300813009
3 0.6758130081300813 0.5233739837398373 0.006097560975609756 0.21951219512195122
3 0.5142276422764228 0.5975609756097561 0.3231707317073171 0.008130081300813009
3 0.241869918699187 0.1565040650406504 0.1565040650406504 0.008130081300813009
3 0.241869918699187 0.573170731707317 0.1565040650406504 0.008130081300813009
3 0.5294715447154471 0.7571138211382114 0.39634146341463417 0.008130081300813009
3 0.1483739837398374 0.7571138211382114 0.2601626016260163 0.008130081300813009
3 0.017276422764227643 0.491869918699187 0.006097560975609756 0.5203252032520326
6 0.5101626016260162 0.4634146341463415 0.5975609756097561 0.926829268292683
6 0.49898373983739835 0.4451219512195122 0.5304878048780488 0.774390243902439