0 0.9261811023622047 0.37893700787401574 0.05905511811023622 0.07086614173228346
2 0.6525590551181102 0.37893700787401574 0.05905511811023622 0.09055118110236221
2 0.45767716535433073 0.37893700787401574 0.05905511811023622 0.09055118110236221
5 0.32677165354330706 0.17716535433070865 0.03740157480314961 0.045275590551181105
5 0.32677165354330706 0.5807086614173228 0.03740157480314961 0.045275590551181105
4 0.11318897637795275 0.17716535433070865 0.04921259842519685 0.07086614173228346
4 0.11318897637795275 0.5807086614173228 0.0531496062992126 0.10039370078740158
5 0.2992125984251969 0.7588582677165354 0.05905511811023622 0.08070866141732283
3 0.8001968503937008 0.37893700787401574 0.19291338582677164 0.007874015748031496
3 0.5580708661417323 0.37893700787401574 0.13188976377952755 0.007874015748031496
3 0.6525590551181102 0.25984251968503935 0.005905511811023622 0.14566929133858267
3 0.49606299212598426 0.18799212598425197 0.31299212598425197 0.007874015748031496
3 0.45767716535433073 0.25984251968503935 0.005905511811023622 0.14566929133858267
3 0.39763779527559057 0.19980314960629922 0.12007874015748031 0.007874015748031496
3 0.45767716535433073 0.4921259842519685 0.005905511811023622 0.12598425196850394
3 0.39763779527559057 0.5541338582677166 0.12007874015748031 0.007874015748031496
3 0.6525590551181102 0.53248031496063 0.005905511811023622 0.2125984251968504
3 0.49606299212598426 0.6043307086614174 0.31299212598425197 0.007874015748031496
3 0.23228346456692914 0.17716535433070865 0.1515748031496063 0.007874015748031496
3 0.23228346456692914 0.5807086614173228 0.1515748031496063 0.007874015748031496
3 0.5108267716535433 0.7588582677165354 0.3838582677165354 0.007874015748031496
3 0.14173228346456693 0.7588582677165354 0.25196850393700787 0.007874015748031496
3 0.014763779527559055 0.5019685039370079 0.005905511811023622 0.5039370078740157
6 0.4921259842519685 0.46161417322834647 0.5787401574803149 0.9232283464566929
6 0.4812992125984252 0.4566929133858268 0.5137795275590551 0.75